8826,10.4454
8847,10.36095
8868,10.40083
8889,10.43132
8910,10.43836
8931,10.51108
8952,10.40552
8973,10.29762
8994,10.32576
9015,10.28823
9036,10.26243
9057,10.22959
9078,10.24366
9099,10.37972
9120,10.33515
9141,10.29292
9162,10.20613
9183,10.20848
9204,10.16626
9225,10.14749
9246,10.14984
9267,10.23428
9288,10.24132
9309,10.17798
9330,10.22959
9351,10.23428
9372,10.25774
9393,10.30935
9414,10.36799
9435,10.33984
9456,10.32342
9477,10.30231
9498,10.37503
9519,10.2812
9540,10.28354
9561,10.27416
9582,10.2249
9603,10.20613
9624,10.1123
9645,10.15218
9666,10.18971
9687,10.1123
9708,10.10527
9729,10.0865
9750,10.15218
9771,10.09354
9792,10.08885
9813,10.11934
9834,10.12872
9855,10.18971
9876,10.33515
9897,10.31638
9918,10.43132
9939,10.31638
9960,10.307
9981,10.37268
10002,10.49231
10023,10.44774
10044,10.48997
10065,10.4712
10086,10.41021
10107,10.50169
10128,10.44305
10149,10.39379
10170,10.40552
10191,10.39145
10212,10.26712
10233,10.29762
10254,10.18737
10275,9.980944
10296,9.992672
10317,9.910572
10338,9.870694
10359,9.77452
10380,9.739333
10401,9.7581
10422,9.739333
10443,9.816743
10464,9.74637
10485,9.629085
10506,9.711185
10527,9.753407
10548,9.755754
10569,9.668962
10590,9.701802
10611,9.830817
10632,9.800323
10653,9.659579
10674,9.816743
10695,9.889461
10716,9.90588
10737,9.896498
10758,9.980944
10779,9.917608
10800,9.995018
10821,9.985635
10842,9.980944
10863,9.948103
10884,10.0302
10905,10.02317
10926,9.999709
10947,9.884768
10968,9.926992
10989,10.0044
11010,9.919954
11031,9.866002
11052,9.9223
11073,9.964523
11094,9.98798
11115,9.863657
11136,9.833163
11157,9.840199
11178,9.840199
11199,9.776865
11220,9.802669
11241,9.732296
11262,9.690074
11283,9.769828
11304,9.753407
11325,9.851928
11346,9.781557
11367,9.793285
11388,9.866002
11409,9.934029
11430,9.919954
11451,9.795631
11472,9.849584
11493,9.915263
11514,9.840199
11535,9.657233
11556,9.683037
11577,9.776865
11598,9.591553
11619,9.678345
11640,9.868348
11661,9.661925
11682,9.474266
11703,9.596244
11724,9.866002
11745,9.788594
11766,9.469575
11787,9.610318
11808,9.772174
11829,9.450809
11850,9.429698
11871,9.650196
11892,9.683037
11913,9.38982
11934,9.432044
11955,9.645505
11976,9.539948
11997,9.342906
12018,9.530564
12039,9.514144
12060,9.321795
12081,9.249077
12102,9.413278
12123,9.436735
12144,9.324141
12165,9.317103
12186,9.392166
12207,9.481303
12228,9.303029
12249,9.216236
12270,9.375746
12291,9.361671
12312,9.141173
12333,9.091913
12354,9.15994
12375,9.227965
12396,9.052036
12417,9.066111
12438,9.115371
12459,9.13179
12480,9.042653
12501,9.181051
12522,9.152903
12543,9.080185
12564,9.087222
12585,9.204508
12606,9.070802
12627,9.253768
12648,9.267843
12669,9.249077
12690,9.19278
12711,9.272534
12732,9.272534
12753,9.181051
12774,9.199817
12795,9.127099
12816,9.113025
12837,8.998084
12858,9.00043
12879,9.00043
12900,8.962898
12921,8.918329
12942,8.899564
12963,8.808081
12984,8.786969
13005,8.829192
13026,8.932404
13047,8.967589
13068,8.911292
13089,8.932404
13110,9.009813
13131,9.059073
13152,9.115371
13173,9.044999
13194,9.054381
13215,9.084876
13236,9.178705
13257,9.199817
13278,9.138828
13299,9.127099
13320,9.166977
13341,9.640813
13362,9.279572
13383,9.096604
13404,9.263151
13425,9.174014
13446,8.974627
13467,8.95117
13488,9.028579
13509,8.948824
13530,9.012158
13551,9.021542
13572,9.005121
13593,8.986356
13614,8.962898
13635,8.981664
13656,9.019196
13677,9.134136
13698,9.281918
13719,9.267843
13740,9.195126
13761,9.256114
13782,9.366363
13803,9.345251
13824,9.408587
13845,9.739333
13866,9.894152
13887,10.0044
13908,10.09119
13929,10.21786
13950,10.13811
13971,10.1686
13992,10.34688
14013,10.24601
14034,10.10058
14055,10.17798
14076,10.24836
14097,10.02317
14118,9.948103
14139,9.973906
14160,9.929338
14181,9.805015
14202,9.694765
14224,9.736988
14245,9.767483
14266,9.636122
14287,9.448463
14308,9.558713
14329,9.671308
14350,9.605627
14371,9.584516
14392,9.591553
14413,9.443772
14434,9.392166
14455,9.683037
14476,9.600936
14497,9.298337
14518,9.40624
14539,9.518835
14560,9.584516
14581,9.298337
14602,9.27488
14623,9.293646
14644,9.410933
14665,9.425007
14686,9.521181
14707,9.420315
14728,9.359325
14749,9.328832
14770,9.469575
14791,9.554022
14812,9.530564
14833,9.446118
14854,9.481303
14875,9.605627
14896,9.636122
14917,9.619701
14938,9.643159
14959,9.673654
14980,9.736988
15001,9.708839
15022,9.666616
15043,9.739333
15064,9.713531
15085,9.760445
15106,9.828471
15127,9.837853
15148,9.863657
15169,9.912917
15190,9.985635
15211,9.910572
15232,9.926992
15253,9.901189
15274,9.901189
15295,9.936375
15316,9.898843
15337,9.884768
15358,9.978598
15379,9.990326
15400,9.980944
15421,9.9223
15442,9.98329
15463,9.952795
15484,9.844892
15505,9.959831
15526,9.948103
15547,10.00909
15568,9.999709
15589,10.07243
15610,10.02317
15631,9.934029
15652,10.0044
15673,10.01613
15694,10.04193
15715,10.09823
15736,10.17564
15757,10.12638
15778,10.3891
15799,10.29292
15820,10.18033
15841,10.35157
15862,10.26947
15883,10.40552
15904,10.38441
15925,10.35861
15946,10.30935
15967,10.23428
15988,10.21786
16009,10.17798
16030,10.23663
16051,10.13811
16072,10.13811
16093,10.24836
16114,10.34219
16135,10.23897
16156,10.23428
16177,10.35861
16198,10.33515
16219,10.41256
16240,10.54157
16261,10.49231
16282,10.57441
16303,10.62367
16324,10.72454
16345,10.86528
16366,10.86059
16387,10.94973
16408,10.97084
16429,11.07405
16450,11.15146
16471,11.09282
16492,11.14442
16513,11.08813
16534,11.00837
16555,10.97084
16576,10.84183
16597,10.79491
16618,10.73627
16639,10.70812
16660,10.67997
16681,10.65886
16702,10.60725
16723,10.5533
16744,10.5838
16765,10.48058
16786,10.5838
16807,10.6096
16828,10.58145
16849,10.66824
16870,10.60491
16891,10.57676
16912,10.62367
16933,10.6354
16954,10.6096
16975,10.67762
16996,10.54157
17017,10.49935
17038,10.55565
17059,10.50404
17080,10.497
17101,10.31404
17122,10.29292
17143,10.2812
17164,10.09823
17185,10.04662
17206,9.915263
17227,9.849584
17248,9.7581
17269,9.673654
17290,9.652542
17311,9.425007
17332,9.385129
17353,9.453156
17374,9.387475
17395,9.352288
17416,9.319448
17437,9.368709
17458,9.314757
17479,9.2913
17500,9.272534
17521,9.354634
17542,9.347597
17563,9.471921
17584,9.40624
17605,9.455501
17626,9.629085
17647,9.680691
17668,9.671308
17689,9.701802
17710,9.687728
17731,9.645505
17752,9.7581
17773,9.732296
17794,9.687728
17815,9.708839
17836,9.673654
17857,9.690074
17878,9.605627
17899,9.584516
17920,9.568096
17941,9.551676
17962,9.54933
17983,9.429698
18004,9.514144
18025,9.485995
18046,9.380438
18067,9.331178
18088,9.410933
18109,9.312411
18130,9.319448
18151,9.507107
18172,9.354634
18193,9.24204
18214,9.23031
18235,9.471921
18256,9.476612
18277,9.457847
18298,9.509453
18319,9.535255
18340,9.422661
18361,9.434389
18382,9.645505
18403,9.617355
18424,9.525873
18445,9.509453
18466,9.699456
18487,9.718222
18508,9.673654
18529,9.762791
18550,9.629085
18571,9.657233
18592,9.751062
18613,9.701802
18634,9.762791
18655,9.7581
18676,9.854274
18697,9.800323
18718,9.891806
18739,9.833163
18760,9.699456
18781,9.802669
18802,9.870694
18823,9.729951
18844,9.80736
18865,9.826125
18886,9.739333
18907,9.713531
18928,9.739333
18949,9.866002
18970,9.819089
18991,9.732296
19012,9.629085
19033,9.692419
19054,9.676
19075,9.577478
19096,9.589207
19117,9.518835
19138,9.443772
19159,9.591553
19180,9.41797
19201,9.453156
19222,9.410933
19243,9.279572
19264,9.246731
19285,9.227965
19306,9.185742
19327,9.197471
19348,9.174014
19369,9.007467
19390,9.021542
19411,9.063765
19432,9.040307
19453,9.110679
19474,9.028579
19495,9.026234
19516,9.087222
19537,9.134136
19558,9.195126
19580,9.068456
19602,9.199817
19623,9.030925
19644,9.089567
19665,9.174014
19686,9.03327
19707,9.009813
19728,8.962898
19749,8.890181
19770,8.880798
19791,8.899564
19812,8.831537
19833,8.789314
19854,8.754128
19875,8.906601
19896,8.937096
19917,8.969935
19938,8.986356
19959,9.138828
19980,9.368709
20001,9.544639
20022,9.277225
20043,9.331178
20064,9.425007
20085,9.382783
20106,9.441426
20127,9.401549
20148,9.453156
20169,9.375746
20190,9.460192
20211,9.382783
20232,9.295992
20253,9.366363
20274,9.204508
20295,9.237348
20316,9.312411
20337,9.300683
20358,9.216236
20379,9.105988
20400,9.040307
20421,9.047344
20442,9.080185
20463,9.127099
20484,9.030925
20505,8.852649
20526,8.937096
20547,9.096604
20568,9.030925
20589,9.13179
20610,9.138828
20631,9.213891
20652,9.213891
20673,9.467229
20694,9.471921
20715,9.514144
20736,9.530564
20757,9.59859
20778,9.56575
20799,9.701802
20820,9.805015
20841,9.612664
20862,9.720568
20883,9.823779
20904,9.973906
20925,9.779211
20946,9.957487
20967,9.80736
20988,9.898843
21009,9.945757
21030,10.05601
21051,10.07712
21072,10.09354
21093,10.20848
21114,10.2249
21135,10.2765
21156,10.12872
21177,10.13342
21198,10.37972
21219,10.23428
21240,10.13811
21261,10.0865
21282,10.08416
21303,9.924646
21324,9.889461
21345,10.01613
21366,10.01613
21387,9.896498
21408,9.87304
21429,9.966869
21450,9.919954
21471,9.854274
21492,9.61501
21513,9.652542
21534,9.779211
21555,9.772174
21576,9.521181
21597,9.410933
21618,9.603281
21639,9.676
21660,9.56575
21681,9.51649
21702,9.50007
21723,9.467229
21744,9.563404
21765,9.654888
21786,9.554022
21807,9.460192
21828,9.605627
21849,9.659579
21870,9.631431
21891,9.769828
21912,9.729951
21933,9.725259
21954,9.786248
21975,9.971561
21996,9.992672
22017,9.837853
22038,10.07008
22059,10.05366
22080,10.05601
22101,10.10761
22122,10.05835
22143,9.990326
22164,9.999709
22185,10.05132
22206,10.16391
22227,10.00675
22248,9.924646
22269,9.98329
22290,10.0044
22311,10.12638
22332,10.06305
22353,10.09119
22374,10.01378
22395,10.14984
22416,10.15218
22437,10.26008
22458,10.29996
22479,10.34688
22500,10.31169
22521,10.34688
22542,10.37033
22563,10.4149
22584,10.39145
22605,10.49466
22626,10.56268
22647,10.41256
22668,10.50404
22689,10.54392
22710,10.42898
22731,10.36564
22752,10.32342
22773,10.33749
22794,10.25774
22815,10.36564
22836,10.42194
22857,10.39848
22878,10.41725
22899,10.34453
22920,10.33515
22941,10.31638
22962,10.35391
22983,10.38206
23004,10.34453
23025,10.33749
23046,10.41725
23067,10.50639
23088,10.43132
23109,10.36564
23130,10.33515
23151,10.48293
23172,10.57676
23193,10.47824
23214,10.46885
23235,10.4712
23256,10.45478
23277,10.49231
23298,10.4712
23319,10.42898
23340,10.35626
23361,10.35861
23382,10.29292
23403,10.23194
23424,10.26947
23445,10.23663
23466,10.18033
23487,10.08416
23508,10.17329
23529,10.15218
23550,10.19441
23571,10.17564
23592,10.2249
23613,10.1991
23634,10.26712
23655,10.22255
23676,10.27416
23697,10.1686
23718,10.13811
23739,10.1428
23760,10.19675
23781,10.23897
23802,10.25539
23823,10.28823
23844,10.31404
23865,10.17329
23886,10.12638
23907,10.04428
23928,10.06773
23949,10.07243
23970,9.971561
23991,10.03489
24012,9.90588
24033,9.957487
24054,10.01613
24075,9.959831
24096,9.919954
24117,9.980944
24138,10.04662
24159,9.919954
24180,9.912917
24201,10.02551
24222,9.955141
24243,9.962177
24264,10.04428
24285,10.0302
24306,10.08181
24327,10.02786
24348,10.14749
24369,10.21083
24390,10.21552
24411,10.23897
24432,10.33984
24453,10.2507
24474,10.32342
24495,10.27885
24516,10.42429
24537,10.46651
24558,10.56503
24579,10.51811
24600,10.60256
24621,10.67762
24642,10.65417
24663,10.62602
24684,10.60491
24705,10.60491
24726,10.56268
24747,10.55565
24768,10.61429
24789,10.53923
24810,10.65651
24831,10.64244
24852,10.55565
24873,10.39379
24894,10.3633
24915,10.39848
24936,10.27885
24957,10.2765
24978,10.05601
24999,10.01613
25020,9.976252
25041,10.02317
25062,9.795631
25083,9.645505
25104,9.800323
25125,9.626739
25146,9.493032
25167,9.439081
25188,9.809706
25209,9.568096
25230,9.2092
25251,9.380438
25272,9.821435
25293,9.382783
25314,9.054381
25335,9.246731
25356,9.490686
25377,9.202163
25398,8.93475
25419,9.237348
25440,9.227965
25461,8.822155
25482,8.747091
25503,9.115371
25524,8.979319
25545,8.657954
25566,8.897219
25587,9.108333
25608,8.93475
25629,8.657954
25650,8.672029
25671,8.890181
25692,9.08253
25713,8.810426
25734,8.794006
25755,9.094258
25776,9.199817
25797,9.084876
25818,9.117716
25839,9.235003
25860,9.288955
25881,9.134136
25902,9.059073
25923,9.204508
25944,9.35698
25965,9.188088
25986,9.218582
26007,9.413278
26028,9.38982
26049,9.310066
26070,9.382783
26091,9.448463
26112,9.352288
26133,9.38982
26154,9.410933
26175,9.319448
26196,9.41797
26217,9.518835
26238,9.572787
26259,9.483649
26280,9.401549
26301,9.48834
26322,9.530564
26343,9.554022
26364,9.471921
26385,9.476612
26406,9.518835
26427,9.544639
26448,9.561059
26469,9.523527
26490,9.528218
26511,9.457847
26532,9.401549
26553,9.460192
26574,9.375746
26595,9.335869
26616,9.38982
26637,9.300683
26658,9.455501
26679,9.352288
26700,9.420315
26721,9.23031
26742,9.279572
26763,9.281918
26784,9.246731
26805,9.246731
26826,9.267843
26847,9.352288
26868,9.30772
26889,9.30772
26910,9.38982
26931,9.359325
26952,9.41797
26973,9.394512
26994,9.427352
27015,9.410933
27036,9.434389
27057,9.441426
27078,9.539948
27099,9.48834
27120,9.415624
27141,9.303029
27162,9.303029
27183,9.328832
27204,9.352288
27225,9.202163
27246,9.223273
27267,9.145865
27288,9.169322
27309,9.138828
27330,9.15994
27351,9.054381
27372,8.986356
27393,9.04969
27414,9.059073
27435,9.13179
27456,9.117716
27477,8.955861
27498,9.026234
27519,9.054381
27540,9.087222
27561,9.120062
27582,9.24204
27603,9.171668
27624,9.206854
27645,9.354634
27666,9.35698
27687,9.441426
27708,9.481303
27729,9.476612
27750,9.41797
27771,9.589207
27792,9.586862
27813,9.474266
27834,9.589207
27855,9.359325
27876,9.298337
27897,9.235003
27918,9.188088
27939,9.220928
27960,9.218582
27981,9.24204
28002,9.113025
28023,9.27488
28044,9.223273
28065,9.070802
28086,9.096604
28107,9.249077
28128,9.244386
28149,9.2092
28170,9.288955
28191,9.335869
28212,9.246731
28233,9.25846
28254,9.368709
28275,9.457847
28296,9.413278
28317,9.568096
28338,9.502416
28359,9.514144
28380,9.685382
28401,9.795631
28422,9.776865
28443,9.657233
28464,9.769828
28485,9.633776
28506,9.556367
28527,9.823779
28548,9.772174
28569,9.844892
28590,9.847238
28611,9.964523
28632,9.971561
28653,10.04662
28674,10.28823
28695,10.3891
28716,10.34688
28737,10.26243
28758,10.21317
28779,10.25774
28800,10.35626
28821,10.31638
28842,10.19206
28863,10.35157
28884,10.32107
28905,10.27885
28926,10.15218
28947,10.23663
28968,10.21083
28989,10.15922
29010,10.15453
29031,10.1428
29052,10.09119
29073,10.23428
29094,10.08181
29115,9.966869
29136,10.08181
29157,10.1686
29178,10.11465
29199,10.0044
29220,9.866002
29241,9.959831
29262,9.971561
29283,9.910572
29304,9.915263
29325,9.781557
29346,9.783903
29367,9.694765
29388,9.586862
29409,9.701802
29430,9.866002
29451,10.03959
29472,10.12638
29493,10.06305
29514,10.117
29535,10.10527
29556,10.16391
29577,10.117
29598,10.15218
29619,10.13107
29640,10.1686
29661,10.19441
29682,10.02082
29703,9.959831
29724,9.950449
29745,9.985635
29766,10.17095
29787,10.17798
29808,10.08885
29829,10.08181
29850,10.05366
29871,10.13342
29892,10.15922
29913,10.17329
29934,10.18737
29955,10.29527
29976,10.33749
29997,10.19441
30018,10.16156
30039,10.15687
30060,10.27181
30081,10.39614
30102,10.40787
30123,10.51577
30144,10.57676
30165,10.46182
30186,10.45478
30207,10.4712
30228,10.45947
30249,10.60256
30270,10.51811
30291,10.42898
30312,10.44071
30334,10.33046
30357,10.16391
30378,10.20144
30399,10.1686
30420,10.14749
30441,10.24366
30462,10.25539
30483,10.13342
30504,10.117
30525,10.10527
30546,10.07712
30567,10.05601
30588,10.23897
30609,10.26712
30630,10.34219
30651,10.33749
30672,10.32811
30693,10.34922
30714,10.50873
30735,10.40787
30756,10.43132
30777,10.37033
30798,10.43367
30819,10.39614
30840,10.32576
30861,10.37737
30882,10.40552
30903,10.37972
30924,10.20848
30945,10.13576
30966,10.02551
30987,10.06305
31008,9.952795
31029,9.828471
31050,9.823779
31071,9.751062
31092,9.781557
31113,9.769828
31134,9.814397
31155,9.783903
31177,9.692419
31198,9.79094
31219,9.863657
31240,9.910572
31261,9.912917
31282,9.934029
31303,9.976252
31324,10.09588
31345,10.07946
31366,10.13811
31387,10.19441
31408,10.21786
31429,10.27885
31450,10.27885
31471,10.28354
31492,10.19441
31513,10.26478
31534,10.26712
31555,10.31873
31576,10.21786
31597,10.17798
31618,10.17329
31639,10.16626
31660,10.08885
31681,10.10292
31702,10.10761
31723,9.962177
31744,9.894152
31765,10.03959
31786,9.978598
31807,9.840199
31828,9.847238
31849,9.842546
31870,9.870694
31891,9.802669
31912,9.849584
31933,9.903535
31954,9.760445
31975,9.631431
31996,9.650196
32017,9.59859
32038,9.629085
32059,9.554022
32080,9.523527
32101,9.64785
32122,9.528218
32143,9.335869
32164,9.537601
32185,9.58217
32206,9.478958
32227,9.453156
32248,9.509453
32269,9.631431
32290,9.467229
32311,9.467229
32332,9.537601
32353,9.575133
32374,9.305374
32395,9.392166
32416,9.617355
32437,9.443772
32458,9.35698
32479,9.375746
32500,9.502416
32521,9.511798
32542,9.345251
32563,9.497724
32584,9.441426
32605,9.41797
32626,9.432044
32647,9.551676
32668,9.523527
32689,9.378092
32710,9.457847
32731,9.600936
32752,9.633776
32773,9.481303
32794,9.539948
32815,9.535255
32836,9.436735
32857,9.53291
32878,9.556367
32899,9.485995
32920,9.450809
32941,9.408587
32962,9.502416
32983,9.385129
33004,9.387475
33025,9.392166
33046,9.483649
33067,9.396858
33088,9.312411
33109,9.347597
33130,9.413278
33151,9.235003
33172,9.227965
33193,9.450809
33214,9.539948
33235,9.347597
33256,9.298337
33277,9.443772
33298,9.558713
33319,9.518835
33340,9.401549
33361,9.303029
33382,9.354634
33403,9.359325
33424,9.441426
33445,9.349943
33466,9.396858
33487,9.380438
33508,9.303029
33529,9.359325
33550,9.265497
33571,9.286609
33592,9.199817
33613,9.2092
33634,9.227965
33655,9.136482
33676,9.260805
33697,9.19278
33718,9.23031
33739,9.227965
33760,9.267843
33781,9.319448
33802,9.24204
33823,9.354634
33844,9.277225
33865,9.319448
33886,9.260805
33907,9.331178
33928,9.34056
33949,9.427352
33970,9.401549
33991,9.401549
34012,9.464884
34033,9.446118
34054,9.410933
34075,9.464884
34096,9.497724
34117,9.493032
34138,9.50007
34159,9.495378
34180,9.396858
34201,9.317103
34222,9.349943
34243,9.317103
34264,9.326486
34285,9.272534
34306,9.295992
34327,9.270188
34348,9.2913
34369,9.354634
34390,9.371055
34411,9.326486
34432,9.364017
34453,9.375746
34474,9.603281
34495,9.544639
34516,9.58217
34537,9.554022
34558,9.584516
34579,9.629085
34600,9.690074
34621,9.727605
34642,9.680691
34663,9.704147
34684,9.711185
34705,9.718222
34726,9.711185
34747,9.694765
34768,9.788594
34789,9.722914
34810,9.607973
34831,9.525873
34852,9.542293
34873,9.530564
34894,9.436735
34915,9.425007
34936,9.450809
34957,9.303029
34978,9.052036
34999,9.253768
35020,9.188088
35041,9.176359
35062,9.25846
35083,9.232656
35104,9.338214
35125,9.272534
35146,9.328832
35167,9.300683
35188,9.312411
35209,9.453156
35230,9.354634
35251,9.347597
35272,9.591553
35293,9.511798
35314,9.483649
35335,9.54933
35356,9.678345
35377,9.713531
35398,9.657233
35419,9.577478
35440,9.443772
35461,9.596244
35482,9.767483
35503,9.589207
35524,9.551676
35545,9.518835
35566,9.575133
35587,9.610318
35608,9.420315
35629,9.457847
35650,9.584516
35671,9.460192
35692,9.603281
35713,9.542293
35734,9.446118
35755,9.422661
35776,9.439081
35797,9.544639
35818,9.546985
35839,9.380438
35860,9.481303
35881,9.457847
35902,9.50007
35923,9.361671
35944,9.537601
35965,9.537601
35986,9.563404
36007,9.51649
36028,9.485995
36049,9.596244
36070,9.59859
36091,9.558713
36112,9.783903
36133,9.772174
36154,9.701802
36175,9.652542
36196,9.685382
36217,9.748716
36238,9.800323
36259,9.720568
36280,9.596244
36301,9.502416
36322,9.727605
36343,9.708839
36364,9.720568
36385,9.584516
36406,9.671308
36427,9.706493
36448,9.556367
36469,9.593899
36490,9.769828
36511,9.687728
36532,9.607973
36553,9.786248
36574,9.809706
36595,9.896498
36616,9.908226
36637,9.875386
36658,9.919954
36679,9.80736
36700,9.901189
36721,9.889461
36742,9.917608
36763,9.957487
36784,9.830817
36805,9.915263
36826,9.90588
36847,10.07946
36868,10.04897
36889,10.07946
36910,9.978598
36931,10.0044
36952,10.07008
36973,10.09823
36994,10.09119
37015,10.15453
37036,10.14749
37057,10.20848
37078,10.10761
37099,10.16626
37120,10.30231
37141,10.23194
37162,10.3328
37183,10.28823
37204,10.26478
37225,10.26947
37246,10.40083
37267,10.41021
37288,10.3633
37309,10.43601
37330,10.42429
37351,10.45947
37372,10.46182
37393,10.36095
37414,10.37972
37435,10.34219
37456,10.32576
37477,10.32342
37498,10.32811
37519,10.30465
37540,10.37503
37561,10.27416
37582,10.24132
37603,10.31873
37624,10.30935
37645,10.25774
37666,10.26712
37687,10.26243
37708,10.31873
37729,10.1686
37750,10.26243
37771,10.28354
37792,10.32811
37813,10.25305
37834,10.30935
37855,10.29058
37876,10.33046
37897,10.28823
37918,10.28823
37939,10.37737
37960,10.3633
37981,10.2812
38002,10.31638
38023,10.36799
38044,10.22959
38065,10.22725
38086,10.2812
38107,10.19206
38128,10.22021
38149,10.10996
38170,10.05835
38191,10.10292
38212,10.04193
38233,10.09354
38254,10.117
38275,10.22255
38296,10.18033
38317,10.16391
38338,10.20848
38359,10.23428
38380,10.35861
38401,10.34453
38422,10.34453
38443,10.40317
38464,10.44305
38485,10.39145
38506,10.47355
38527,10.46885
38548,10.52515
38569,10.45478
38590,10.58145
38611,10.54157
38632,10.54861
38653,10.56503
38674,10.53219
38695,10.53923
38716,10.50404
38737,10.37268
38758,10.34688
38779,10.30935
38800,10.42429
38821,10.28589
38842,10.29996
38863,10.40083
38884,10.32107
38905,10.16626
38926,10.11465
38947,10.17798
38968,10.11465
38989,10.1428
39010,10.17329
39031,10.18502
39052,10.18033
39073,10.26478
39094,10.28354
39115,10.2507
39136,10.27885
39157,10.19206
39178,10.23663
39199,10.31873
39220,10.33046
39241,10.37268
39262,10.32107
39283,10.28354
39304,10.28589
39325,10.25305
39346,10.17798
39367,10.1428
39388,10.21786
39409,10.13107
39430,9.976252
39451,10.03724
39472,10.07712
39493,9.90588
39514,9.858966
39535,9.736988
39556,9.619701
39577,9.490686
39598,9.478958
39619,9.392166
39640,9.34056
39661,9.321795
39682,9.361671
39703,9.286609
39724,9.25846
39745,9.223273
39766,9.345251
39787,9.256114
39808,9.392166
39829,9.403895
39850,9.270188
39871,9.364017
39892,9.270188
39913,9.331178
39934,9.408587
39955,9.30772
39976,9.373401
39997,9.227965
40018,9.272534
40039,9.281918
40060,9.260805
40081,9.127099
40102,9.188088
40123,9.371055
40144,9.359325
40165,9.256114
40186,9.385129
40207,9.48834
40228,9.375746
40249,9.403895
40270,9.514144
40291,9.41797
40312,9.453156
40333,9.554022
40354,9.64785
40375,9.643159
40396,9.504761
40417,9.59859
40438,9.61501
40459,9.66427
40480,9.511798
40501,9.502416
40522,9.518835
40543,9.380438
40564,9.394512
40585,9.584516
40606,9.432044
40627,9.408587
40648,9.450809
40669,9.403895
40690,9.293646
40711,9.345251
40732,9.2913
40753,9.295992
40774,9.422661
40795,9.373401
40816,9.239694
40837,9.300683
40858,9.331178
40879,9.349943
40900,9.359325
40921,9.455501
40942,9.265497
40963,9.342906
40984,9.399203
41005,9.439081
41026,9.387475
41047,9.333523
41068,9.443772
41089,9.361671
41110,9.570441
41131,9.493032
41152,9.483649
41173,9.483649
41194,9.420315
41215,9.399203
41236,9.342906
41257,9.38982
41278,9.295992
41299,9.373401
41320,9.314757
41341,9.326486
41362,9.378092
41383,9.331178
41404,9.324141
41425,9.25846
41446,9.305374
41467,9.319448
41488,9.368709
41509,9.387475
41530,9.244386
41551,9.326486
41572,9.331178
41593,9.317103
41614,9.333523
41635,9.303029
41656,9.345251
41677,9.392166
41698,9.239694
41719,9.202163
41740,9.23031
41761,9.319448
41782,9.251423
41803,9.195126
41824,9.174014
41845,9.267843
41866,9.15994
41887,9.080185
41908,9.009813
41929,9.115371
41950,9.096604
41971,9.195126
41992,9.087222
42013,9.030925
42034,9.129445
42055,9.063765
42076,9.021542
42097,9.007467
42118,9.127099
42139,9.075493
42160,9.087222
42181,9.113025
42202,9.284263
42223,9.157594
42244,9.169322
42265,9.202163
42286,9.295992
42307,9.326486
42328,9.317103
42349,9.455501
42370,9.446118
42391,9.650196
42412,9.699456
42433,9.544639
42454,9.432044
42475,9.507107
42496,9.633776
42517,9.739333
42538,9.659579
42559,9.779211
42580,9.767483
42601,9.591553
42622,9.556367
42643,9.711185
42664,9.830817
42685,9.678345
42706,9.671308
42727,9.751062
42748,9.636122
42769,9.497724
42790,9.610318
42811,9.79094
42832,9.673654
42853,9.514144
42874,9.767483
42895,9.875386
42916,9.680691
42937,9.793285
42958,10.05835
42979,9.924646
43000,9.59859
43021,9.828471
43042,10.1428
43063,9.999709
43084,9.788594
43105,9.978598
43126,10.117
43147,9.908226
43168,10.02317
43189,10.23897
43210,10.21786
43231,10.0607
43252,9.995018
43273,10.21786
43294,10.24836
43315,10.19206
43336,9.971561
43357,9.966869
43378,9.999709
43399,9.884768
43420,9.858966
43441,9.861312
43462,9.908226
43483,9.901189
43504,9.802669
43525,9.887115
43546,9.931683
43567,9.910572
43588,9.809706
43609,9.776865
43630,9.896498
43651,9.884768
43672,9.851928
43693,9.898843
43714,9.854274
43735,9.77452
43756,9.819089
43777,9.802669
43798,9.90588
43819,9.830817
43840,9.748716
43861,9.690074
43882,9.90588
43903,9.915263
43924,9.945757
43945,9.870694
43966,9.978598
43987,10.02082
44008,9.98329
44029,10.08416
44050,10.12169
44071,10.20848
44092,10.10761
44113,10.15218
44134,10.10292
44155,10.17095
44176,10.24132
44197,10.26243
44218,10.23663
44239,10.17095
44260,10.34453
44281,10.31404
44302,10.32107
44323,10.31873
44344,10.28589
44365,10.28823
44386,10.2812
44407,10.39379
44428,10.33046
44449,10.28823
44470,10.30465
44491,10.35391
44512,10.307
44533,10.17329
44554,10.29058
44575,10.29996
44596,10.29762
44617,10.32342
44638,10.28823
44659,10.32811
44680,10.25305
44701,10.32107
44722,10.27181
44743,10.2765
44764,10.29292
44785,10.33046
44806,10.24601
44827,10.33984
44848,10.32342
44869,10.27416
44890,10.2249
44911,10.21317
44932,10.24366
44953,10.17329
44974,10.19206
44995,10.27181
45016,10.28823
45037,10.1428
45058,10.28823
45079,10.09823
45100,10.22725
45121,10.05601
45142,10.13107
45163,10.16626
45184,10.14749
45205,10.10761
45226,10.1686
45247,10.15922
45268,10.14984
45289,10.19675
45310,10.20848
45331,10.25305
45352,10.22725
45373,10.30935
45394,10.34453
45415,10.43132
45436,10.47589
45457,10.46885
45478,10.45713
45499,10.40083
45520,10.49231
45541,10.56503
45562,10.53453
45583,10.5533
45604,10.52281
45625,10.54861
45646,10.53923
45667,10.54157
45688,10.52046
45709,10.48997
45730,10.43367
45751,10.44774
45772,10.43836
45793,10.39848
45814,10.31169
45835,10.32107
45856,10.26712
45877,10.37033
45898,10.37503
45919,10.35157
45940,10.39379
45961,10.48762
45982,10.4454
46003,10.47824
46024,10.58145
46045,10.64713
46066,10.48528
46087,10.42429
46108,10.45478
46129,10.53453
46150,10.59787
46171,10.52515
46192,10.33046
46213,10.39848
46234,10.4149
46255,10.34922
46276,10.47824
46297,10.41256
46318,10.30231
46339,9.844892
46360,9.966869
46381,9.945757
46402,9.950449
46423,9.814397
46444,9.793285
46465,9.77452
46486,9.734642
46507,9.579824
46528,9.378092
46549,9.284263
46570,9.265497
46591,9.364017
46612,9.150557
46633,8.998084
46654,9.171668
46675,9.382783
46696,9.392166
46717,9.24204
46738,9.349943
46759,9.432044
46780,9.546985
46801,9.432044
46822,9.521181
46843,9.659579
46864,9.718222
46885,9.610318
46906,9.690074
46927,9.847238
46948,9.884768
46969,9.805015
46990,9.690074
47011,9.715877
47032,9.762791
47053,9.687728
47074,9.727605
47095,9.657233
47116,9.715877
47137,9.793285
47158,9.720568
47179,9.715877
47200,9.683037
47221,9.645505
47242,9.572787
47263,9.511798
47284,9.577478
47305,9.446118
47326,9.436735
47347,9.415624
47368,9.364017
47389,9.326486
47410,9.300683
47431,9.319448
47452,9.251423
47473,9.303029
47494,9.286609
47515,9.253768
47536,9.408587
47557,9.298337
47578,9.305374
47599,9.300683
47620,9.270188
47641,9.408587
47662,9.403895
47683,9.310066
47704,9.392166
47725,9.34056
47746,9.380438
47767,9.436735
47788,9.453156
47809,9.394512
47830,9.436735
47851,9.380438
47872,9.335869
47893,9.380438
47914,9.460192
47935,9.446118
47956,9.448463
47977,9.464884
47998,9.41797
48019,9.385129
48040,9.403895
48061,9.399203
48082,9.401549
48103,9.439081
48124,9.385129
48145,9.371055
48166,9.328832
48187,9.368709
48208,9.220928
48229,9.403895
48250,9.40624
48271,9.373401
48292,9.410933
48313,9.41797
48334,9.460192
48355,9.38982
48376,9.41797
48397,9.415624
48418,9.41797
48439,9.347597
48460,9.373401
48481,9.335869
48502,9.403895
48523,9.464884
48544,9.354634
48565,9.420315
48586,9.415624
48607,9.429698
48628,9.485995
48649,9.387475
48670,9.471921
48691,9.443772
48712,9.483649
48733,9.439081
48754,9.436735
48775,9.403895
48796,9.464884
48817,9.450809
48838,9.439081
48859,9.474266
48880,9.450809
48901,9.443772
48922,9.359325
48943,9.378092
48964,9.429698
48985,9.471921
49006,9.50007
49027,9.460192
49048,9.502416
49069,9.427352
49090,9.415624
49111,9.335869
49132,9.399203
49153,9.392166
49174,9.413278
49195,9.434389
49216,9.530564
49237,9.364017
49258,9.434389
49279,9.312411
49300,9.342906
49321,9.2913
49342,9.30772
49363,9.319448
49384,9.34056
49405,9.281918
49426,9.237348
49447,9.249077
49468,9.183396
49489,9.2092
49510,9.080185
49531,9.110679
49552,9.096604
49573,9.185742
49594,9.129445
49615,9.2092
49636,9.24204
49657,9.202163
49678,9.199817
49699,9.310066
49720,9.399203
49741,9.324141
49762,9.326486
49783,9.223273
49804,9.420315
49825,9.432044
49846,9.478958
49867,9.392166
49888,9.429698
49909,9.502416
49930,9.577478
49951,9.464884
49972,9.558713
49993,9.645505
50014,9.579824
50035,9.589207
50056,9.833163
50077,9.830817
50098,9.805015
50119,9.929338
50140,10.02786
50161,9.997364
50182,9.889461
50203,9.985635
50224,10.00909
50245,10.08885
50266,9.908226
50287,9.889461
50308,9.999709
50329,9.882422
50350,9.828471
50371,9.751062
50392,9.882422
50413,10.00206
50434,10.05835
50455,9.957487
50476,9.812052
50497,9.814397
50518,9.964523
50539,9.931683
50560,9.755754
50581,9.875386
50602,9.98798
50623,9.910572
50644,9.844892
50665,9.889461
50686,9.945757
50707,9.819089
50728,9.797977
50749,9.868348
50770,9.729951
50791,9.708839
50812,9.781557
50833,9.844892
50854,9.79094
50875,9.793285
50896,9.868348
50917,9.858966
50938,9.833163
50959,9.802669
50980,9.943413
51001,10.10996
51022,10.18268
51043,10.24132
51064,10.20613
51085,10.23663
51106,10.17798
51127,10.25774
51148,10.36564
51169,10.30465
51190,10.43836
51211,10.43132
51232,10.45009
51253,10.48997
51274,10.52515
51295,10.42429
51316,10.38675
51337,10.4149
51358,10.39848
51379,10.57207
51400,10.43132
51421,10.50873
51442,10.44071
51463,10.48762
51484,10.50639
51505,10.51108
51526,10.48997
51547,10.4454
51568,10.53453
51589,10.6096
51610,10.6354
51631,10.64244
51652,10.60491
51673,10.65651
51694,10.65417
51715,10.6659
51736,10.59552
51757,10.53453
51778,10.46651
51799,10.497
51820,10.49231
51844,10.50873
51869,10.51108
51890,10.47355
51911,10.39848
51932,10.48762
51953,10.49466
51974,10.47824
51995,10.50873
52016,10.53453
52037,10.61194
52058,10.6096
52079,10.54626
52100,10.51108
52121,10.48762
52142,10.55096
52163,10.65651
52184,10.56972
52205,10.56503
52226,10.48528
52247,10.51577
52268,10.52281
52289,10.43836
52310,10.47824
52331,10.41021
52352,10.4454
52373,10.46182
52394,10.41256
52415,10.35861
52436,10.52281
52457,10.42194
52478,10.37972
52499,10.33515
52520,10.41021
52541,10.37737
52562,10.36095
52583,10.40552
52604,10.43367
52625,10.37268
52646,10.40787
52667,10.45478
52688,10.50404
52709,10.48762
52730,10.48058
52751,10.48997
52772,10.54392
52793,10.51342
52814,10.54157
52835,10.5275
52856,10.60256
52877,10.64713
52898,10.71281
52919,10.73861
52940,10.71281
52961,10.56034
52982,10.59552
53003,10.66824
53024,10.57207
53045,10.39379
53066,10.45009
53087,10.31404
53108,10.39379
53129,10.14514
53150,10.04193
53171,10.11465
53192,9.990326
53213,9.943413
53234,10.04428
53255,9.966869
53276,9.966869
53297,9.870694
53318,9.802669
53339,9.760445
53360,9.61501
53381,9.603281
53402,9.661925
53423,9.537601
53444,9.507107
53465,9.464884
53486,9.485995
53508,9.27488
53529,9.281918
53550,9.478958
53571,9.399203
53592,9.206854
53613,9.115371
53634,9.211545
53655,9.190434
53676,9.176359
53697,9.300683
53718,9.263151
53739,9.084876
53760,9.096604
53781,9.101295
53802,9.014504
53823,8.974627
53844,9.080185
53865,9.00043
53886,8.899564
53907,9.019196
53928,9.035616
53949,9.174014
53970,9.174014
53991,9.030925
54012,9.129445
54033,9.080185
54054,9.143519
54075,9.141173
54096,9.014504
54117,9.077839
54138,9.009813
54159,9.15994
54180,9.087222
54201,9.028579
54222,9.120062
54243,9.2092
54264,9.312411
54285,9.305374
54306,9.272534
54327,9.460192
54348,9.51649
54369,9.469575
54390,9.349943
54411,9.378092
54432,9.373401
54453,9.474266
54474,9.48834
54495,9.319448
54516,9.354634
54537,9.392166
54558,9.432044
54579,9.396858
54600,9.300683
54621,9.385129
54642,9.392166
54663,9.394512
54684,9.422661
54705,9.410933
54726,9.403895
54747,9.467229
54768,9.392166
54789,9.427352
54810,9.387475
54831,9.321795
54852,9.305374
54873,9.310066
54894,9.263151
54915,9.284263
54936,9.263151
54957,9.197471
54978,9.260805
54999,9.317103
55020,9.284263
55041,9.166977
55062,9.174014
55083,9.136482
55104,9.176359
55125,9.220928
55146,9.122408
55167,9.244386
55188,9.218582
55209,9.237348
55230,9.225619
55251,9.227965
55272,9.148211
55293,9.155248
55314,9.211545
55335,9.2913
55356,9.349943
55377,9.347597
55398,9.281918
55419,9.288955
55440,9.27488
55461,9.392166
55482,9.312411
55503,9.354634
55524,9.347597
55545,9.361671
55566,9.328832
55587,9.185742
55608,9.35698
55629,9.34056
55650,9.213891
55671,9.101295
55692,9.249077
55713,9.35698
55734,9.152903
55755,9.162285
55776,9.190434
55797,9.249077
55818,9.265497
55839,9.244386
55860,9.324141
55881,9.359325
55902,9.429698
55923,9.399203
55944,9.605627
55965,9.722914
55986,9.610318
56007,9.692419
56028,9.755754
56049,9.652542
56070,9.769828
56091,9.98798
56112,9.819089
56133,9.851928
56154,9.938721
56175,9.797977
56196,9.783903
56217,9.997364
56238,9.805015
56259,9.643159
56280,9.678345
56301,9.772174
56322,9.765137
56343,9.678345
56364,9.795631
56385,9.847238
56406,9.690074
56427,9.66427
56448,9.851928
56469,9.861312
56490,9.880077
56511,9.685382
56532,9.668962
56553,9.727605
56574,9.814397
56595,9.668962
56616,9.589207
56637,9.607973
56658,9.692419
56679,9.56575
56700,9.41797
56721,9.504761
56742,9.535255
56763,9.48834
56784,9.382783
56805,9.434389
56826,9.490686
56847,9.51649
56868,9.572787
56889,9.544639
56910,9.612664
56931,9.74637
56952,9.659579
56973,9.56575
56994,9.638468
57015,9.779211
57036,9.765137
57057,9.666616
57078,9.751062
57099,9.772174
57120,9.844892
57141,9.769828
57162,9.66427
57183,9.767483
57204,10.05601
57225,9.941067
57246,9.938721
57267,9.990326
57288,10.18268
57309,10.27181
57330,10.20144
57351,10.11934
57372,10.22959
57393,10.22959
57414,10.29762
57435,10.27416
57456,10.32107
57477,10.23428
57498,10.25305
57519,10.29762
57540,10.25539
57561,10.14514
57582,10.15453
57603,10.16156
57624,10.06305
57645,10.07477
57666,9.969215
57687,10.03255
57708,10.13576
57729,10.10058
57750,10.04897
57771,10.08181
57792,10.117
57813,10.20848
57834,10.32342
57855,10.307
57876,10.33984
57897,10.26712
57918,10.38441
57939,10.3633
57960,10.44071
57981,10.38206
58002,10.29762
58023,10.29527
58044,10.28823
58065,10.18971
58086,10.20613
58107,10.17329
58128,10.29058
58149,10.19675
58170,10.22255
58191,10.25774
58212,10.3633
58233,10.20379
58254,10.18033
58275,10.23897
58296,10.16391
58317,10.19441
58338,10.2812
58359,10.26478
58380,10.28354
58401,10.24132
58422,10.20848
58443,10.2765
58464,10.40083
58485,10.41725
58506,10.4149
58527,10.42194
58548,10.41725
58569,10.3891
58590,10.34219
58611,10.33046
58632,10.32811
58653,10.33046
58674,10.50404
58695,10.56972
58716,10.46416
58737,10.33515
58758,10.34922
58779,10.1991
58800,10.09588
58821,10.1686
58842,10.28354
58863,10.25539
58884,10.31873
58905,10.33984
58926,10.44071
58947,10.4712
58968,10.49935
58989,10.45478
59010,10.57207
59031,10.6354
59052,10.61898
59073,10.68232
59094,10.71281
59115,10.82071
59136,10.82306
59157,10.85121
59178,10.90516
59199,10.83244
59220,10.89812
59241,10.93331
59262,10.76442
59283,10.80899
59304,10.69404
59325,10.65182
59346,10.64244
59367,10.4149
59388,10.41959
59409,10.39145
59430,10.3328
59451,10.26008
59472,10.13811
59493,10.1428
59514,10.10996
59535,10.17329
59556,10.11934
59577,10.04897
59598,10.01144
59619,9.973906
59640,9.936375
59661,9.971561
59682,9.854274
59703,9.776865
59724,9.77452
59745,9.736988
59766,9.821435
59787,9.694765
59808,9.657233
59829,9.671308
59850,9.640813
59871,9.570441
59892,9.633776
59913,9.509453
59934,9.453156
59955,9.394512
59976,9.504761
59997,9.277225
60018,9.183396
60039,9.265497
60060,9.349943
60081,9.185742
60102,9.150557
60123,9.073148
60144,9.206854
60165,9.176359
60186,9.084876
60207,9.155248
60228,9.25846
60249,9.263151
60270,9.145865
60291,9.288955
60312,9.401549
60333,9.392166
60354,9.364017
60375,9.312411
60396,9.349943
60417,9.378092
60438,9.432044
60459,9.485995
60480,9.535255
60501,9.478958
60522,9.38982
60543,9.375746
60564,9.469575
60585,9.474266
60606,9.439081
60627,9.50007
60648,9.422661
60669,9.441426
60690,9.331178
60711,9.420315
60732,9.575133
60753,9.483649
60774,9.575133
60795,9.558713
60816,9.453156
60837,9.399203
60858,9.542293
60879,9.671308
60900,9.539948
60921,9.514144
60942,9.736988
60963,9.835509
60984,9.783903
61005,9.715877
61026,9.788594
61047,9.786248
61068,9.844892
61089,9.80736
61110,9.704147
61131,9.713531
61152,9.66427
61173,9.593899
61194,9.554022
61215,9.563404
61236,9.507107
61257,9.528218
61278,9.530564
61299,9.528218
61320,9.450809
61341,9.410933
61362,9.366363
61383,9.40624
61404,9.347597
61425,9.392166
61446,9.260805
61467,9.263151
61488,9.239694
61509,9.284263
61530,9.164631
61551,9.305374
61572,9.15994
61593,9.2092
61614,9.239694
61635,9.303029
61656,9.157594
61677,9.169322
61698,9.223273
61719,9.293646
61740,9.270188
61761,9.239694
61782,9.166977
61803,9.211545
61824,9.223273
61845,9.239694
61866,9.113025
61887,9.023888
61908,9.009813
61929,8.890181
61950,8.897219
61971,9.063765
61992,9.037962
62013,9.01685
62034,8.988701
62055,8.923021
62076,8.930058
62097,8.969935
62118,9.059073
62139,9.035616
62160,9.005121
62181,9.044999
62202,9.066111
62223,9.298337
62244,9.211545
62265,9.220928
62286,9.171668
62307,9.148211
62328,9.227965
62349,9.279572
62370,9.277225
62391,9.211545
62412,9.195126
62433,9.260805
62454,9.321795
62475,9.190434
62496,9.277225
62517,9.166977
62538,9.141173
62559,9.23031
62580,9.176359
62601,9.148211
62622,9.08253
62643,9.145865
62664,9.134136
62685,9.176359
62706,9.27488
62727,9.2092
62748,9.136482
62769,9.277225
62790,9.25846
62811,9.244386
62832,9.2913
62853,9.387475
62874,9.361671
62895,9.483649
62916,9.706493
62937,9.633776
62958,9.600936
62979,9.80736
63000,9.931683
63021,9.943413
63042,9.924646
63063,9.985635
63084,10.22021
63105,10.18268
63126,10.0865
63147,10.12872
63168,10.19206
63189,10.09354
63210,10.08181
63231,10.16156
63252,9.999709
63273,9.917608
63294,10.08181
63315,10.12169
63336,9.938721
63357,9.962177
63378,9.908226
63399,9.917608
63420,9.861312
63441,9.870694
63462,9.823779
63483,9.861312
63504,9.880077
63525,9.849584
63546,9.776865
63567,9.584516
63588,9.523527
63609,9.748716
63630,9.715877
63651,9.528218
63672,9.373401
63693,9.645505
63714,9.90588
63735,9.744025
63756,9.748716
63777,9.887115
63798,9.844892
63819,9.805015
63840,9.812052
63861,9.837853
63882,9.739333
63903,9.751062
63924,9.706493
63945,9.676
63966,9.706493
63987,9.828471
64008,9.858966
64029,9.995018
64050,9.985635
64071,9.814397
64092,9.847238
64113,10.00909
64134,9.995018
64155,9.936375
64176,10.0302
64197,9.980944
64218,10.01613
64239,10.03489
64260,10.0607
64281,10.05601
64302,10.02082
64323,9.973906
64344,9.98798
64365,10.11465
64386,10.07946
64407,10.04193
64428,9.903535
64449,9.908226
64470,10.0044
64491,10.02551
64512,9.969215
64533,10.01613
64554,10.05835
64575,10.0302
64596,10.07946
64617,10.16626
64638,10.08181
64659,10.09823
64680,10.12638
64701,10.06773
64722,10.13107
64743,10.1686
64764,10.11465
64785,10.1123
64806,10.16156
64827,10.17564
64848,10.16156
64869,10.14984
64890,10.14749
64911,10.15218
64932,10.14749
64953,10.1686
64974,10.20144
64995,10.19675
65016,10.12169
65037,10.12872
65058,10.0865
65079,10.09823
65100,10.12403
65121,10.15687
65142,10.1686
65163,10.11465
65184,10.05366
65205,10.08416
65226,10.04897
65247,10.10058
65268,10.15453
65289,10.22255
65310,10.21786
65331,10.21083
65352,10.25539
65373,10.18268
65394,10.15922
65415,10.1991
65436,10.23663
65457,10.26243
65478,10.17095
65499,10.34453
65520,10.33984
65541,10.34688
65562,10.31404
65583,10.34453
65604,10.33046
65625,10.45713
65646,10.37972
65667,10.37737
65688,10.41256
65709,10.31169
65730,10.32576
65751,10.35157
65772,10.27181
65793,10.17798
65814,10.16391
65835,10.16626
65856,10.17798
65877,10.23897
65898,10.1686
65919,10.16391
65940,10.11465
65961,10.20613
65982,10.13342
66003,10.16391
66024,10.12403
66045,10.1686
66066,10.19441
66087,10.20613
66108,10.1428
66129,10.23897
66150,10.24132
66171,10.18268
66192,10.16626
66213,10.23897
66234,10.23663
66255,10.26243
66276,10.29527
66297,10.2507
66318,10.21786
66339,10.21083
66360,10.21083
66381,10.12638
66402,10.05601
66423,10.13576
66444,10.09588
66465,9.971561
66486,10.12872
66507,10.18033
66528,10.16626
66549,10.24836
66570,10.12169
66591,10.26712
66612,10.27416
66633,10.21552
66654,10.24132
66675,10.2812
66696,10.29292
66717,10.33515
66738,10.49935
66759,10.42429
66780,10.50873
66801,10.60022
66822,10.58849
66843,10.62836
66864,10.57441
66885,10.67059
66906,10.61898
66927,10.56972
66948,10.71516
66969,10.64947
66990,10.66824
67011,10.72923
67032,10.68701
67053,10.66355
67074,10.54626
67095,10.5838
67116,10.50404
67137,10.51108
67158,10.37268
67179,10.32811
67200,10.30465
67221,10.20379
67242,10.27416
67263,10.21786
67284,9.999709
67305,9.753407
67326,9.795631
67347,9.87304
67368,9.861312
67389,9.591553
67410,9.561059
67431,9.586862
67452,9.485995
67473,9.359325
67494,9.429698
67515,9.281918
67536,9.235003
67557,9.382783
67578,9.40624
67599,9.218582
67620,9.105988
67641,9.314757
67662,9.061419
67683,9.019196
67704,8.955861
67725,9.169322
67746,9.005121
67767,8.749437
67788,8.969935
67809,8.955861
67830,8.993393
67851,9.00043
67872,9.075493
67893,9.075493
67914,8.953515
67935,9.005121
67956,9.002776
67977,8.937096
67998,8.972281
68019,8.892527
68040,8.887836
68061,9.047344
68082,9.166977
68103,9.169322
68124,9.117716
68145,9.103642
68166,9.122408
68187,9.174014
68208,9.286609
68229,9.345251
68250,9.352288
68271,9.260805
68292,9.279572
68313,9.249077
68334,9.2092
68355,9.295992
68376,9.35698
68397,9.300683
68418,9.288955
68439,9.284263
68460,9.319448
68481,9.333523
68502,9.368709
68523,9.349943
68544,9.366363
68565,9.436735
68586,9.481303
68607,9.511798
68628,9.507107
68649,9.455501
68670,9.434389
68691,9.455501
68712,9.474266
68733,9.460192
68754,9.610318
68775,9.680691
68796,9.530564
68817,9.450809
68838,9.425007
68859,9.51649
68880,9.436735
68901,9.457847
68922,9.378092
68943,9.253768
68964,9.310066
68985,9.298337
69006,9.284263
69027,9.23031
69048,9.239694
69069,9.218582
69090,9.279572
69111,9.227965
69132,9.227965
69153,9.213891
69174,9.216236
69195,9.115371
69216,9.105988
69237,9.216236
69258,9.25846
69279,9.25846
69300,9.171668
69321,9.202163
69342,9.138828
69363,9.188088
69384,9.213891
69405,9.15994
69426,9.063765
69447,9.030925
69468,9.166977
69489,9.094258
69510,9.122408
69531,9.00043
69552,8.955861
69573,8.941787
69594,8.892527
69615,8.880798
69636,8.829192
69657,8.880798
69678,8.986356
69699,8.866723
69720,8.944133
69741,8.843266
69762,8.850304
69783,8.953515
69804,9.115371
69825,9.211545
69846,9.199817
69867,9.249077
69888,9.535255
69909,9.521181
69930,9.396858
69951,9.364017
69972,9.697111
69993,9.554022
70014,9.40624
70035,9.650196
70056,9.725259
70077,9.554022
70098,9.441426
70119,9.481303
70140,9.375746
70161,9.328832
70182,9.408587
70203,9.563404
70224,9.622047
70245,9.539948
70266,9.894152
70287,9.877731
70308,9.797977
70329,9.884768
70350,9.955141
70371,9.964523
70392,9.985635
70413,10.09823
70434,9.964523
70455,9.884768
70476,9.950449
70497,10.03255
70518,9.962177
70539,10.05601
70560,10.12403
70581,9.980944
70602,9.978598
70623,9.971561
70644,10.18268
70665,10.05835
70686,10.04662
70707,10.11465
70728,10.10292
70749,10.01613
70770,10.00909
70791,10.10058
70812,10.05601
70833,9.959831
70854,10.05132
70875,9.962177
70896,10.18033
70917,10.11465
70938,10.18502
70959,10.1686
70980,10.19675
71001,10.27416
71022,10.37737
71043,10.24132
71064,10.05601
71085,10.13107
71106,10.34688
71127,10.31404
71148,10.33749
71169,10.2765
71190,10.32107
71211,10.2507
71232,10.28354
71253,10.41725
71274,10.44305
71295,10.41021
71316,10.37972
71337,10.24601
71358,10.33749
71379,10.17798
71400,10.18971
71421,10.18971
71442,10.14984
71463,10.14984
71484,10.07243
71505,10.13107
71526,10.04662
71547,10.05601
71568,10.07243
71589,10.02551
71610,10.10058
71631,10.44774
71652,10.18033
71673,10.45478
71694,10.46182
71715,10.44305
71736,10.5838
71757,10.72923
71778,11.02714
71799,10.84183
71820,10.84417
71841,10.95442
71862,10.87467
71883,10.71985
71904,10.76911
71925,10.63775
71946,10.5275
71967,10.73158
71988,10.80899
72009,10.83479
72030,10.84886
72051,10.5275
72072,10.7175
72093,10.67762
72114,10.78318
72135,10.88405
72156,10.80664
72177,10.82306
72198,10.82071
72219,10.76442
72240,10.58849
72261,10.74331
72282,10.70577
72303,10.71516
72324,10.68232
72345,10.47824
72366,10.17329
72387,10.13811
72408,10.12872
72429,9.898843
72450,9.887115
72471,9.729951
72492,9.460192
72513,9.371055
72534,9.183396
72555,9.152903
72576,9.080185
72597,9.13179
72618,9.136482
72639,9.047344
72660,9.056727
72681,9.185742
72702,9.110679
72723,9.19278
72744,9.246731
72765,9.439081
72786,9.53291
72807,9.542293
72828,9.551676
72849,9.50007
72870,9.657233
72891,9.821435
72912,10.01378
72933,10.03255
72954,10.09354
72975,10.13576
72996,10.24366
73017,10.24836
73038,10.22021
73059,10.17329
73080,10.1686
73101,10.09588
73122,10.13576
73143,10.19675
73164,10.14514
73185,10.15922
73206,10.03489
73227,10.01378
73248,10.14514
73269,10.14514
73290,10.22021
73311,10.26243
73332,10.22959
73353,10.29292
73374,10.36095
73395,10.46416
73416,10.45244
73437,10.53453
73458,10.61429
73479,10.54157
73500,10.64244
73521,10.75034
73542,10.70108
73563,10.65182
73584,10.85824
73605,10.78318
73626,10.75972
73647,10.84886
73668,10.86528
73689,10.68232
73710,10.6659
73731,10.69874
73752,10.52046
73773,10.50873
73794,10.41256
73815,10.36095
73836,10.14984
73857,9.90588
73878,9.962177
73899,9.765137
73920,9.638468
73941,9.622047
73962,9.640813
73983,9.504761
74004,9.537601
74025,9.612664
74046,9.368709
74067,9.420315
74088,9.382783
74109,9.474266
74130,9.352288
74151,9.317103
74172,9.321795
74193,9.319448
74214,9.371055
74235,9.223273
74256,9.171668
74277,9.331178
74298,9.335869
74319,9.24204
74340,9.23031
74361,9.34056
74382,9.385129
74403,9.558713
74424,9.345251
74445,9.439081
74466,9.392166
74487,9.415624
74508,9.368709
74529,9.441426
74550,9.305374
74571,9.223273
74592,9.25846
74613,9.333523
74634,9.206854
74655,9.253768
74676,9.13179
74697,9.190434
74718,9.143519
74739,9.073148
74760,9.129445
74781,9.23031
74802,9.310066
74823,9.225619
74844,9.169322
74865,9.204508
74886,9.267843
74907,9.401549
74928,9.387475
74949,9.174014
74970,9.281918
74991,9.211545
75012,9.206854
75033,9.157594
75054,9.073148
75075,9.08253
75096,9.014504
75117,9.059073
75138,8.991047
75159,9.007467
75180,9.037962
75201,8.995738
75222,8.911292
75243,8.915984
75264,8.803389
75285,8.854995
75306,9.181051
75327,9.164631
75348,9.368709
75369,9.295992
75390,9.270188
75411,9.244386
75432,9.188088
75453,9.166977
75474,9.169322
75495,9.077839
75516,9.117716
75537,9.056727
75558,9.134136
75579,9.03327
75600,9.014504
75621,8.95117
75642,8.887836
75663,9.028579
75684,9.030925
75705,9.185742
75726,9.673654
75747,9.335869
75768,9.48834
75789,9.41797
75810,9.436735
75831,9.312411
75852,9.227965
75873,9.176359
75894,9.324141
75915,9.319448
75936,9.525873
75957,9.680691
75978,9.715877
75999,9.77452
76020,9.617355
76041,9.478958
76062,9.352288
76083,9.41797
76104,9.483649
76125,9.48834
76146,9.563404
76167,9.48834
76188,9.422661
76209,9.319448
76230,9.199817
76251,9.141173
76272,9.235003
76293,9.216236
76314,9.138828
76335,9.178705
76356,9.361671
76377,9.267843
76398,9.24204
76419,9.27488
76440,9.312411
76461,9.413278
76482,9.462538
76503,9.631431
76524,9.661925
76545,9.701802
76566,9.755754
76587,9.706493
76608,9.783903
76629,9.894152
76650,9.877731
76671,9.926992
76692,10.08416
76713,9.957487
76734,9.903535
76755,9.898843
76776,9.98329
76797,9.866002
76818,9.849584
76839,9.887115
76860,9.929338
76881,9.79094
76902,9.87304
76923,9.936375
76944,9.87304
76965,9.891806
76986,9.880077
77007,9.926992
77028,9.854274
77049,9.901189
77070,9.835509
77091,9.755754
77112,9.732296
77133,9.797977
77154,9.727605
77175,9.537601
77196,9.631431
77217,9.715877
77238,9.636122
77259,9.54933
77280,9.736988
77301,9.762791
77322,9.694765
77343,9.755754
77364,9.732296
77385,9.706493
77406,9.751062
77427,9.751062
77448,9.596244
77469,9.654888
77490,9.748716
77511,9.739333
77532,9.612664
77553,9.676
77574,9.666616
77595,9.596244
77616,9.650196
77637,9.692419
77658,9.765137
77679,9.7581
77700,9.816743
77721,9.783903
77742,9.851928
77763,9.769828
77784,9.870694
77805,9.926992
77826,9.889461
77847,10.02317
77868,9.999709
77889,10.15922
77910,10.117
77931,10.11934
77952,10.13342
77973,10.19441
77994,10.22255
78015,10.0865
78036,10.25539
78057,10.29762
78078,10.27416
78099,10.20379
78120,10.18737
78141,10.09354
78162,10.22021
78183,10.22021
78204,10.2812
78225,10.26243
78246,10.13107
78267,10.06305
78288,10.07946
78309,10.04193
78330,9.931683
78351,9.85662
78372,10.01144
78393,10.06773
78414,10.03724
78435,9.910572
78456,9.903535
78477,10.05835
78498,10.11465
78519,10.15453
78540,10.13576
78561,10.17798
78582,10.13576
78603,10.12169
78624,10.17329
78645,10.17798
78666,10.23663
78687,10.25539
78708,10.24132
78729,10.21317
78750,10.18737
78771,10.13576
78792,10.26478
78813,10.18971
78834,10.22725
78855,10.18033
78876,10.21552
78897,10.1991
78918,10.23194
78939,10.26478
78960,10.22255
78981,10.13107
79002,10.07946
79023,10.18971
79044,10.18971
79065,10.32576
79086,10.31638
79107,10.34453
79128,10.34688
79149,10.34219
79170,10.34922
79191,10.29058
79212,10.48058
79233,10.36799
79254,10.38206
79275,10.40552
79296,10.32811
79317,10.42898
79338,10.29996
79359,10.25774
79380,10.18502
79401,10.23663
79422,10.1686
79443,10.21083
79464,10.13576
79485,10.20613
79506,10.19675
79527,10.20848
79548,10.2249
79569,10.26712
79590,10.24601
79611,10.25539
79632,10.34219
79653,10.38441
79674,10.40083
79695,10.49466
79716,10.47824
79737,10.51108
79758,10.60491
79779,10.56034
79800,10.58145
79821,10.56268
79842,10.55565
79863,10.65417
79884,10.54392
79905,10.51811
79926,10.56972
79947,10.50169
79968,10.5533
79989,10.41256
80010,10.36564
80031,10.41256
80052,10.24366
80073,10.1428
80094,10.14045
80115,10.15453
80136,10.04897
80157,10.03489
80178,10.01378
80199,10.02786
80220,9.971561
80241,9.924646
80262,9.945757
80283,9.955141
80304,9.891806
80325,9.919954
80346,9.945757
80367,10.0302
80388,9.87304
80409,9.908226
80430,10.0044
80451,10.0607
80472,10.04662
80493,10.03724
80514,9.950449
80535,10.03489
80556,10.08416
80577,9.941067
80598,9.842546
80619,9.802669
80640,9.769828
80661,9.676
80682,9.690074
80703,9.704147
80724,9.732296
80745,9.58217
80766,9.535255
80787,9.544639
80808,9.514144
80829,9.518835
80850,9.570441
80871,9.537601
80892,9.612664
80913,9.612664
80934,9.596244
80955,9.476612
80976,9.347597
80997,9.441426
81018,9.345251
81039,9.298337
81060,9.24204
81081,9.408587
81102,9.298337
81123,9.188088
81144,9.284263
81165,9.349943
81186,9.399203
81207,9.443772
81228,9.385129
81249,9.392166
81270,9.509453
81291,9.483649
81312,9.607973
81333,9.739333
81354,9.917608
81375,9.722914
81396,9.788594
81417,9.896498
81438,9.819089
81459,9.760445
81480,9.851928
81501,9.821435
81522,9.826125
81543,9.797977
81564,9.835509
81585,9.694765
81606,9.685382
81627,9.755754
81648,9.795631
81669,9.797977
81690,9.805015
81711,9.79094
81732,9.729951
81753,9.767483
81774,9.692419
81795,9.668962
81816,9.767483
81837,9.751062
81858,9.676
81879,9.708839
81900,9.699456
81921,9.579824
81942,9.638468
81963,9.497724
81984,9.51649
82005,9.542293
82026,9.605627
82047,9.352288
82068,9.338214
82089,9.253768
82110,9.347597
82131,9.338214
82152,9.150557
82173,9.021542
82194,9.105988
82215,9.094258
82236,9.09895
82257,8.927712
82278,8.955861
82299,9.044999
82320,9.15994
82341,8.976973
82362,9.094258
82383,9.190434
82404,9.237348
82425,9.181051
82446,9.206854
82467,9.089567
82488,9.059073
82509,8.976973
82530,8.953515
82551,8.925366
82572,8.822155
82593,8.794006
82614,8.892527
82635,8.815118
82656,8.808081
82677,8.740054
82698,8.794006
82719,8.79166
82740,8.913638
82761,8.847958
82782,8.812772
82803,8.979319
82824,8.969935
82845,9.094258
82866,9.213891
82887,9.166977
82908,9.25846
82929,9.331178
82950,9.349943
82971,9.380438
82992,9.420315
83013,9.464884
83034,9.256114
83055,9.218582
83076,9.164631
83097,9.199817
83118,9.105988
83139,9.042653
83160,9.063765
83181,8.955861
83202,8.906601
83223,8.836229
83244,8.871415
83265,8.967589
83286,8.946478
83307,8.920675
83328,8.920675
83349,8.939441
83370,8.95117
83391,8.866723
83412,8.960552
83433,9.028579
83454,9.213891
83475,9.249077
83496,9.328832
83517,9.378092
83538,9.298337
83559,9.474266
83580,9.619701
83601,9.622047
83622,9.783903
83643,9.809706
83664,9.924646
83685,9.793285
83706,9.854274
83727,9.889461
83748,9.751062
83769,9.720568
83790,9.706493
83811,9.739333
83832,9.626739
83853,9.467229
83874,9.368709
83895,9.176359
83916,9.164631
83937,9.27488
83958,9.04969
83979,8.960552
84000,9.188088
84021,9.239694
84042,9.087222
84063,8.948824
84084,9.143519
84105,9.30772
84126,9.218582
84147,9.152903
84168,9.321795
84189,9.342906
84210,9.279572
84231,9.286609
84252,9.347597
84273,9.349943
84294,9.371055
84315,9.399203
84336,9.514144
84357,9.441426
84378,9.542293
84399,9.530564
84420,9.481303
84441,9.432044
84462,9.467229
84483,9.455501
84504,9.295992
84525,9.202163
84546,9.284263
84567,9.373401
84588,9.2913
84609,9.188088
84630,9.166977
84651,9.232656
84672,9.265497
84693,9.239694
84714,9.2913
84735,9.364017
84756,9.462538
84777,9.528218
84798,9.593899
84819,9.633776
84840,9.7581
84861,9.722914
84882,9.851928
84903,9.713531
84924,9.826125
84945,9.941067
84966,9.851928
84987,9.830817
85008,9.805015
85029,9.849584
85050,9.812052
85071,9.901189
85092,9.889461
85113,9.908226
85134,9.830817
85155,9.772174
85176,9.812052
85197,9.903535
85218,9.969215
85239,9.889461
85260,9.985635
85281,9.955141
85302,10.06773
85323,10.07008
85344,10.06305
85365,9.980944
85386,9.945757
85407,10.18268
85428,10.23428
85449,10.35157
85470,10.29527
85491,10.28823
85512,10.40317
85533,10.37268
85554,10.25539
85575,10.2812
85596,10.22255
85617,10.09588
85638,10.13107
85659,10.01848
85680,9.962177
85701,10.03489
85722,9.971561
85743,9.884768
85764,9.976252
85785,9.87304
85806,9.910572
85827,9.9223
85848,9.79094
85869,9.847238
85890,9.842546
85911,9.732296
85932,9.732296
85953,9.891806
85974,9.898843
85995,9.896498
86016,9.901189
86037,9.980944
86058,10.15453
86079,10.15453
86100,10.25305
86121,10.30465
86142,10.34453
86163,10.29527
86184,10.2812
86205,10.40317
86226,10.29762
86247,10.17095
86268,10.10058
86289,10.117
86310,10.00909
86331,9.880077
86352,9.9223
86373,9.908226
86394,9.861312
86415,9.884768
86436,9.924646
86457,9.978598
86478,10.02786
86499,10.05366
86520,10.17095
86541,10.18971
86562,10.30465
86583,10.3328
86604,10.34453
86625,10.3328
86646,10.33046
86667,10.45244
86688,10.48528
86709,10.4454
86730,10.60491
86751,10.52515
86772,10.65182
86793,10.65417
86814,10.65182
86835,10.61898
86856,10.57676
86877,10.54626
86898,10.45478
86919,10.37268
86940,10.40552
86961,10.32107
86982,10.1991
87003,10.08181
87024,10.05601
87045,10.01848
87066,9.948103
87087,9.85662
87108,9.976252
87129,9.85662
87150,9.884768
87171,9.776865
87192,9.9223
87213,9.962177
87234,9.985635
87255,9.990326
87276,10.07712
87297,10.117
87318,10.06773
87339,10.23194
87360,10.26712
87381,10.2765
87402,10.34453
87423,10.36799
87444,10.3633
87465,10.32342
87486,10.33515
87507,10.1428
87528,10.21552
87549,10.09354
87570,9.980944
87591,9.861312
87612,9.858966
87633,9.760445
87654,9.626739
87675,9.504761
87696,9.490686
87717,9.537601
87738,9.408587
87759,9.394512
87780,9.441426
87801,9.349943
87822,9.366363
87843,9.206854
87864,9.188088
87885,9.206854
87906,9.195126
87927,9.211545
87948,9.09895
87969,9.199817
87990,9.09895
88011,9.124753
88032,9.124753
88053,9.211545
88074,9.026234
88095,9.052036
88116,9.077839
88137,9.124753
88158,9.056727
88179,9.044999
88200,9.183396
88221,9.176359
88242,9.080185
88263,9.162285
88284,9.352288
88305,9.338214
88326,9.368709
88347,9.364017
88368,9.474266
88389,9.460192
88410,9.521181
88431,9.509453
88452,9.436735
88473,9.469575
88494,9.50007
88515,9.59859
88536,9.530564
88557,9.61501
88578,9.622047
88599,9.661925
88620,9.593899
88641,9.579824
88662,9.666616
88683,9.626739
88704,9.673654
88725,9.683037
88746,9.61501
88767,9.687728
88788,9.650196
88809,9.59859
88830,9.528218
88851,9.577478
88872,9.575133
88893,9.523527
88914,9.396858
88935,9.387475
88956,9.260805
88977,9.2092
88998,9.288955
89019,9.206854
89040,9.103642
89061,9.105988
89082,9.136482
89103,9.09895
89124,9.145865
89145,9.218582
89166,8.998084
89187,9.070802
89208,9.328832
89229,9.432044
89250,9.244386
89271,9.244386
89292,9.345251
89313,9.354634
89334,9.385129
89355,9.303029
89376,9.312411
89397,9.223273
89418,9.122408
89439,9.028579
89460,8.962898
89481,8.965244
89502,8.887836
89523,8.899564
89544,8.808081
89565,8.786969
89586,8.801044
89607,8.803389
89628,8.683757
89649,8.763512
89670,8.733017
89691,8.831537
89712,8.796351
89733,8.794006
89754,8.688448
89775,8.540668
89796,8.559433
89817,8.552396
89838,8.594619
89859,8.648571
89880,8.714252
89901,8.716597
89922,8.965244
89943,8.918329
89964,8.850304
89985,8.873761
90006,8.911292
90027,8.904256
90048,8.998084
90069,9.188088
90090,9.204508
90111,9.026234
90132,9.019196
90153,8.913638
90174,8.962898
90195,8.763512
90216,8.779932
90237,8.880798
90258,8.923021
90279,8.880798
90300,8.8245
90321,9.127099
90342,9.113025
90363,9.028579
90384,8.969935
90405,8.991047
90426,9.00043
90447,9.075493
90468,9.202163
90489,9.312411
90510,9.410933
90531,9.528218
90552,9.835509
90573,9.997364
90594,9.868348
90615,9.781557
90636,10.04193
90657,10.07946
90678,9.992672
90699,10.02082
90720,9.945757
90741,9.713531
90762,9.760445
90783,9.875386
90804,9.626739
90825,9.420315
90846,9.359325
90867,9.399203
90888,9.162285
90909,9.174014
90930,8.894873
90951,9.054381
90972,9.157594
90993,9.141173
91014,8.95117
91035,8.976973
91056,9.181051
91077,9.089567
91098,8.998084
91119,8.948824
91140,8.991047
91161,8.974627
91182,9.042653
91203,8.981664
91224,9.030925
91245,9.127099
91266,9.063765
91287,8.941787
91308,9.059073
91329,9.094258
91350,9.181051
91371,9.127099
91392,9.34056
91413,9.349943
91434,9.2092
91455,9.256114
91476,9.396858
91497,9.399203
91518,9.295992
91539,9.328832
91560,9.478958
91581,9.413278
91602,9.490686
91623,9.387475
91644,9.478958
91665,9.364017
91686,9.352288
91707,9.495378
91728,9.568096
91749,9.671308
91770,9.753407
91791,9.858966
91812,9.9223
91833,10.01613
91854,10.11465
91875,10.04428
91896,10.07712
91917,10.10058
91938,10.16626
91959,10.10058
91980,10.17095
92001,10.11934
92022,10.1428
92043,10.12638
92064,10.05601
92085,10.04193
92106,10.0044
92127,10.01378
92148,9.847238
92169,9.901189
92190,9.849584
92211,9.805015
92232,9.781557
92253,9.779211
92274,9.753407
92295,9.708839
92316,9.636122
92337,9.694765
92358,9.657233
92379,9.610318
92400,9.657233
92421,9.734642
92442,9.781557
92463,9.868348
92484,9.971561
92505,9.919954
92526,10.05601
92547,10.03489
92568,9.938721
92589,9.840199
92610,9.919954
92631,9.673654
92652,9.619701
92673,9.551676
92694,9.436735
92715,9.464884
92736,9.453156
92757,9.495378
92778,9.471921
92799,9.51649
92820,9.715877
