8823,10.10058
8844,10.16156
8865,10.45713
8886,10.48058
8907,10.50169
8928,10.30935
8949,10.37033
8970,10.44305
8991,10.50639
9012,10.50873
9033,10.72688
9054,10.72219
9075,10.64244
9096,10.66824
9117,10.65886
9138,10.50639
9159,10.6096
9180,10.56503
9201,10.70577
9222,10.59083
9243,10.54626
9264,10.47589
9285,10.61898
9306,10.78318
9327,10.66355
9348,10.5275
9369,10.51811
9390,10.48528
9411,10.5533
9432,10.59318
9453,10.79256
9474,10.41256
9495,10.43601
9516,10.48293
9537,10.53923
9558,10.59083
9579,10.51811
9600,10.37972
9621,10.38675
9642,10.50873
9663,10.50639
9684,10.50639
9705,10.45713
9726,10.49935
9747,10.46651
9768,10.45009
9789,10.40317
9810,10.46651
9831,10.40083
9852,10.43367
9873,10.37737
9894,10.43601
9915,10.44071
9936,10.46416
9957,10.6096
9978,10.79022
9999,10.78787
10020,10.86059
10041,10.7996
10062,11.01072
10083,10.98022
10104,10.98492
10125,10.95442
10146,10.96146
10167,10.90047
10188,10.82071
10209,10.7175
10230,10.51108
10251,10.60256
10272,10.54861
10293,10.50873
10314,10.48528
10335,10.57207
10356,10.5275
10377,10.42194
10398,10.55565
10419,10.58145
10440,10.37503
10461,10.43132
10482,10.56738
10503,10.68935
10524,10.72923
10545,10.84652
10566,10.65182
10587,10.77614
10608,10.89343
10629,10.90516
10650,10.94504
10671,11.01306
10692,11.01072
10713,10.95911
10734,10.88405
10755,10.82306
10776,10.49935
10797,10.38441
10818,10.06539
10839,9.819089
10860,9.546985
10881,9.204508
10902,9.216236
10923,8.854995
10944,8.784623
10965,8.439801
10986,8.270909
11007,8.245107
11028,8.690794
11049,8.097325
11070,8.165352
11091,8.005842
11112,7.926087
11133,8.022263
11154,7.989422
11175,8.055102
11196,7.867445
11217,7.883864
11238,7.691514
11259,7.872136
11280,7.677441
11301,7.745467
11322,7.710281
11343,7.675095
11364,7.773615
11385,7.752503
11406,7.890902
11427,7.731392
11448,7.818184
11469,7.893247
11490,7.947199
11511,7.91905
11532,8.057447
11553,8.073868
11574,8.233377
11595,8.465604
11616,8.303749
11637,8.231031
11658,8.329552
11679,8.301403
11700,8.123129
11721,8.134857
11742,8.024608
11763,7.921396
11784,7.973002
11805,8.015225
11826,7.947199
11847,7.88621
11868,7.766578
11889,7.846333
11910,7.799418
11931,7.937816
11952,7.926087
11973,8.090288
11994,8.240415
12015,8.310786
12036,8.376467
12057,8.646226
12078,8.866723
12099,8.899564
12120,8.95117
12141,8.976973
12162,9.331178
12183,9.502416
12204,9.589207
12225,9.575133
12246,9.600936
12267,9.699456
12288,9.830817
12309,9.880077
12330,9.840199
12351,10.06773
12372,9.868348
12393,9.936375
12414,10.05601
12435,9.915263
12456,10.01144
12477,10.20379
12498,10.09354
12519,10.22255
12540,10.34688
12561,10.35626
12582,10.37268
12603,10.37972
12624,10.36799
12645,10.43132
12666,10.26712
12687,10.11934
12708,10.20613
12729,10.30231
12750,10.14749
12771,10.4712
12792,10.9638
12813,10.5838
12834,10.57207
12855,10.69404
12876,10.65417
12897,10.82775
12918,10.90985
12939,10.92393
12960,10.93096
12981,11.1843
13002,11.21949
13023,11.33443
13044,11.4048
13065,11.44937
13086,11.54789
13107,11.8458
13128,11.89036
13149,12.08271
13170,12.12494
13191,12.1437
13212,12.23753
13233,12.11321
13254,12.0616
13275,12.01234
13296,11.81999
13317,11.75431
13338,11.75197
13359,11.58777
13380,11.56431
13401,11.55023
13422,11.46344
13443,11.43295
13464,11.45875
13485,11.36961
13506,11.41418
13527,11.39776
13548,11.35554
13569,11.40245
13590,11.34616
13611,11.22887
13632,11.16319
13653,11.21245
13674,11.16788
13695,11.0506
13716,11.06467
13737,11.05294
13758,10.90985
13779,10.87701
13800,10.82071
13821,10.73158
13842,10.56034
13863,10.52281
13884,10.39379
13905,10.17564
13926,10.05835
13947,9.894152
13968,9.657233
13989,9.680691
14010,9.535255
14031,9.265497
14052,9.127099
14073,9.122408
14094,9.115371
14115,9.288955
14136,8.955861
14157,8.819809
14178,8.744746
14199,8.62746
14221,8.829192
14242,8.615731
14263,8.437455
14284,8.2756
14305,8.184117
14326,7.980039
14347,8.181771
14368,8.064485
14389,7.909667
14410,7.872136
14431,7.888556
14452,7.560154
14473,7.691514
14494,7.719663
14515,7.7267
14536,7.642255
14557,7.736084
14578,7.686823
14599,7.815838
14620,7.832259
14641,7.970656
14662,8.01757
14683,8.069177
14704,8.14424
14725,8.249798
14746,8.181771
14767,8.057447
14788,7.895593
14809,7.86979
14830,7.855715
14851,7.635218
14872,7.616452
14893,7.529659
14914,7.4804
14935,7.57892
14956,7.412374
14977,7.30447
14998,7.365459
15019,7.607069
15040,7.609415
15061,7.529659
15082,7.73843
15103,7.782998
15124,7.785344
15145,7.90263
15166,8.055102
15187,8.240415
15208,8.198192
15229,8.256835
15250,8.360046
15271,8.592274
15292,8.686103
15313,8.730671
15334,8.700177
15355,8.847958
15376,9.073148
15397,9.206854
15418,9.392166
15439,9.523527
15460,9.497724
15481,9.525873
15502,9.638468
15523,9.727605
15544,9.898843
15565,10.01378
15586,9.971561
15607,10.11465
15628,10.23663
15649,10.28354
15670,10.16391
15691,10.22021
15712,10.24836
15733,10.08885
15754,10.10761
15775,10.15687
15796,10.06773
15817,10.30465
15838,10.42429
15859,10.12403
15880,10.06773
15901,10.307
15922,10.13107
15943,10.0302
15964,9.959831
15985,9.992672
16006,10.12169
16027,10.01848
16048,9.924646
16069,9.868348
16090,9.854274
16111,9.85662
16132,10.0044
16153,9.973906
16174,10.07008
16195,10.05835
16216,10.15218
16237,10.307
16258,10.43601
16279,10.48293
16300,10.55565
16321,10.55565
16342,10.61194
16363,10.5275
16384,10.39614
16405,10.30465
16426,10.14984
16447,9.934029
16468,9.835509
16489,9.844892
16510,9.781557
16531,9.847238
16552,9.943413
16573,9.861312
16594,10.09588
16615,10.24132
16636,10.33749
16657,10.42663
16678,10.45947
16699,10.48528
16720,10.59787
16741,10.62836
16762,10.67293
16783,10.71281
16804,10.67059
16825,10.65182
16846,10.75972
16867,10.88874
16888,11.05763
16909,11.17257
16930,11.16554
16951,11.14677
16972,11.05294
16993,11.02948
17014,10.87936
17035,10.81133
17056,10.48528
17077,10.30935
17098,10.06773
17119,9.887115
17140,9.769828
17161,9.654888
17182,9.558713
17203,9.457847
17224,9.281918
17245,9.284263
17266,9.319448
17287,9.288955
17308,9.199817
17329,9.223273
17350,9.385129
17371,9.401549
17392,9.410933
17413,9.366363
17434,9.364017
17455,9.30772
17476,9.213891
17497,9.253768
17518,9.265497
17539,9.249077
17560,9.148211
17581,9.035616
17602,9.040307
17623,9.026234
17644,8.925366
17665,8.93475
17686,8.864378
17707,8.899564
17728,8.866723
17749,8.681411
17770,8.674374
17791,8.681411
17812,8.758821
17833,8.697831
17854,8.702522
17875,8.747091
17896,8.756474
17917,8.815118
17938,8.730671
17959,8.6603
17980,8.486716
18001,8.338935
18022,8.43511
18043,8.299058
18064,8.155969
18085,8.153623
18106,8.146585
18127,8.097325
18148,8.104362
18169,8.073868
18190,8.090288
18211,8.17708
18232,8.06214
18253,8.118437
18274,8.045719
18295,8.179425
18316,8.008188
18337,7.954236
18358,7.926087
18379,7.930779
18400,7.994113
18421,7.991767
18442,7.937816
18463,7.949544
18484,7.958928
18505,8.120783
18526,8.249798
18547,8.245107
18568,8.268563
18589,8.202883
18610,8.256835
18631,8.30844
18652,8.364738
18673,8.22634
18694,8.118437
18715,7.958928
18736,7.937816
18757,7.829913
18778,7.569537
18799,7.433485
18820,7.330273
18841,7.342001
18862,7.414719
18883,7.522622
18904,7.616452
18925,7.642255
18946,7.625834
18967,7.811147
18988,7.890902
19009,7.907322
19030,8.184117
19051,8.36943
19072,8.599311
19093,8.625113
19114,8.740054
19135,8.941787
19156,9.091913
19177,9.368709
19198,9.366363
19219,9.455501
19240,9.568096
19261,9.833163
19282,9.98329
19303,10.09823
19324,10.10527
19345,10.06305
19366,10.17329
19387,10.5275
19408,10.61898
19429,10.35861
19450,10.117
19471,10.50639
19492,10.32342
19513,10.07477
19534,10.7175
19555,10.40787
19577,10.67762
19599,10.26478
19620,10.42663
19641,10.497
19662,10.29058
19683,10.39145
19704,10.40317
19725,10.36564
19746,10.50169
19767,10.45713
19788,10.46885
19809,10.57207
19830,10.58849
19851,10.59318
19872,10.60491
19893,10.65182
19914,10.63306
19935,10.62367
19956,10.6917
19977,10.64947
19998,10.56268
20019,10.65886
20040,10.75034
20061,10.76442
20082,10.71516
20103,10.67762
20124,10.81368
20145,10.8301
20166,10.81133
20187,10.87467
20208,10.92393
20229,11.05529
20250,11.13504
20271,11.09282
20292,10.98961
20313,10.86528
20334,10.84886
20355,10.7738
20376,10.67762
20397,10.58849
20418,10.54861
20439,10.50873
20460,10.53923
20481,10.53219
20502,10.58849
20523,10.5791
20544,10.42663
20565,10.45244
20586,10.48293
20607,10.47589
20628,10.55799
20649,10.61898
20670,10.70812
20691,10.73861
20712,10.7175
20733,10.73861
20754,10.77614
20775,10.67293
20796,10.68935
20817,10.72923
20838,10.748
20859,10.6659
20880,10.66824
20901,10.63775
20922,10.6659
20943,10.497
20964,10.497
20985,10.34219
21006,10.29527
21027,10.2765
21048,10.15218
21069,10.13107
21090,10.05132
21111,10.01613
21132,9.847238
21153,9.936375
21174,9.823779
21195,9.760445
21216,9.741679
21237,9.720568
21258,9.448463
21279,9.392166
21300,9.34056
21321,9.354634
21342,9.319448
21363,9.232656
21384,9.249077
21405,9.127099
21426,9.232656
21447,9.267843
21468,9.136482
21489,9.105988
21510,9.08253
21531,9.246731
21552,9.103642
21573,9.01685
21594,9.056727
21615,8.850304
21636,8.998084
21657,8.953515
21678,9.070802
21699,9.134136
21720,8.969935
21741,8.805735
21762,8.826846
21783,8.873761
21804,9.019196
21825,8.993393
21846,8.913638
21867,8.927712
21888,8.843266
21909,8.899564
21930,8.90191
21951,8.796351
21972,8.721289
21993,8.702522
22014,8.535976
22035,8.622768
22056,8.575853
22077,8.423381
22098,8.449184
22119,8.348318
22140,8.324861
22161,8.324861
22182,8.310786
22203,8.345972
22224,8.430418
22245,8.348318
22266,8.28733
22287,8.334244
22308,8.460913
22329,8.411653
22350,8.392887
22371,8.357701
22392,8.36943
22413,8.362392
22434,8.423381
22455,8.453876
22476,8.430418
22497,8.589928
22518,8.500791
22539,8.474987
22560,8.622768
22581,8.437455
22602,8.489061
22623,8.653263
22644,8.496099
22665,8.517211
22686,8.406961
22707,8.493753
22728,8.2756
22749,8.341281
22770,8.282638
22791,8.416345
22812,8.496099
22833,8.519556
22854,8.425727
22875,8.686103
22896,8.646226
22917,8.845612
22938,8.948824
22959,9.09895
22980,9.2092
23001,9.321795
23022,9.607973
23043,9.673654
23064,9.715877
23085,9.800323
23106,10.05366
23127,10.05835
23148,10.01848
23169,10.17095
23190,10.33984
23211,10.54392
23232,10.45947
23253,10.46885
23274,10.43601
23295,10.56738
23316,10.61898
23337,10.41959
23358,10.46416
23379,10.62133
23400,10.53453
23421,10.24132
23442,10.32576
23463,10.2249
23484,10.22021
23505,10.02551
23526,9.995018
23547,9.957487
23568,9.809706
23589,9.812052
23610,9.629085
23631,9.504761
23652,9.455501
23673,9.335869
23694,9.38982
23715,9.403895
23736,9.59859
23757,9.619701
23778,9.676
23799,9.690074
23820,9.814397
23841,9.908226
23862,9.894152
23883,10.06539
23904,10.20848
23925,10.13107
23946,10.27885
23967,10.21083
23988,10.32107
24009,10.41959
24030,10.41725
24051,10.41021
24072,10.45478
24093,10.62367
24114,10.7738
24135,10.84886
24156,11.01072
24177,10.98022
24198,11.04121
24219,11.09985
24240,11.27109
24261,11.34146
24282,11.55258
24303,11.65345
24324,11.68159
24345,11.72382
24366,11.60184
24387,11.56431
24408,11.60184
24429,11.40715
24450,11.49394
24471,11.32504
24492,11.22652
24513,11.06936
24534,11.1022
24555,11.0459
24576,11.02479
24597,10.99664
24618,10.83948
24639,10.81133
24660,10.79022
24681,10.81837
24702,10.84886
24723,10.95442
24744,10.92862
24765,10.80664
24786,10.70343
24807,10.74096
24828,10.83479
24849,10.81133
24870,10.81133
24891,10.72454
24912,10.74331
24933,10.74096
24954,10.73861
24975,10.67059
24996,10.54392
25017,10.51577
25038,10.39379
25059,10.33749
25080,10.29762
25101,10.16156
25122,10.07008
25143,10.34922
25164,9.854274
25185,9.887115
25206,9.969215
25227,9.715877
25248,9.572787
25269,9.422661
25290,9.434389
25311,9.441426
25332,9.396858
25353,9.422661
25374,9.474266
25395,9.352288
25416,9.244386
25437,9.439081
25458,9.509453
25479,9.373401
25500,9.295992
25521,9.298337
25542,9.359325
25563,9.35698
25584,9.244386
25605,9.265497
25626,9.206854
25647,9.216236
25668,9.127099
25689,9.042653
25710,9.178705
25731,9.002776
25752,8.815118
25773,8.911292
25794,8.904256
25815,8.754128
25836,8.72598
25857,8.695485
25878,8.84092
25899,8.847958
25920,8.69314
25941,8.625113
25962,8.740054
25983,8.751783
26004,8.789314
26025,8.805735
26046,8.608693
26067,8.568816
26088,8.723634
26109,8.592274
26130,8.634497
26151,8.587582
26172,8.554742
26193,8.503136
26214,8.589928
26235,8.573507
26256,8.625113
26277,8.496099
26298,8.510174
26319,8.64388
26340,8.681411
26361,8.669683
26382,8.592274
26403,8.587582
26424,8.585237
26445,8.674374
26466,8.681411
26487,8.629806
26508,8.620422
26529,8.535976
26550,8.604002
26571,8.592274
26592,8.629806
26613,8.606348
26634,8.601656
26655,8.547705
26676,8.444492
26697,8.446838
26718,8.519556
26739,8.486716
26760,8.404615
26781,8.247452
26802,8.273255
26823,8.41869
26844,8.472641
26865,8.561779
26886,8.625113
26907,8.6603
26928,8.622768
26949,8.606348
26970,8.747091
26991,8.852649
27012,8.833883
27033,8.995738
27054,9.138828
27075,9.293646
27096,9.375746
27117,9.483649
27138,9.34056
27159,9.507107
27180,9.631431
27201,9.800323
27222,9.690074
27243,9.833163
27264,9.854274
27285,10.08416
27306,9.908226
27327,10.26243
27348,10.41959
27369,10.42194
27390,10.37503
27411,10.29058
27432,10.39145
27453,10.50404
27474,10.40083
27495,10.50873
27516,10.46182
27537,10.36564
27558,10.4149
27579,10.39848
27600,10.37972
27621,10.33515
27642,10.57207
27663,10.78084
27684,10.74565
27705,10.64009
27726,10.75503
27747,10.89343
27768,10.90985
27789,10.8559
27810,10.86997
27831,11.02479
27852,10.98961
27873,11.09985
27894,11.14677
27915,11.19368
27936,10.98492
27957,11.00134
27978,11.16554
27999,11.23825
28020,11.27344
28041,11.379
28062,11.27109
28083,11.24998
28104,11.24295
28125,11.32035
28146,11.33443
28167,11.45171
28188,11.56431
28209,11.50097
28230,11.4306
28251,11.44702
28272,11.46344
28293,11.44702
28314,11.53851
28335,11.59949
28356,11.51974
28377,11.39542
28398,11.22418
28419,11.06232
28440,11.03417
28461,10.92862
28482,10.7738
28503,10.84652
28524,10.76442
28545,10.67997
28566,10.61429
28587,10.74565
28608,10.61898
28629,10.37503
28650,10.25774
28671,10.29762
28692,10.27885
28713,10.1686
28734,10.28823
28755,10.24601
28776,10.21552
28797,10.26712
28818,10.33515
28839,10.21083
28860,10.11934
28881,10.26478
28902,10.23428
28923,10.117
28944,10.11465
28965,9.985635
28986,9.990326
29007,9.957487
29028,9.912917
29049,9.936375
29070,9.74637
29091,9.722914
29112,9.622047
29133,9.676
29154,9.420315
29175,9.575133
29196,9.507107
29217,9.612664
29238,9.631431
29259,9.711185
29280,9.511798
29301,9.654888
29322,9.563404
29343,9.671308
29364,9.544639
29385,9.474266
29406,9.523527
29427,9.457847
29448,9.335869
29469,9.478958
29490,9.502416
29511,9.833163
29532,9.474266
29553,9.361671
29574,9.427352
29595,9.338214
29616,9.300683
29637,9.272534
29658,9.24204
29679,9.023888
29700,9.040307
29721,9.124753
29742,8.948824
29763,8.854995
29784,8.930058
29805,8.838574
29826,8.521902
29847,8.69314
29868,8.679066
29889,8.625113
29910,8.592274
29931,8.653263
29952,8.688448
29973,8.67672
29994,8.507828
30015,8.559433
30036,8.6603
30057,8.568816
30078,8.526593
30099,8.608693
30120,8.564125
30141,8.458567
30162,8.43511
30183,8.338935
30204,8.261526
30225,8.268563
30246,8.240415
30267,8.301403
30288,8.395233
30309,8.388196
30331,8.28733
30354,8.228686
30375,8.263872
30396,8.456222
30417,8.430418
30438,8.430418
30459,8.493753
30480,8.702522
30501,8.79166
30522,8.744746
30543,8.786969
30564,8.90191
30585,8.923021
30606,9.176359
30627,9.227965
30648,9.101295
30669,9.103642
30690,9.113025
30711,9.239694
30732,9.24204
30753,9.364017
30774,9.441426
30795,9.387475
30816,9.408587
30837,9.535255
30858,9.427352
30879,9.396858
30900,9.422661
30921,9.535255
30942,9.56575
30963,9.579824
30984,9.659579
31005,9.612664
31026,9.793285
31047,9.894152
31068,9.762791
31089,9.849584
31110,9.800323
31131,9.849584
31152,9.814397
31174,9.887115
31195,9.98798
31216,10.1123
31237,10.08885
31258,10.01144
31279,10.09823
31300,10.0865
31321,10.19206
31342,10.1428
31363,10.26478
31384,10.32811
31405,10.35391
31426,10.2507
31447,10.35626
31468,10.26947
31489,10.39848
31510,10.44071
31531,10.24132
31552,10.10292
31573,10.14514
31594,10.24366
31615,10.20613
31636,10.13576
31657,10.10058
31678,9.948103
31699,9.964523
31720,10.07712
31741,10.16156
31762,10.07008
31783,10.1428
31804,10.16626
31825,10.13811
31846,10.03959
31867,10.08181
31888,10.20379
31909,10.35391
31930,10.27181
31951,10.39848
31972,10.4712
31993,10.50873
32014,10.48997
32035,10.5533
32056,10.52281
32077,10.46416
32098,10.46416
32119,10.71046
32140,10.80429
32161,10.80429
32182,10.80195
32203,10.78084
32224,10.7996
32245,10.79022
32266,10.87467
32287,10.85121
32308,10.92158
32329,10.94973
32350,10.90751
32371,10.938
32392,10.94504
32413,10.90281
32434,11.02714
32455,10.94035
32476,11.00134
32497,10.86763
32518,10.82541
32539,10.85355
32560,10.83713
32581,10.77614
32602,10.65182
32623,10.58849
32644,10.53923
32665,10.66824
32686,10.59787
32707,10.46182
32728,10.48997
32749,10.41959
32770,10.46182
32791,10.46182
32812,10.58145
32833,10.51108
32854,10.45009
32875,10.37737
32896,10.35157
32917,10.35157
32938,10.37268
32959,10.46416
32980,10.39848
33001,10.40083
33022,10.40083
33043,10.32342
33064,10.29762
33085,10.23663
33106,10.2249
33127,10.10761
33148,10.16156
33169,10.00909
33190,10.07946
33211,10.15687
33232,10.13576
33253,10.07477
33274,10.03255
33295,9.992672
33316,10.04193
33337,10.04193
33358,10.00675
33379,9.969215
33400,9.926992
33421,9.962177
33442,9.788594
33463,9.77452
33484,9.854274
33505,9.74637
33526,9.593899
33547,9.584516
33568,9.739333
33589,9.722914
33610,9.607973
33631,9.596244
33652,9.678345
33673,9.866002
33694,9.676
33715,9.544639
33736,9.725259
33757,9.767483
33778,9.687728
33799,9.727605
33820,9.908226
33841,9.938721
33862,9.751062
33883,9.622047
33904,9.427352
33925,9.849584
33946,9.584516
33967,9.830817
33988,9.176359
34009,9.298337
34030,9.364017
34051,9.188088
34072,9.204508
34093,9.265497
34114,9.13179
34135,8.974627
34156,9.019196
34177,8.843266
34198,8.733017
34219,8.672029
34240,8.775241
34261,8.754128
34282,8.808081
34303,8.733017
34324,8.622768
34345,8.632151
34366,8.596965
34387,8.604002
34408,8.657954
34429,8.517211
34450,8.521902
34471,8.606348
34492,8.615731
34513,8.64388
34534,8.470296
34555,8.355355
34576,8.444492
34597,8.573507
34618,8.664991
34639,8.561779
34660,8.507828
34681,8.578199
34702,8.615731
34723,8.707214
34744,8.669683
34765,8.582891
34786,8.622768
34807,8.737708
34828,8.908947
34849,8.965244
34870,8.817463
34891,8.803389
34912,8.857341
34933,8.965244
34954,8.93475
34975,8.955861
34996,8.923021
35017,8.95117
35038,9.021542
35059,9.061419
35080,9.012158
35101,8.939441
35122,8.972281
35143,9.061419
35164,8.965244
35185,9.113025
35206,9.15994
35227,9.251423
35248,9.204508
35269,9.185742
35290,9.244386
35311,9.220928
35332,9.317103
35353,9.507107
35374,9.58217
35395,9.692419
35416,9.736988
35437,9.692419
35458,9.805015
35479,9.797977
35500,9.837853
35521,9.718222
35542,9.814397
35563,9.826125
35584,9.849584
35605,9.98798
35626,10.06539
35647,9.934029
35668,9.891806
35689,10.01378
35710,9.976252
35731,9.950449
35752,9.962177
35773,9.936375
35794,10.04193
35815,9.999709
35836,9.952795
35857,9.98329
35878,10.07477
35899,10.0865
35920,10.08416
35941,10.10761
35962,10.13107
35983,10.17095
36004,10.20379
36025,10.36799
36046,10.43132
36067,10.52281
36088,10.40317
36109,10.49935
36130,10.58145
36151,10.48762
36172,10.5275
36193,10.59318
36214,10.59318
36235,10.64713
36256,10.7738
36277,10.86997
36298,10.79491
36319,10.85121
36340,10.8301
36361,10.85355
36382,10.81602
36403,10.86294
36424,11.05998
36445,11.09985
36466,11.04121
36487,11.08343
36508,11.57604
36529,11.14442
36550,11.15146
36571,11.36727
36592,11.35319
36613,11.40245
36634,11.37431
36655,11.42826
36676,11.41653
36697,11.38369
36718,11.26406
36739,11.27813
36760,11.16084
36781,11.11158
36802,11.13973
36823,11.14677
36844,10.97788
36865,10.94035
36886,10.87232
36907,10.87936
36928,10.80429
36949,10.75503
36970,10.84886
36991,10.64478
37012,10.70108
37033,10.71046
37054,10.70108
37075,10.66824
37096,10.73861
37117,10.63306
37138,10.59552
37159,10.46885
37180,10.55565
37201,10.51108
37222,10.50873
37243,10.56503
37264,10.40317
37285,10.30465
37306,10.34219
37327,10.32342
37348,10.28823
37369,10.29996
37390,10.13576
37411,9.952795
37432,9.995018
37453,10.14984
37474,10.05366
37495,10.00206
37516,9.861312
37537,9.955141
37558,9.722914
37579,9.629085
37600,9.870694
37621,9.622047
37642,9.586862
37663,9.485995
37684,9.713531
37705,9.638468
37726,9.715877
37747,9.751062
37768,9.781557
37789,9.432044
37810,9.439081
37831,9.490686
37852,9.561059
37873,9.300683
37894,9.15994
37915,9.338214
37936,9.371055
37957,9.293646
37978,9.110679
37999,9.077839
38020,9.113025
38041,8.789314
38062,8.733017
38083,8.939441
38104,8.885489
38125,8.711905
38146,8.798697
38167,8.758821
38188,8.622768
38209,8.599311
38230,8.517211
38251,8.707214
38272,8.707214
38293,8.632151
38314,8.740054
38335,8.629806
38356,8.503136
38377,8.608693
38398,8.540668
38419,8.611039
38440,8.587582
38461,8.505482
38482,8.493753
38503,8.406961
38524,8.362392
38545,8.510174
38566,8.437455
38587,8.500791
38608,8.411653
38629,8.575853
38650,8.650917
38671,8.608693
38692,8.571162
38713,8.629806
38734,8.618076
38755,8.672029
38776,8.789314
38797,8.747091
38818,8.822155
38839,8.869069
38860,8.946478
38881,8.969935
38902,8.918329
38923,9.087222
38944,9.101295
38965,9.127099
38986,8.993393
39007,9.129445
39028,9.263151
39049,9.246731
39070,9.120062
39091,9.068456
39112,9.312411
39133,9.25846
39154,9.113025
39175,9.101295
39196,9.284263
39217,9.188088
39238,9.169322
39259,9.27488
39280,9.368709
39301,9.225619
39322,9.178705
39343,9.413278
39364,9.326486
39385,9.54933
39406,9.375746
39427,9.284263
39448,9.605627
39469,9.79094
39490,9.683037
39511,9.457847
39532,9.868348
39553,9.837853
39574,9.736988
39595,9.701802
39616,9.847238
39637,9.992672
39658,9.875386
39679,9.683037
39700,9.753407
39721,9.912917
39742,9.753407
39763,9.816743
39784,9.842546
39805,9.962177
39826,9.908226
39847,9.678345
39868,9.546985
39889,9.54933
39910,9.692419
39931,9.720568
39952,9.739333
39973,9.568096
39994,9.518835
40015,9.633776
40036,9.797977
40057,9.936375
40078,9.898843
40099,9.889461
40120,9.847238
40141,9.929338
40162,10.12638
40183,10.22255
40204,10.14514
40225,10.38206
40246,10.42898
40267,10.61194
40288,10.59787
40309,10.68232
40330,10.86763
40351,11.02714
40372,10.97553
40393,11.00603
40414,11.13504
40435,11.08813
40456,11.14912
40477,11.38838
40498,11.69802
40519,11.64406
40540,11.62999
40561,11.76135
40582,11.759
40603,11.85518
40624,11.75431
40645,11.89975
40666,12.02642
40687,12.02407
40708,12.08506
40729,12.01
40750,11.91382
40771,11.79419
40792,11.7332
40813,11.5948
40834,11.76839
40855,11.47517
40876,11.40715
40897,11.35554
40918,11.24529
40939,11.02479
40960,10.94504
40981,10.74096
41002,10.79022
41023,10.6917
41044,10.65182
41065,10.56268
41086,10.49935
41107,10.51108
41128,10.46416
41149,10.45009
41170,10.34922
41191,10.43132
41212,10.36564
41233,10.33046
41254,10.25305
41275,10.26243
41296,10.117
41317,10.13576
41338,10.10292
41359,10.01848
41380,9.992672
41401,9.978598
41422,9.945757
41443,9.903535
41464,9.896498
41485,9.889461
41506,9.678345
41527,9.61501
41548,9.56575
41569,9.525873
41590,9.577478
41611,9.35698
41632,9.410933
41653,9.439081
41674,9.401549
41695,9.366363
41716,9.443772
41737,9.413278
41758,9.368709
41779,9.401549
41800,9.453156
41821,9.56575
41842,9.375746
41863,9.368709
41884,9.281918
41905,9.394512
41926,9.385129
41947,9.281918
41968,9.232656
41989,9.152903
42010,9.084876
42031,9.012158
42052,8.95117
42073,8.979319
42094,8.805735
42115,8.749437
42136,8.7424
42157,8.770549
42178,8.639189
42199,8.498445
42220,8.482024
42241,8.580544
42262,8.777586
42283,8.592274
42304,8.629806
42325,8.606348
42346,8.514865
42367,8.798697
42388,8.636843
42409,8.768204
42430,8.674374
42451,8.62746
42472,8.683757
42493,8.545359
42514,8.601656
42535,8.496099
42556,8.517211
42577,8.423381
42598,8.526593
42619,8.41869
42640,8.409307
42661,8.381159
42682,8.432764
42703,8.482024
42724,8.479678
42745,8.56647
42766,8.507828
42787,8.505482
42808,8.554742
42829,8.413999
42850,8.378813
42871,8.376467
42892,8.364738
42913,8.557088
42934,8.568816
42955,8.557088
42976,8.524248
42997,8.425727
43018,8.547705
43039,8.594619
43060,8.582891
43081,8.299058
43102,8.205229
43123,8.388196
43144,8.505482
43165,8.357701
43186,8.284984
43207,8.1935
43228,8.315477
43249,8.723634
43270,8.714252
43291,8.561779
43312,8.596965
43333,8.749437
43354,9.059073
43375,9.265497
43396,9.138828
43417,9.333523
43438,9.528218
43459,9.493032
43480,9.453156
43501,9.563404
43522,9.666616
43543,10.15453
43564,9.924646
43585,9.797977
43606,10.02786
43627,10.05132
43648,10.20848
43669,10.21317
43690,10.307
43711,10.32342
43732,10.4149
43753,10.46651
43774,10.67997
43795,10.57676
43816,10.41725
43837,10.50639
43858,10.68466
43879,10.61429
43900,10.65651
43921,10.70108
43942,10.59787
43963,10.84652
43984,10.98492
44005,11.18196
44026,11.23591
44047,11.38838
44068,11.22652
44089,11.1843
44110,11.13035
44131,11.2148
44152,10.9638
44173,10.90281
44194,10.90751
44215,10.92393
44236,10.85355
44257,10.71046
44278,10.60491
44299,10.62602
44320,10.70108
44341,10.65651
44362,10.75034
44383,10.85355
44404,10.88639
44425,10.90281
44446,10.81602
44467,10.83244
44488,10.85824
44509,10.92862
44530,10.89109
44551,10.86997
44572,10.92862
44593,10.92393
44614,10.97319
44635,11.04121
44656,10.97553
44677,10.9638
44698,10.94738
44719,10.98961
44740,10.87936
44761,10.76207
44782,10.80429
44803,10.62602
44824,10.42429
44845,10.36095
44866,10.19675
44887,10.04662
44908,10.01613
44929,10.02317
44950,9.945757
44971,9.851928
44992,9.840199
45013,9.79094
45034,9.854274
45055,9.837853
45076,9.863657
45097,9.835509
45118,9.823779
45139,9.877731
45160,9.795631
45181,9.919954
45202,9.901189
45223,9.85662
45244,9.980944
45265,10.05835
45286,9.950449
45307,10.08181
45328,10.10527
45349,9.985635
45370,9.955141
45391,9.941067
45412,9.938721
45433,9.858966
45454,9.755754
45475,9.762791
45496,9.678345
45517,9.624393
45538,9.591553
45559,9.575133
45580,9.457847
45601,9.478958
45622,9.436735
45643,9.415624
45664,9.425007
45685,9.366363
45706,9.425007
45727,9.446118
45748,9.51649
45769,9.349943
45790,9.317103
45811,9.371055
45832,9.457847
45853,9.415624
45874,9.27488
45895,9.249077
45916,9.265497
45937,9.197471
45958,9.138828
45979,9.124753
46000,8.981664
46021,8.981664
46042,8.941787
46063,8.862032
46084,8.854995
46105,8.847958
46126,8.653263
46147,8.589928
46168,8.594619
46189,8.789314
46210,8.6603
46231,8.580544
46252,8.564125
46273,8.697831
46294,8.79166
46315,8.744746
46336,8.67672
46357,8.733017
46378,8.801044
46399,8.885489
46420,8.866723
46441,8.859686
46462,8.72598
46483,8.67672
46504,8.634497
46525,8.559433
46546,8.552396
46567,8.41869
46588,8.397578
46609,8.240415
46630,8.238069
46651,8.270909
46672,8.198192
46693,8.099671
46714,8.090288
46735,8.165352
46756,8.118437
46777,8.097325
46798,8.198192
46819,8.148932
46840,8.181771
46861,8.20992
46882,8.242761
46903,8.172389
46924,8.245107
46945,8.104362
46966,8.191154
46987,8.17708
47008,8.200537
47029,8.235723
47050,8.336589
47071,8.437455
47092,8.261526
47113,8.205229
47134,8.219303
47155,8.228686
47176,8.460913
47197,8.458567
47218,8.336589
47239,8.240415
47260,8.430418
47281,8.474987
47302,8.796351
47323,8.786969
47344,8.871415
47365,8.993393
47386,9.063765
47407,9.303029
47428,9.335869
47449,9.38982
47470,9.844892
47491,9.861312
47512,9.948103
47533,9.999709
47554,10.21317
47575,10.19441
47596,10.35626
47617,10.35391
47638,10.48997
47659,10.48528
47680,10.57207
47701,10.69404
47722,10.72219
47743,10.80429
47764,10.58145
47785,10.80429
47806,10.9122
47827,10.79726
47848,10.78787
47869,10.87936
47890,10.89578
47911,10.91689
47932,10.93331
47953,10.68232
47974,10.81837
47995,11.00837
48016,10.94035
48037,10.95677
48058,11.0506
48079,11.05998
48100,10.91923
48121,10.82775
48142,10.69404
48163,10.62602
48184,10.497
48205,10.42663
48226,10.29058
48247,10.16626
48268,10.11934
48289,10.03959
48310,10.13576
48331,10.09119
48352,10.23428
48373,10.2249
48394,10.26478
48415,10.10996
48436,10.32107
48457,10.34922
48478,10.31404
48499,10.41725
48520,10.44774
48541,10.50873
48562,10.55096
48583,10.48293
48604,10.50169
48625,10.60256
48646,10.58614
48667,10.7175
48688,10.72688
48709,10.68935
48730,10.68232
48751,10.72219
48772,10.58614
48793,10.69404
48814,10.56268
48835,10.43132
48856,10.33749
48877,10.19206
48898,10.0044
48919,9.955141
48940,9.978598
48961,9.861312
48982,9.866002
49003,9.788594
49024,9.816743
49045,9.828471
49066,9.741679
49087,9.80736
49108,9.683037
49129,9.842546
49150,9.847238
49171,9.880077
49192,9.969215
49213,10.03255
49234,10.01144
49255,10.13107
49276,10.09119
49297,10.21552
49318,10.26712
49339,10.27416
49360,10.1991
49381,10.39379
49402,10.14045
49423,10.20613
49444,10.13576
49465,9.950449
49486,9.814397
49507,9.926992
49528,9.762791
49549,9.673654
49570,9.605627
49591,9.61501
49612,9.570441
49633,9.478958
49654,9.328832
49675,9.455501
49696,9.197471
49717,9.373401
49738,9.277225
49759,9.345251
49780,9.281918
49801,9.185742
49822,9.267843
49843,9.143519
49864,8.941787
49885,9.03327
49906,8.965244
49927,8.962898
49948,8.84092
49969,8.632151
49990,8.629806
50011,8.629806
50032,8.449184
50053,8.310786
50074,8.310786
50095,8.329552
50116,8.233377
50137,8.151278
50158,8.252144
50179,8.263872
50200,8.324861
50221,8.214611
50242,8.329552
50263,8.364738
50284,8.371776
50305,8.514865
50326,8.650917
50347,8.803389
50368,8.721289
50389,8.754128
50410,8.64388
50431,8.704868
50452,8.702522
50473,8.664991
50494,8.629806
50515,8.507828
50536,8.331898
50557,8.280293
50578,8.184117
50599,8.153623
50620,8.022263
50641,8.033991
50662,8.038682
50683,7.961274
50704,8.012879
50725,7.973002
50746,8.022263
50767,7.975348
50788,8.024608
50809,8.085596
50830,8.104362
50851,7.914359
50872,7.963619
50893,7.965965
50914,7.937816
50935,8.008188
50956,8.179425
50977,8.399924
50998,8.437455
51019,8.381159
51040,8.578199
51061,8.683757
51082,8.941787
51103,8.939441
51124,8.862032
51145,8.843266
51166,8.960552
51187,9.00043
51208,8.775241
51229,8.810426
51250,9.056727
51271,9.08253
51292,9.204508
51313,8.871415
51334,9.319448
51355,9.152903
51376,9.188088
51397,9.075493
51418,9.150557
51439,9.34056
51460,9.35698
51481,9.399203
51502,9.434389
51523,9.354634
51544,9.54933
51565,9.840199
51586,9.643159
51607,9.814397
51628,9.77452
51649,10.12403
51670,10.10527
51691,10.1686
51712,10.16626
51733,10.24132
51754,10.26008
51775,10.44071
51796,10.3328
51817,10.307
51841,10.41725
51866,10.56972
51887,10.53219
51908,10.6096
51930,10.53688
51951,10.76911
51972,10.72219
51993,10.63306
52014,10.79491
52035,10.86528
52056,10.938
52077,10.85355
52098,10.67293
52119,10.62602
52140,10.44774
52161,10.29527
52182,10.33046
52203,10.31169
52224,10.14514
52245,10.08181
52266,10.14984
52287,10.15922
52308,10.21552
52329,10.37268
52350,10.44774
52371,10.63775
52392,10.71281
52413,10.67528
52434,10.71281
52455,10.80429
52476,10.79491
52497,10.74331
52518,10.85355
52539,10.86294
52560,10.90281
52581,11.02245
52602,10.97319
52623,10.98257
52644,11.1585
52665,11.29924
52686,11.30628
52707,11.40011
52728,11.24529
52749,11.03887
52770,11.03183
52791,10.96849
52812,10.80429
52833,10.63775
52854,10.4454
52875,10.10761
52896,9.976252
52917,9.957487
52938,9.840199
52959,9.786248
52980,9.697111
53001,9.729951
53022,9.687728
53043,9.636122
53064,9.579824
53085,9.666616
53106,9.680691
53127,9.704147
53148,9.622047
53169,9.692419
53190,9.694765
53211,9.837853
53232,9.713531
53253,9.563404
53274,9.347597
53295,9.345251
53316,9.34056
53337,9.429698
53358,9.178705
53379,9.108333
53400,9.13179
53421,9.091913
53442,8.932404
53463,8.890181
53484,8.786969
53506,8.829192
53527,8.93475
53548,8.64388
53569,8.634497
53590,8.941787
53611,8.831537
53632,8.8245
53653,8.801044
53674,8.608693
53695,8.796351
53716,8.709559
53737,8.688448
53758,8.535976
53779,8.528939
53800,8.493753
53821,8.449184
53842,8.345972
53863,8.353009
53884,8.371776
53905,8.381159
53926,8.36943
53947,8.374122
53968,8.503136
53989,8.493753
54010,8.460913
54031,8.449184
54052,8.38585
54073,8.404615
54094,8.404615
54115,8.296712
54136,8.334244
54157,8.28733
54178,8.399924
54199,8.36943
54220,8.423381
54241,8.463259
54262,8.528939
54283,8.524248
54304,8.571162
54325,8.686103
54346,8.775241
54367,8.805735
54388,8.718943
54409,8.679066
54430,8.878452
54451,8.592274
54472,8.446838
54493,8.247452
54514,8.167697
54535,8.048065
54556,8.059793
54577,8.055102
54598,7.98473
54619,7.893247
54640,7.874481
54661,7.923741
54682,7.93547
54703,7.921396
54724,8.099671
54745,8.195846
54766,8.186462
54787,8.20992
54808,8.317823
54829,8.477333
54850,8.547705
54871,8.601656
54892,8.641534
54913,8.744746
54934,8.812772
54955,8.930058
54976,8.995738
54997,9.073148
55018,9.080185
55039,9.2913
55060,9.091913
55081,9.310066
55102,9.352288
55123,9.157594
55144,9.38982
55165,9.544639
55186,9.493032
55207,9.371055
55228,9.171668
55249,9.2092
55270,9.502416
55291,9.607973
55312,9.53291
55333,9.446118
55354,9.525873
55375,9.842546
55396,9.741679
55417,9.833163
55438,9.929338
55459,9.854274
55480,9.793285
55501,9.870694
55522,9.884768
55543,9.833163
55564,10.07243
55585,9.980944
55606,9.870694
55627,9.919954
55648,9.87304
55669,9.797977
55690,9.877731
55711,9.877731
55732,9.880077
55753,9.903535
55774,9.950449
55795,9.955141
55816,9.999709
55837,10.12403
55858,10.16156
55879,10.23194
55900,10.36095
55922,10.53219
55943,10.45244
55964,10.74331
55985,11.0201
56006,10.91454
56027,10.88405
56048,10.82541
56069,10.92627
56090,10.65886
56111,10.56972
56132,10.48293
56153,10.41256
56174,10.24366
56195,10.18737
56216,10.24132
56237,10.25305
56258,10.30935
56279,10.30935
56300,10.4454
56321,10.50639
56342,10.64713
56363,10.57207
56384,10.53219
56405,10.75269
56426,10.80195
56447,10.7996
56468,10.71985
56489,10.82071
56510,10.84183
56531,10.78318
56552,10.75269
56573,10.86528
56594,11.06232
56615,11.25467
56636,11.34616
56657,10.92158
56678,10.85121
56699,10.78318
56720,10.98492
56741,10.39614
56762,10.22959
56783,10.09823
56804,10.03724
56825,10.02082
56846,9.969215
56867,9.760445
56888,9.490686
56909,9.683037
56930,9.485995
56951,9.797977
56972,9.676
56993,9.371055
57014,10.05601
57035,9.387475
57056,9.725259
57077,9.74637
57098,9.687728
57119,9.929338
57140,9.835509
57161,9.741679
57182,9.741679
57203,10.04662
57224,10.12403
57245,9.912917
57266,9.626739
57287,9.814397
57308,9.722914
57329,9.671308
57350,9.514144
57371,9.690074
57392,9.432044
57413,9.277225
57434,9.23031
57455,9.19278
57476,9.2092
57497,9.199817
57518,9.143519
57539,9.091913
57560,9.249077
57581,9.359325
57602,9.047344
57623,8.749437
57644,8.894873
57665,9.03327
57686,8.611039
57707,8.589928
57728,8.796351
57749,8.6603
57770,8.48437
57791,8.552396
57812,8.493753
57833,8.317823
57854,8.374122
57875,8.367084
57896,8.404615
57917,8.547705
57938,8.409307
57959,8.343626
57980,8.310786
58001,8.430418
58022,8.383504
58043,8.256835
58064,8.341281
58085,8.296712
58106,8.338935
58127,8.493753
58148,8.45153
58169,8.519556
58190,8.428073
58211,8.493753
58232,8.273255
58253,8.796351
58274,8.890181
58295,8.833883
58316,8.552396
58337,8.606348
58358,8.749437
58379,8.890181
58400,8.547705
58421,8.233377
58442,8.184117
58463,8.256835
58484,8.172389
58505,8.242761
58526,8.06214
58547,8.097325
58568,7.965965
58589,7.83695
58610,7.759541
58631,7.86979
58652,7.893247
58673,7.930779
58694,8.170043
58715,8.106709
58736,8.202883
58757,8.249798
58778,8.43511
58799,8.428073
58820,8.425727
58841,8.56647
58862,8.775241
58883,8.64388
58904,8.721289
58925,8.869069
58946,8.899564
58967,8.965244
58988,9.009813
59009,9.155248
59030,9.044999
59051,9.164631
59072,9.27488
59093,9.333523
59114,9.490686
59135,9.603281
59156,9.420315
59177,9.300683
59198,9.371055
59219,9.497724
59240,9.626739
59261,9.666616
59282,9.800323
59303,9.863657
59324,9.612664
59345,9.931683
59366,10.05835
59387,10.00675
59408,9.950449
59429,10.16156
59450,10.12169
59471,10.27181
59492,10.41256
59513,10.41021
59534,10.37737
59555,10.36799
59576,10.48528
59597,10.45009
59618,10.60256
59639,10.57441
59660,10.67997
59681,10.76442
59702,10.74565
59723,10.69874
59744,10.6354
59765,10.6917
59786,10.97788
59807,11.03417
59828,10.9122
59849,11.10689
59870,11.3485
59891,11.28048
59912,11.39776
59933,11.23825
59954,11.13973
59975,11.09751
59996,11.1585
60017,10.90985
60038,10.71046
60059,10.57676
60080,10.46416
60101,10.3891
60122,10.37503
60143,10.39379
60164,10.35861
60185,10.307
60206,10.39614
60227,10.39614
60248,10.48762
60269,10.57441
60290,10.59318
60311,10.52281
60332,10.59318
60353,10.55096
60374,10.59787
60395,10.53923
60416,10.53923
60437,10.52281
60458,10.56268
60479,10.67059
60500,10.62836
60521,10.63775
60542,10.66355
60563,10.60725
60584,10.50639
60605,10.42663
60626,10.2765
60647,10.01144
60668,9.997364
60689,9.915263
60710,9.889461
60731,9.685382
60752,9.823779
60773,9.50007
60794,9.427352
60815,9.448463
60836,9.375746
60857,9.408587
60878,9.432044
60899,9.373401
60920,9.408587
60941,9.352288
60962,9.443772
60983,9.50007
61004,9.591553
61025,9.643159
61046,9.551676
61067,9.572787
61088,9.715877
61109,9.657233
61130,9.629085
61151,9.636122
61172,9.690074
61193,9.744025
61214,9.762791
61235,9.654888
61256,9.603281
61277,9.734642
61298,9.607973
61319,9.54933
61340,9.464884
61361,9.455501
61382,9.413278
61403,9.453156
61424,9.401549
61445,9.403895
61466,9.281918
61487,9.220928
61508,9.310066
61529,9.23031
61550,9.124753
61571,9.054381
61592,9.110679
61613,8.962898
61634,8.974627
61655,8.993393
61676,8.993393
61697,8.906601
61718,8.869069
61739,8.789314
61760,8.8245
61781,8.918329
61802,8.79166
61823,8.782278
61844,8.747091
61865,8.79166
61886,8.786969
61907,8.7424
61928,8.716597
61949,8.573507
61970,8.507828
61991,8.514865
62012,8.395233
62033,8.284984
62054,8.390541
62075,8.329552
62096,8.362392
62117,8.294367
62138,8.266218
62159,8.273255
62180,8.411653
62201,8.503136
62222,8.512519
62243,8.317823
62264,8.568816
62285,8.578199
62306,8.374122
62327,8.367084
62348,8.099671
62369,8.132511
62390,8.170043
62411,8.097325
62432,7.923741
62453,7.820529
62474,7.818184
62495,7.904976
62516,7.980039
62537,7.883864
62558,7.773615
62579,7.926087
62600,8.050411
62621,8.092634
62642,7.923741
62663,8.003496
62684,8.36943
62705,8.474987
62726,8.557088
62747,8.702522
62768,8.911292
62789,8.941787
62810,9.044999
62831,9.399203
62852,9.354634
62873,9.190434
62894,9.385129
62915,9.685382
62936,9.708839
62957,9.816743
62978,9.955141
62999,9.957487
63020,9.915263
63041,9.995018
63062,10.04428
63083,9.938721
63104,10.07477
63125,10.10761
63146,9.98798
63167,9.936375
63188,9.877731
63209,9.858966
63230,10.06539
63251,10.04193
63272,10.02082
63293,9.950449
63314,10.0302
63335,10.20613
63356,10.21786
63377,10.05601
63398,10.08416
63419,10.10058
63440,10.19675
63461,10.14045
63482,10.22021
63503,10.2507
63524,10.32342
63545,10.26947
63566,10.33515
63587,10.36095
63608,10.32107
63629,10.2812
63650,10.26008
63671,10.38206
63692,10.41725
63713,10.36095
63734,10.3633
63755,10.26947
63776,10.36799
63797,10.23428
63818,10.30231
63839,10.46182
63860,10.58849
63881,10.4712
63902,10.56738
63923,10.52046
63944,10.70343
63965,10.6096
63986,10.63306
64007,10.60022
64028,10.7175
64049,10.66355
64070,10.78553
64091,10.66824
64112,10.57207
64133,10.62602
64154,10.59552
64175,10.60256
64196,10.5838
64217,10.62367
64238,10.78787
64259,10.8559
64280,10.82071
64301,10.83479
64322,10.97084
64343,11.00837
64364,11.14442
64385,11.08343
64406,11.16554
64427,11.15146
64448,11.17257
64469,11.29924
64490,11.25702
64511,11.22887
64532,11.2101
64553,11.11158
64574,11.23356
64595,11.21245
64616,11.13973
64637,11.06936
64658,10.97553
64679,10.74565
64700,10.61429
64721,10.3891
64742,10.25305
64763,10.14514
64784,10.15453
64805,10.10058
64826,9.943413
64847,9.934029
64868,9.732296
64889,9.7581
64910,9.74637
64931,9.711185
64952,9.765137
64973,9.812052
64994,9.828471
65015,9.875386
65036,9.779211
65057,9.809706
65078,9.661925
65099,9.631431
65120,9.56575
65141,9.544639
65162,9.464884
65183,9.453156
65204,9.420315
65225,9.432044
65246,9.462538
65267,9.333523
65288,9.35698
65309,9.375746
65330,9.38982
65351,9.265497
65372,9.054381
65393,9.134136
65414,9.087222
65435,9.09895
65456,9.037962
65477,9.04969
65498,8.923021
65519,8.98401
65540,8.993393
65561,8.854995
65582,8.826846
65603,8.751783
65624,8.747091
65645,8.667336
65666,8.84092
65687,8.885489
65708,8.479678
65729,8.48437
65750,8.505482
65771,8.538322
65792,8.493753
65813,8.491407
65834,8.479678
65855,8.505482
65876,8.531285
65897,8.702522
65918,8.629806
65939,8.474987
65960,8.425727
65981,8.573507
66002,8.491407
66023,8.460913
66044,8.432764
66065,8.374122
66086,8.38585
66107,8.336589
66128,8.413999
66149,8.505482
66170,8.383504
66191,8.383504
66212,8.425727
66233,8.432764
66254,8.392887
66275,8.416345
66296,8.40227
66317,8.310786
66338,8.353009
66359,8.30844
66380,8.299058
66401,8.22634
66422,8.109054
66443,8.22634
66464,7.883864
66485,8.299058
66506,8.167697
66527,8.235723
66548,8.371776
66569,8.470296
66590,8.575853
66611,8.862032
66632,8.803389
66653,8.768204
66674,8.864378
66695,9.124753
66716,9.34056
66737,9.41797
66758,9.425007
66779,9.596244
66800,9.607973
66821,9.607973
66842,9.762791
66863,9.85662
66884,9.957487
66905,10.03724
66926,10.21317
66947,10.16156
66968,10.14045
66989,10.33749
67010,10.30231
67031,10.29058
67052,10.32107
67073,10.38441
67094,10.29527
67115,10.36095
67136,10.3891
67157,10.34922
67178,10.42429
67199,10.34688
67220,10.22021
67241,10.18268
67262,10.33749
67283,10.36564
67304,10.07243
67325,10.13342
67346,10.31873
67367,10.33984
67388,10.40083
67409,10.32342
67430,10.27885
67451,10.18268
67472,10.24601
67493,10.27181
67514,10.22725
67535,10.23194
67556,10.10761
67577,10.18268
67598,10.26478
67619,10.35861
67640,10.25774
67661,10.40083
67682,10.42429
67703,10.47589
67724,10.5533
67745,10.69639
67766,10.64009
67787,10.97319
67808,10.91454
67829,10.86059
67850,10.77145
67871,10.90751
67892,11.14442
67913,11.30393
67934,11.55962
67955,11.62061
67976,11.55962
67997,11.61122
68018,11.44702
68039,11.49628
68060,11.54789
68081,11.53147
68102,11.569
68123,11.50332
68144,11.54554
68165,11.49394
68186,11.39073
68207,11.36492
68228,11.26171
68249,11.35788
68270,11.32504
68291,11.24529
68312,11.17961
68333,11.15146
68354,11.0506
68375,11.0764
68396,10.98726
68417,10.90985
68438,10.88639
68459,10.72219
68480,10.82071
68501,10.67293
68522,10.75503
68543,10.6354
68564,10.50404
68585,10.40787
68606,10.31169
68627,10.23663
68648,10.10292
68669,10.11465
68690,9.971561
68711,9.934029
68732,9.833163
68753,9.957487
68774,9.868348
68795,9.767483
68816,9.713531
68837,9.7581
68858,9.847238
68879,9.800323
68900,9.795631
68921,9.7581
68942,9.537601
68963,9.659579
68984,9.699456
69005,9.654888
69026,9.471921
69047,9.460192
69068,9.476612
69089,9.474266
69110,9.462538
69131,9.469575
69152,9.446118
69173,9.453156
69194,9.457847
69215,9.331178
69236,9.38982
69257,9.50007
69278,9.542293
69299,9.514144
69320,9.575133
69341,9.622047
69362,9.605627
69383,9.443772
69404,9.439081
69425,9.413278
69446,9.493032
69467,9.54933
69488,9.359325
69509,9.178705
69530,9.469575
69551,9.270188
69572,9.371055
69593,9.166977
69614,9.059073
69635,8.991047
69656,8.873761
69677,8.859686
69698,8.93475
69719,8.862032
69740,8.737708
69761,8.611039
69782,8.648571
69803,8.629806
69824,8.53363
69845,8.470296
69866,8.458567
69887,8.421036
69908,8.432764
69929,8.421036
69950,8.310786
69971,8.306095
69992,8.350664
70013,8.40227
70034,8.388196
70055,8.45153
70076,8.411653
70097,8.345972
70118,8.489061
70139,8.45153
70160,8.521902
70181,8.580544
70202,8.498445
70223,8.547705
70244,8.716597
70265,8.655608
70286,8.589928
70307,8.575853
70328,8.604002
70349,8.819809
70370,8.749437
70391,8.876106
70412,8.923021
70433,9.110679
70454,9.077839
70475,9.115371
70496,9.136482
70517,9.2913
70538,9.091913
70559,9.059073
70580,9.2092
70601,9.572787
70622,9.408587
70643,9.204508
70664,9.387475
70685,9.79094
70706,9.53291
70727,9.232656
70748,9.605627
70769,9.973906
70790,9.546985
70811,9.429698
70832,9.720568
70853,9.584516
70874,9.736988
70895,9.837853
70916,10.02317
70937,10.02317
70958,10.03959
70979,10.32342
71000,10.24601
71021,10.24366
71042,10.28354
71063,10.48997
71084,10.37503
71105,10.27181
71126,10.3328
71147,10.40552
71168,10.2812
71189,10.07008
71210,10.12169
71231,10.10292
71252,10.31873
71273,10.17329
71294,10.27416
71315,10.19206
71336,10.17798
71357,10.2812
71378,10.10761
71399,10.13576
71420,10.2812
71441,10.21317
71462,10.14984
71483,10.2249
71504,10.23194
71525,10.12872
71546,10.29996
71567,10.39145
71588,10.33749
71609,10.2765
71630,10.31873
71651,10.3328
71672,10.38675
71693,10.40552
71714,10.41959
71735,10.52281
71756,10.50639
71777,10.50639
71798,10.46651
71819,10.43367
71840,10.40317
71861,10.33984
71882,10.49466
71903,10.58614
71924,10.67293
71945,10.75269
71966,10.70343
71987,10.71281
72008,10.68701
72029,10.81602
72050,10.89812
72071,10.80664
72092,10.83948
72113,10.87467
72134,10.9122
72155,10.97319
72176,10.87701
72197,10.79726
72218,10.74331
72239,10.76442
72260,10.91689
72281,10.83713
72302,10.88405
72323,10.938
72344,10.78084
72365,10.75034
72386,10.67997
72407,10.6659
72428,10.6917
72449,10.76207
72470,10.73392
72491,10.80899
72512,10.82306
72533,10.83244
72554,10.87467
72575,10.7175
72596,10.61664
72617,10.55096
72638,10.73158
72659,10.80664
72680,10.7175
72701,10.71281
72722,10.51108
72743,10.51577
72764,10.60725
72785,10.56503
72806,10.62602
72827,10.53219
72848,10.65886
72869,10.37503
72890,10.52984
72911,10.42194
72932,10.39848
72953,10.38206
72974,10.41256
72995,10.46651
73016,10.30465
73037,10.39145
73058,10.39145
73079,10.44305
73100,10.5533
73121,10.49466
73142,10.47355
73163,10.307
73184,10.13811
73205,10.05366
73226,9.912917
73247,9.802669
73268,9.844892
73289,9.80736
73310,9.54933
73331,9.368709
73352,9.462538
73373,9.410933
73394,9.164631
73415,9.091913
73436,9.138828
73457,9.164631
73478,8.847958
73499,8.744746
73520,8.789314
73541,8.805735
73562,8.664991
73583,8.491407
73604,8.728326
73625,8.754128
73646,8.634497
73667,8.397578
73688,8.704868
73709,8.7424
73730,8.599311
73751,8.559433
73772,8.641534
73793,8.596965
73814,8.622768
73835,8.395233
73856,8.36943
73877,8.315477
73898,8.498445
73919,8.486716
73940,8.376467
73961,8.341281
73982,8.266218
74003,8.259181
74024,8.296712
74045,8.343626
74066,8.364738
74087,8.329552
74108,8.397578
74129,8.350664
74150,8.503136
74171,8.45153
74192,8.498445
74213,8.552396
74234,8.557088
74255,8.578199
74276,8.641534
74297,8.690794
74318,8.657954
74339,8.629806
74360,8.770549
74381,8.730671
74402,8.770549
74423,8.761166
74444,8.789314
74465,8.937096
74486,8.920675
74507,8.944133
74528,8.913638
74549,8.976973
74570,9.009813
74591,8.864378
74612,8.852649
74633,8.714252
74654,8.674374
74675,8.857341
74696,8.967589
74717,8.944133
74738,9.122408
74759,9.204508
74780,9.270188
74801,9.080185
74822,9.166977
74843,9.056727
74864,9.13179
74885,9.181051
74906,9.127099
74927,9.19278
74948,9.312411
74969,9.354634
74990,9.373401
75011,9.530564
75032,9.711185
75053,9.90588
75074,9.962177
75095,9.952795
75116,9.80736
75137,9.765137
75158,9.77452
75179,9.934029
75200,10.11934
75221,10.10761
75242,9.800323
75263,9.894152
75284,9.957487
75305,9.976252
75326,10.02082
75347,9.882422
75368,10.01613
75389,10.14514
75410,10.15218
75431,9.995018
75452,10.14045
75473,10.1991
75494,10.12169
75515,10.2812
75536,10.307
75557,10.15922
75578,10.29058
75599,10.35157
75620,10.46182
75641,10.23428
75662,10.27416
75683,10.39145
75704,10.45947
75725,10.46416
75746,10.45478
75767,10.34453
75788,10.33984
75809,10.41959
75830,10.42194
75851,10.36095
75872,10.30465
75893,10.497
75914,10.51108
75935,10.39379
75956,10.38206
75977,10.39379
75998,10.44071
76019,10.51342
76040,10.54861
76061,10.89812
76082,10.96849
76103,11.09517
76124,11.0764
76145,10.97553
76166,10.77849
76187,10.7175
76208,10.70577
76229,10.64947
76250,10.62836
76271,10.65886
76292,10.60491
76313,10.51811
76334,10.39145
76355,10.37033
76376,10.41725
76397,10.43132
76418,10.53923
76439,10.53688
76460,10.65886
76481,10.62367
76502,10.68232
76523,10.6354
76544,10.68232
76565,10.60022
76586,10.59787
76607,10.5533
76628,10.53453
76649,10.65417
76670,10.66824
76691,10.59318
76712,10.56034
76733,10.43601
76754,10.46182
76775,10.39848
76796,10.45244
76817,10.38441
76838,10.43367
76859,10.19206
76880,10.12872
76901,9.985635
76922,9.934029
76943,9.931683
76964,9.891806
76985,9.830817
77006,9.725259
77027,9.683037
77048,9.61501
77069,9.732296
77090,9.732296
77111,9.713531
77132,9.729951
77153,9.765137
77174,9.725259
77195,9.692419
77216,9.725259
77237,9.814397
77258,9.788594
77279,9.833163
77300,9.805015
77321,9.819089
77342,9.741679
77363,9.715877
77384,9.607973
77405,9.673654
77426,9.781557
77447,9.919954
77468,9.85662
77489,10.09823
77510,9.992672
77531,9.823779
77552,9.643159
77573,9.643159
77594,9.659579
77615,9.687728
77636,9.854274
77657,9.58217
77678,9.464884
77699,9.490686
77720,9.481303
77741,9.333523
77762,9.352288
77783,8.580544
77804,8.974627
77825,9.044999
77846,9.277225
77867,9.328832
77888,9.300683
77909,9.101295
77930,9.155248
77951,9.225619
77972,9.166977
77993,9.134136
78014,9.073148
78035,9.103642
78056,9.117716
78077,9.084876
78098,9.014504
78119,9.014504
78140,8.962898
78161,8.871415
78182,9.005121
78203,8.758821
78224,8.672029
78245,8.662645
78266,8.740054
78287,8.777586
78308,8.62746
78329,8.650917
78350,8.779932
78371,8.723634
78392,8.711905
78413,8.805735
78434,8.740054
78455,8.723634
78476,8.904256
78497,8.836229
78518,8.747091
78539,8.798697
78560,8.749437
78581,8.69314
78602,8.632151
78623,8.524248
78644,8.505482
78665,8.596965
78686,8.514865
78707,8.505482
78728,8.526593
78749,8.331898
78770,8.421036
78791,8.43511
78812,8.256835
78833,8.240415
78854,8.353009
78875,8.444492
78896,8.625113
78917,8.552396
78938,8.568816
78959,8.585237
78980,8.655608
79001,8.817463
79022,8.836229
79043,8.871415
79064,8.878452
79085,8.93475
79106,8.960552
79127,8.908947
79148,8.939441
79169,8.967589
79190,8.965244
79211,9.155248
79232,9.150557
79253,9.108333
79274,8.979319
79295,8.955861
79316,9.347597
79337,9.319448
79358,9.312411
79379,9.396858
79400,9.352288
79421,9.298337
79442,9.251423
79463,9.387475
79484,9.427352
79505,9.441426
79526,9.51649
79547,9.626739
79568,9.732296
79589,9.753407
79610,9.891806
79631,9.990326
79652,10.12638
79673,10.19441
79694,10.24601
79715,10.32107
79736,10.38441
79757,10.45947
79778,10.53923
79799,10.43601
79820,10.64478
79841,10.70108
79862,10.57676
79883,10.55799
79904,10.57207
79925,10.49466
79946,10.59787
79967,10.67528
79988,10.61429
80009,10.54861
80030,10.48058
80051,10.48293
80072,10.47355
80093,10.5838
80114,10.51811
80135,10.48528
80156,10.45947
80177,10.52046
80198,10.80195
80219,10.68232
80240,10.53219
80261,10.60256
80282,10.65417
80303,10.2812
80324,10.35157
80345,10.49935
80366,10.36799
80387,10.42194
80408,10.4149
80429,10.25539
80450,10.1686
80471,10.2812
80492,10.17564
80513,10.3891
80534,10.33515
80555,10.26008
80576,10.37972
80597,10.4149
80618,10.40317
80639,10.34453
80660,10.3633
80681,10.47355
80702,10.5791
80723,10.51342
80744,10.52984
80765,10.61194
80786,10.69404
80807,10.77614
80828,10.77849
80849,10.93565
80870,10.93331
80891,11.01072
80912,10.97084
80933,10.87936
80954,10.81133
80975,10.83713
80996,10.65182
81017,10.57441
81038,10.49466
81059,10.42898
81080,10.31873
81101,10.27885
81122,10.32342
81143,10.23194
81164,10.17564
81185,10.22255
81206,10.20144
81227,10.28589
81248,10.26478
81269,10.2249
81290,10.26478
81311,10.36799
81332,10.44071
81353,10.46885
81374,10.44774
81395,10.44071
81416,10.36095
81437,10.41959
81458,10.43836
81479,10.45009
81500,10.42663
81521,10.38441
81542,10.37033
81563,10.33046
81584,10.30231
81605,10.24132
81626,10.26947
81647,10.03724
81668,9.802669
81689,9.624393
81710,9.650196
81731,9.530564
81752,9.352288
81773,9.284263
81794,9.284263
81815,9.251423
81836,9.15994
81857,9.206854
81878,9.042653
81899,9.030925
81920,8.939441
81941,8.908947
81962,8.981664
81983,8.894873
82004,8.64388
82025,8.796351
82046,8.859686
82067,8.786969
82088,8.714252
82109,8.669683
82130,8.592274
82151,8.683757
82172,8.695485
82193,8.580544
82214,8.482024
82235,8.543014
82256,8.505482
82277,8.383504
82298,8.334244
82319,8.348318
82340,8.294367
82361,8.282638
82382,8.350664
82403,8.524248
82424,8.456222
82445,8.479678
82466,8.510174
82487,8.683757
82508,8.681411
82529,8.700177
82550,8.557088
82571,8.503136
82592,8.421036
82613,8.409307
82634,8.259181
82655,8.221649
82676,8.120783
82697,8.106709
82718,8.078559
82739,8.167697
82760,7.904976
82781,7.923741
82802,7.822875
82823,7.879173
82844,7.855715
82865,7.893247
82886,8.022263
82907,8.078559
82928,8.069177
82949,8.266218
82970,8.317823
82991,8.242761
83012,8.284984
83033,8.43511
83054,8.611039
83075,8.7424
83096,8.887836
83117,8.819809
83138,8.920675
83159,9.066111
83180,9.190434
83201,9.09895
83222,9.176359
83243,9.380438
83264,9.321795
83285,8.925366
83306,8.704868
83327,9.225619
83348,9.586862
83369,9.08253
83390,10.09119
83411,9.195126
83432,9.364017
83453,9.629085
83474,9.443772
83495,9.51649
83516,9.704147
83537,9.875386
83558,9.556367
83579,9.755754
83600,9.600936
83621,9.586862
83642,9.896498
83663,9.478958
83684,9.650196
83705,10.02317
83726,10.15218
83747,10.02082
83768,10.02082
83789,10.04662
83810,9.969215
83831,10.55799
83852,10.26243
83873,10.45713
83894,10.50873
83915,10.24132
83936,10.47824
83957,10.72454
83978,10.90516
83999,10.98492
84020,11.02714
84041,11.09047
84062,11.2406
84083,11.3227
84104,11.30628
84125,11.30159
84146,11.16788
84167,11.14442
84188,11.25467
84209,11.35554
84230,11.08813
84251,10.94269
84272,10.9122
84293,10.79022
84314,10.77145
84335,10.79256
84356,10.79726
84377,10.86763
84398,10.79491
84419,10.86059
84440,10.84417
84461,10.76676
84482,10.748
84503,10.87936
84524,10.83244
84545,10.78318
84566,11.08343
84587,11.00134
84608,11.36258
84629,11.128
84650,10.82775
84671,10.748
84692,10.80429
84713,10.89812
84734,11.08109
84755,10.96146
84776,10.80899
84797,10.83244
84818,10.68232
84839,10.66355
84860,10.61898
84881,10.62133
84902,10.6096
84923,10.47589
84944,10.37737
84965,10.3633
84986,10.29996
85007,10.10996
85028,10.02317
85049,10.02317
85070,9.985635
85091,9.952795
85112,9.945757
85133,9.821435
85154,9.797977
85175,9.889461
85196,9.863657
85217,9.924646
85238,9.931683
85259,9.936375
85280,10.15453
85301,10.27416
85322,10.33515
85343,10.29762
85364,10.50873
85385,10.62836
85406,10.37033
85427,10.05132
85448,10.20144
85469,10.05601
85490,9.926992
85511,9.971561
85532,9.821435
85553,9.633776
85574,9.429698
85595,9.476612
85616,9.432044
85637,9.328832
85658,9.080185
85679,8.822155
85700,8.629806
85721,8.17708
85742,8.920675
85763,8.986356
85784,8.995738
85805,8.43511
85826,9.04969
85847,9.091913
85868,8.958207
85889,8.782278
85910,8.817463
85931,9.026234
85952,8.72598
85973,8.751783
85994,8.733017
86015,8.681411
86036,8.596965
86057,8.758821
86078,8.64388
86099,8.634497
86120,8.761166
86141,8.723634
86162,8.601656
86183,8.721289
86204,8.695485
86225,8.723634
86246,8.714252
86267,8.690794
86288,8.72598
86309,8.79166
86330,8.775241
86351,8.697831
86372,8.829192
86393,9.005121
86414,8.782278
86435,8.697831
86456,8.833883
86477,8.599311
86498,8.604002
86519,8.812772
86540,8.702522
86561,8.543014
86582,8.364738
86603,8.228686
86624,8.277946
86645,8.174734
86666,8.343626
86687,8.270909
86708,8.163006
86729,8.118437
86750,8.207574
86771,8.179425
86792,8.174734
86813,8.242761
86834,8.378813
86855,8.45153
86876,8.571162
86897,8.740054
86918,8.845612
86939,8.991047
86960,8.991047
86981,9.014504
87002,9.101295
87023,9.256114
87044,9.446118
87065,9.471921
87086,9.481303
87107,9.589207
87128,9.591553
87149,9.593899
87170,9.626739
87191,9.701802
87212,9.894152
87233,9.835509
87254,9.690074
87275,9.765137
87296,10.03255
87317,9.973906
87338,9.603281
87359,9.776865
87380,10.0044
87401,9.969215
87422,9.835509
87443,9.903535
87464,10.01613
87485,9.966869
87506,9.9223
87527,9.898843
87548,9.833163
87569,9.908226
87590,9.969215
87611,10.10292
87632,10.0044
87653,9.966869
87674,9.919954
87695,10.00675
87716,9.926992
87737,9.995018
87758,10.23194
87779,10.28354
87800,10.19441
87821,10.17329
87842,10.24836
87863,10.32342
87884,10.44305
87905,10.54861
87926,10.72688
87947,10.71046
87968,10.77145
87989,10.95677
88010,11.08109
88031,10.94269
88052,11.01306
88073,11.11862
88094,10.98726
88115,10.8817
88136,11.05529
88157,11.01541
88178,11.06467
88199,11.16319
88220,11.13739
88241,11.06936
88262,11.14208
88283,11.17726
88304,11.24998
88325,11.13973
88346,11.20307
88367,11.23591
88388,11.39073
88409,11.28986
88430,11.27109
88451,11.28517
88472,11.32739
88493,11.37196
88514,11.3227
88535,11.34616
88556,11.37431
88577,11.34146
88598,11.38134
88619,11.28986
88640,11.2101
88661,11.1327
88682,10.95677
88703,10.79726
88724,10.70108
88745,10.68466
88766,10.45947
88787,10.40317
88808,10.29762
88829,10.15453
88850,10.14749
88871,10.13107
88892,10.02317
88913,10.13107
88934,10.20613
88955,10.39614
88976,10.31169
88997,10.12403
89018,10.15922
89039,10.32811
89060,10.2812
89081,10.18268
89102,10.07712
89123,10.33749
89144,10.31873
89165,10.39145
89186,10.42663
89207,10.35157
89228,10.12403
89249,10.07712
89270,10.14749
89291,10.06773
89312,9.823779
89333,9.79094
89354,9.729951
89375,9.612664
89396,9.53291
89417,9.53291
89438,9.511798
89459,9.481303
89480,9.551676
89501,9.441426
89522,9.314757
89543,9.256114
89564,9.267843
89585,9.249077
89606,9.260805
89627,9.244386
89648,9.279572
89669,9.270188
89690,9.286609
89711,9.225619
89732,9.09895
89753,9.103642
89774,9.012158
89795,9.056727
89816,8.939441
89837,8.880798
89858,8.831537
89879,8.730671
89900,8.679066
89921,8.765858
89942,8.681411
89963,8.611039
89984,8.578199
90005,8.604002
90026,8.672029
90047,8.634497
90068,8.540668
90089,8.664991
90110,8.592274
90131,8.634497
90152,8.585237
90173,8.604002
90194,8.744746
90215,8.819809
90236,8.728326
90257,8.695485
90278,8.72598
90299,8.650917
90320,8.653263
90341,8.641534
90362,8.486716
90383,8.700177
90404,8.573507
90425,8.56647
90446,8.395233
90467,8.381159
90488,8.336589
90509,8.378813
90530,8.350664
90551,8.437455
90572,8.496099
90593,8.456222
90614,8.299058
90635,8.376467
90656,8.540668
90677,8.421036
90698,8.36943
90719,8.517211
90740,8.573507
90761,8.704868
90782,8.794006
90803,8.878452
90824,8.892527
90845,8.862032
90866,8.911292
90887,8.918329
90908,9.054381
90929,9.148211
90950,9.171668
90971,9.333523
90992,9.354634
91013,9.284263
91034,9.361671
91055,9.425007
91076,9.539948
91097,9.439081
91118,9.629085
91139,9.809706
91160,9.821435
91181,9.744025
91202,9.720568
91223,9.844892
91244,9.9223
91265,9.79094
91286,9.910572
91307,9.992672
91328,10.0302
91349,10.21317
91370,10.15218
91391,10.05835
91412,10.19441
91433,10.21552
91454,10.20379
91475,10.08416
91496,10.10527
91517,10.07712
91538,10.09823
91559,10.17095
91580,10.18268
91601,10.29058
91622,10.53219
91643,10.59083
91664,10.62367
91685,10.55799
91706,10.69404
91727,10.85824
91748,10.91454
91769,11.10924
91790,11.30159
91811,11.47986
91832,11.19134
91853,11.28517
91874,11.32035
91895,11.14208
91916,11.2101
91937,11.2969
91958,11.39776
91979,11.18665
92000,11.22183
92021,11.09985
92042,11.12566
92063,11.11158
92084,11.10924
92105,11.1327
92126,11.08813
92147,11.13739
92168,11.25936
92189,11.22418
92210,11.28517
92231,11.17257
92252,11.26875
92273,11.2406
92294,11.32739
92315,11.28751
92336,11.38134
92357,11.28517
92378,11.1843
92399,11.20776
92420,11.17257
92441,11.2148
92462,11.2101
92483,11.13504
92504,11.13739
92525,10.96146
92546,10.87467
92567,10.80899
92588,10.49935
92609,10.52984
92630,10.45244
92651,10.30231
92672,10.29762
92693,10.26008
92714,10.22021
92735,10.20613
92756,10.29762
92777,10.17798
92798,10.06539
92819,10.26478
