8820,10.55096
8841,10.68935
8862,10.81368
8883,10.98492
8904,11.08109
8925,11.15615
8946,11.39776
8967,11.38603
8988,11.32739
9009,11.42591
9030,11.03652
9051,10.71281
9072,10.94504
9093,10.26243
9114,10.0302
9135,10.02786
9156,9.765137
9177,9.654888
9198,9.51649
9219,9.596244
9240,9.425007
9261,9.164631
9282,8.986356
9303,8.857341
9324,8.763512
9345,8.557088
9366,8.561779
9387,8.41869
9408,8.28733
9429,8.090288
9450,8.071522
9471,8.097325
9492,8.184117
9513,8.085596
9534,7.883864
9555,8.1935
9576,8.155969
9597,8.118437
9618,7.848678
9639,7.766578
9660,7.888556
9681,7.743121
9702,7.447559
9723,7.297433
9744,7.428793
9765,7.313853
9786,7.21064
9807,6.978414
9828,7.091009
9849,7.252864
9870,7.278666
9891,7.433485
9912,7.548426
9933,7.656329
9954,7.876827
9975,7.73843
9996,7.883864
10017,7.574229
10038,7.475708
10059,7.309161
10080,6.98076
10101,6.938537
10122,6.832979
10143,6.823596
10164,6.795447
10185,6.800139
10206,6.863473
10227,6.879893
10248,7.180147
10269,7.229407
10290,7.25521
10311,7.372496
10332,7.405336
10353,7.492128
10374,7.492128
10395,7.459288
10416,7.524968
10437,7.379533
10458,7.405336
10479,7.419411
10500,7.532005
10521,7.668057
10542,7.754849
10563,7.883864
10584,7.998805
10605,8.188808
10626,8.282638
10647,8.310786
10668,8.322515
10689,8.381159
10710,8.137203
10731,7.930779
10752,7.736084
10773,7.496819
10794,7.184838
10815,6.985451
10836,6.847053
10857,6.945574
10878,6.88693
10899,6.781373
10920,6.610135
10941,6.746187
10962,6.943228
10983,6.901005
11004,6.828288
11025,6.994834
11046,7.330273
11067,7.344347
11088,7.592994
11109,7.492128
11130,7.865098
11151,7.933125
11172,7.883864
11193,8.045719
11214,8.294367
11235,8.38585
11256,8.238069
11277,8.592274
11298,8.871415
11319,8.869069
11340,8.733017
11361,8.53363
11382,9.002776
11403,8.892527
11424,9.368709
11445,8.927712
11466,8.704868
11487,9.263151
11508,9.256114
11530,9.272534
11551,9.54933
11572,9.751062
11593,10.20144
11614,10.39379
11635,10.33749
11656,10.6659
11677,10.36799
11698,10.497
11719,10.21317
11740,10.10761
11761,10.0044
11782,10.08416
11803,10.05835
11824,10.07243
11845,10.16156
11866,10.40083
11887,9.950449
11908,9.969215
11929,9.786248
11950,9.732296
11971,9.765137
11992,9.579824
12013,9.589207
12034,9.572787
12055,9.666616
12076,9.706493
12097,9.607973
12118,9.753407
12139,9.926992
12160,9.966869
12181,10.32107
12202,10.77614
12223,11.07405
12244,11.36727
12265,11.60419
12286,11.32035
12307,10.9943
12328,10.54861
12349,10.09119
12370,9.577478
12391,9.164631
12412,8.913638
12433,8.69314
12454,8.711905
12475,8.700177
12496,8.775241
12517,8.923021
12538,9.047344
12559,9.305374
12580,9.441426
12601,9.680691
12622,9.819089
12643,9.973906
12664,9.926992
12685,9.861312
12706,9.955141
12727,9.891806
12748,9.941067
12769,9.941067
12790,10.09354
12811,10.27416
12832,10.52281
12853,10.60725
12874,10.82541
12895,10.57441
12916,10.41256
12937,10.12169
12958,9.894152
12979,9.483649
13000,9.218582
13021,9.005121
13042,8.836229
13063,8.740054
13084,8.918329
13105,8.918329
13126,8.850304
13147,8.918329
13168,8.95117
13189,8.843266
13210,8.761166
13231,8.768204
13252,8.794006
13273,8.779932
13294,8.805735
13315,8.822155
13336,8.833883
13357,8.948824
13378,9.113025
13399,9.044999
13420,9.040307
13441,9.183396
13462,9.150557
13483,9.277225
13504,9.310066
13525,9.213891
13546,9.15994
13567,8.98401
13588,8.946478
13609,8.843266
13630,8.798697
13651,8.728326
13672,8.303749
13693,8.360046
13714,8.14424
13735,8.109054
13756,8.165352
13777,8.038682
13798,8.094979
13819,8.242761
13840,8.17708
13861,8.270909
13882,8.195846
13903,8.06214
13924,8.094979
13945,7.86979
13966,7.85337
13987,7.794726
14008,7.724355
14029,7.66102
14050,7.569537
14071,7.515585
14092,7.532005
14113,7.621143
14134,7.557808
14155,7.515585
14176,7.590648
14197,7.602377
14219,7.724355
14240,7.670403
14261,7.532005
14282,7.66102
14303,7.522622
14324,7.588303
14345,7.452251
14366,7.623489
14387,7.548426
14408,7.571883
14429,7.698552
14450,7.872136
14471,7.912013
14492,8.019917
14513,8.268563
14534,8.444492
14555,8.474987
14576,8.599311
14597,8.56647
14618,8.428073
14639,8.216957
14660,8.080905
14681,7.811147
14702,7.463979
14723,7.405336
14744,7.128541
14765,7.170763
14786,7.041749
14807,7.044094
14828,6.936191
14849,6.924462
14870,6.924462
14891,6.98076
14912,7.034711
14933,7.166072
14954,7.091009
14975,7.182492
14996,7.35373
15017,7.358422
15038,7.466325
15059,7.581266
15080,7.555463
15101,7.569537
15122,7.604722
15143,7.747812
15164,7.787689
15185,7.747812
15206,8.277946
15227,8.026954
15248,8.1935
15269,8.404615
15290,8.22634
15311,8.080905
15332,7.928433
15353,7.956582
15374,7.832259
15395,7.663366
15416,7.766578
15437,7.822875
15458,7.787689
15479,7.865098
15500,8.041028
15521,8.263872
15542,8.238069
15563,8.48437
15584,8.470296
15605,8.376467
15626,8.277946
15647,8.395233
15668,8.524248
15689,8.535976
15710,8.606348
15731,8.857341
15752,8.923021
15773,8.939441
15794,8.979319
15815,9.08253
15836,8.995738
15857,9.096604
15878,9.455501
15899,9.530564
15920,9.518835
15941,9.889461
15962,9.889461
15983,9.861312
16004,9.966869
16025,10.12638
16046,10.10996
16067,10.04193
16088,10.117
16109,10.17798
16130,10.45478
16151,10.55799
16172,10.8559
16193,10.8817
16214,11.17257
16235,11.32739
16256,11.16319
16277,11.09985
16298,10.74565
16319,10.45478
16340,10.14984
16361,9.877731
16382,9.7581
16403,9.657233
16424,9.748716
16445,9.657233
16466,9.77452
16487,9.79094
16508,9.788594
16529,9.751062
16550,9.652542
16571,9.446118
16592,9.392166
16613,9.366363
16634,9.288955
16655,9.223273
16676,9.178705
16697,9.293646
16718,9.349943
16739,9.413278
16760,9.650196
16781,9.882422
16802,10.19206
16823,10.38675
16844,10.28354
16865,10.51342
16886,10.44305
16907,10.30231
16928,9.936375
16949,9.654888
16970,9.310066
16991,9.190434
17012,8.988701
17033,8.749437
17054,8.737708
17075,8.754128
17096,8.72598
17117,8.770549
17138,8.836229
17159,9.113025
17180,9.120062
17201,9.310066
17222,9.528218
17243,9.809706
17264,9.919954
17285,10.03724
17306,10.18268
17327,10.29762
17348,10.47355
17369,10.59318
17390,10.64009
17411,10.72688
17432,10.87936
17453,10.93331
17474,11.08343
17495,11.14208
17516,11.09517
17537,11.00134
17558,10.82775
17579,10.51342
17600,10.32342
17621,10.18971
17642,9.990326
17663,9.952795
17684,9.584516
17705,9.633776
17726,9.525873
17747,9.546985
17768,9.495378
17789,9.413278
17810,9.326486
17831,9.188088
17852,9.190434
17873,9.110679
17894,8.920675
17915,8.873761
17936,8.702522
17957,8.714252
17978,8.681411
17999,8.672029
18020,8.550051
18041,8.646226
18062,8.531285
18083,8.503136
18104,8.409307
18125,8.620422
18146,8.482024
18167,8.139548
18188,8.2756
18209,8.247452
18230,7.944853
18251,7.818184
18272,7.597685
18293,7.607069
18314,7.529659
18335,7.398299
18356,7.473362
18377,7.447559
18398,7.461633
18419,7.473362
18440,7.494474
18461,7.395953
18482,7.719663
18503,7.736084
18524,7.80411
18545,7.719663
18566,7.37015
18587,7.229407
18608,7.100392
18629,6.938537
18650,6.840016
18671,6.715693
18692,6.790756
18713,6.764953
18734,6.877548
18755,7.039403
18776,7.142614
18797,7.140269
18818,7.135578
18839,7.445214
18860,7.278666
18881,7.393607
18902,7.342001
18923,7.410028
18944,7.410028
18965,7.473362
18986,7.38657
19007,7.574229
19028,7.590648
19049,7.618797
19070,7.923741
19091,7.930779
19112,8.167697
19133,8.413999
19154,8.505482
19175,8.592274
19196,8.486716
19217,8.263872
19238,8.301403
19259,8.033991
19280,7.665711
19301,7.466325
19322,7.417065
19343,7.14496
19364,7.123849
19385,7.21064
19406,7.074589
19427,7.018291
19448,7.072243
19469,7.0957
19490,7.083972
19511,7.0136
19532,7.100392
19553,7.229407
19575,7.212986
19597,7.384225
19618,7.639909
19639,7.747812
19660,7.811147
19681,7.86979
19702,8.106709
19723,8.268563
19744,8.40227
19765,8.479678
19786,8.608693
19807,8.723634
19828,8.697831
19849,8.749437
19870,8.887836
19891,8.946478
19912,8.822155
19933,8.878452
19954,8.854995
19975,8.758821
19996,8.777586
20017,8.847958
20038,8.833883
20059,8.831537
20080,8.976973
20101,9.103642
20122,9.239694
20143,9.401549
20164,9.542293
20185,9.720568
20206,9.772174
20227,9.718222
20248,9.661925
20269,9.765137
20290,9.781557
20311,9.694765
20332,9.809706
20353,9.760445
20374,9.851928
20395,9.910572
20416,9.842546
20437,9.976252
20458,9.957487
20479,9.957487
20500,9.938721
20521,10.05835
20542,10.28823
20563,10.16156
20584,10.23194
20605,10.43367
20626,10.41021
20647,10.5275
20668,10.52281
20689,10.62602
20710,10.67997
20731,10.72923
20752,10.75034
20773,11.00134
20794,10.98257
20815,11.10924
20836,11.09985
20857,10.97319
20878,10.74331
20899,10.54392
20920,10.39614
20941,10.09354
20962,9.858966
20983,9.769828
21004,9.701802
21025,9.652542
21046,9.713531
21067,9.739333
21088,9.699456
21109,9.772174
21130,9.797977
21151,9.830817
21172,9.849584
21193,9.863657
21214,9.826125
21235,9.802669
21256,9.772174
21277,9.603281
21298,9.74637
21319,9.9223
21340,9.969215
21361,10.02786
21382,10.04193
21403,10.19206
21424,10.24836
21445,10.22725
21466,10.31169
21487,10.23897
21508,10.1991
21529,10.10761
21550,10.04193
21571,9.887115
21592,9.657233
21613,9.530564
21634,9.434389
21655,9.448463
21676,9.432044
21697,9.410933
21718,9.436735
21739,9.497724
21760,9.493032
21781,9.61501
21802,9.706493
21823,9.772174
21844,9.821435
21865,10.01613
21886,10.10761
21907,10.24132
21928,10.39379
21949,10.41021
21970,10.51811
21991,10.57676
22012,10.68701
22033,10.66121
22054,10.81837
22075,10.75034
22096,10.71046
22117,10.80429
22138,10.73861
22159,10.7738
22180,10.65417
22201,10.56268
22222,10.44305
22243,10.35157
22264,10.29527
22285,10.06773
22306,10.20613
22327,10.05132
22348,10.04193
22369,9.964523
22390,10.02082
22411,9.969215
22432,9.978598
22453,9.901189
22474,9.842546
22495,9.692419
22516,9.711185
22537,9.607973
22558,9.786248
22579,9.917608
22600,9.945757
22621,9.959831
22642,9.882422
22663,9.903535
22684,9.992672
22705,9.997364
22726,9.952795
22747,9.98329
22768,9.915263
22789,9.877731
22810,9.788594
22831,9.732296
22852,9.539948
22873,9.467229
22894,9.277225
22915,9.288955
22936,9.328832
22957,9.091913
22978,8.988701
22999,8.906601
23020,8.915984
23041,8.969935
23062,8.965244
23083,8.953515
23104,8.826846
23125,8.958207
23146,9.01685
23167,9.019196
23188,9.059073
23209,8.937096
23230,8.913638
23251,8.826846
23272,8.843266
23293,8.798697
23314,8.810426
23335,8.923021
23356,8.798697
23377,8.779932
23398,8.770549
23419,8.641534
23440,8.615731
23461,8.669683
23482,8.582891
23503,8.613385
23524,8.646226
23545,8.679066
23566,8.721289
23587,8.632151
23608,8.632151
23629,8.639189
23650,8.686103
23671,8.669683
23692,8.711905
23713,8.728326
23734,9.035616
23755,8.880798
23776,8.995738
23797,8.918329
23818,8.991047
23839,8.946478
23860,9.152903
23881,9.103642
23902,9.021542
23923,9.059073
23944,9.075493
23965,8.883143
23986,8.880798
24007,8.733017
24028,8.634497
24049,8.632151
24070,8.646226
24091,8.474987
24112,8.465604
24133,8.582891
24154,8.578199
24175,8.552396
24196,8.545359
24217,8.573507
24238,8.277946
24259,8.521902
24280,8.632151
24301,8.442147
24322,8.592274
24343,8.589928
24364,8.702522
24385,8.618076
24406,8.655608
24427,8.613385
24448,8.601656
24469,8.744746
24490,8.744746
24511,8.784623
24532,8.847958
24553,8.812772
24574,8.831537
24595,8.672029
24616,8.765858
24637,8.376467
24658,8.378813
24679,8.421036
24700,8.263872
24721,8.109054
24742,8.165352
24763,8.155969
24784,7.987076
24805,7.968311
24826,8.071522
24847,8.12782
24868,7.834604
24889,8.083251
24910,8.313132
24931,8.46795
24952,8.587582
24973,8.683757
24994,9.042653
25015,9.124753
25036,9.101295
25057,9.422661
25078,9.725259
25099,9.720568
25120,9.561059
25141,9.915263
25162,10.17798
25183,9.992672
25204,9.87304
25225,10.05835
25246,10.22255
25267,9.964523
25288,9.896498
25309,9.973906
25330,10.14514
25351,10.04428
25372,10.07946
25393,10.25539
25414,10.31873
25435,10.29292
25456,10.42898
25477,10.40317
25498,10.30231
25519,10.22021
25540,10.37033
25561,10.32107
25582,10.20613
25603,10.17095
25624,10.24366
25645,10.39614
25666,10.1991
25687,9.828471
25708,9.924646
25729,10.29058
25750,10.21552
25771,9.997364
25792,9.699456
25813,10.04897
25834,10.3633
25855,10.32576
25876,9.849584
25897,10.04193
25918,10.27885
25939,9.863657
25960,10.09588
25981,10.1428
26002,10.13811
26023,10.1428
26044,10.1686
26065,10.1686
26086,10.08416
26107,9.936375
26128,10.07712
26149,10.12872
26170,10.21552
26191,10.09119
26212,10.13576
26233,10.29058
26254,10.23663
26275,10.24366
26296,10.15922
26317,10.14514
26338,10.17798
26359,10.31873
26380,10.16626
26401,10.21317
26422,10.17798
26443,10.11465
26464,10.21083
26485,10.21317
26506,10.18268
26527,10.2812
26548,10.27885
26569,10.22725
26590,10.1686
26611,10.14045
26632,10.17095
26653,10.22255
26674,10.18737
26695,10.17329
26716,10.18971
26737,10.10292
26758,10.1686
26779,10.26008
26800,10.17798
26821,10.07243
26842,10.10292
26863,10.1428
26884,10.18502
26905,10.23897
26926,10.22725
26947,10.24836
26968,10.28354
26989,10.20848
27010,10.1991
27031,10.13576
27052,10.14514
27073,10.03255
27094,10.09354
27115,10.10292
27136,10.10292
27157,9.955141
27178,9.926992
27199,9.910572
27220,9.934029
27241,9.917608
27262,9.98329
27283,9.931683
27304,9.917608
27325,9.98329
27346,10.06773
27367,9.945757
27388,10.0302
27409,10.03724
27430,10.07712
27451,10.08885
27472,10.17564
27493,10.12403
27514,10.14984
27535,10.15453
27556,10.13811
27577,10.1991
27598,10.22255
27619,10.23897
27640,10.24366
27661,10.30465
27682,10.29292
27703,10.22959
27724,10.30935
27745,10.36564
27766,10.24366
27787,10.35861
27808,10.28823
27829,10.27885
27850,10.29058
27871,10.40787
27892,10.50169
27913,10.42663
27934,10.38206
27955,10.40787
27976,10.5791
27997,10.58614
28018,10.59552
28039,10.71046
28060,10.70108
28081,10.72688
28102,10.8559
28123,10.86528
28144,10.79022
28165,10.91923
28186,10.99195
28207,11.0506
28228,11.08813
28249,11.04356
28270,11.12097
28291,11.17726
28312,11.11393
28333,11.1022
28354,11.08109
28375,11.17492
28396,10.94035
28417,10.87232
28438,10.97319
28459,10.95442
28480,10.76676
28501,10.75034
28522,10.70812
28543,10.68701
28564,10.71046
28585,10.5791
28606,10.58614
28627,10.54392
28648,10.48058
28669,10.3633
28690,10.34453
28711,10.307
28732,10.26712
28753,10.25774
28774,10.24366
28795,10.26243
28816,10.2249
28837,10.1123
28858,10.07243
28879,10.09823
28900,10.04662
28921,10.01848
28942,9.910572
28963,9.74637
28984,9.671308
29005,9.685382
29026,9.554022
29047,9.61501
29068,9.507107
29089,9.568096
29110,9.612664
29131,9.589207
29152,9.502416
29173,9.368709
29194,9.408587
29215,9.352288
29236,9.373401
29257,9.446118
29278,9.455501
29299,9.378092
29320,9.342906
29341,9.225619
29362,9.244386
29383,9.206854
29404,9.103642
29425,9.056727
29446,8.967589
29467,8.995738
29488,8.911292
29509,8.815118
29530,8.817463
29551,8.838574
29572,8.878452
29593,8.681411
29614,8.545359
29635,8.589928
29656,8.662645
29677,8.636843
29698,8.629806
29719,8.594619
29740,8.756474
29761,8.535976
29782,8.552396
29803,8.596965
29824,8.740054
29845,8.803389
29866,8.768204
29887,8.786969
29908,8.779932
29929,8.829192
29950,8.817463
29971,8.887836
29992,8.817463
30013,8.899564
30034,8.819809
30055,8.890181
30076,8.869069
30097,8.958207
30118,8.8245
30139,8.833883
30160,8.876106
30181,8.641534
30202,8.913638
30223,8.937096
30244,8.883143
30265,8.866723
30286,8.801044
30307,8.927712
30329,8.969935
30352,8.972281
30373,8.95117
30394,8.965244
30415,9.021542
30436,9.030925
30457,9.005121
30478,9.061419
30499,9.138828
30520,9.120062
30541,9.073148
30562,9.08253
30583,9.199817
30604,9.178705
30625,9.096604
30646,9.129445
30667,9.066111
30688,8.962898
30709,8.976973
30730,8.93475
30751,8.770549
30772,8.723634
30793,8.737708
30814,8.782278
30835,8.657954
30856,8.636843
30877,8.718943
30898,8.667336
30919,8.67672
30940,8.749437
30961,8.789314
30982,8.927712
31003,8.887836
31024,8.958207
31045,9.028579
31066,9.044999
31087,9.120062
31108,9.021542
31129,9.073148
31150,9.068456
31172,9.030925
31193,9.040307
31214,9.15994
31235,9.331178
31256,9.349943
31277,9.312411
31298,9.40624
31319,9.610318
31340,9.563404
31361,9.504761
31382,9.530564
31403,9.657233
31424,9.61501
31445,9.584516
31466,9.561059
31487,9.525873
31508,9.617355
31529,9.617355
31550,9.58217
31571,9.769828
31592,9.802669
31613,9.854274
31634,9.849584
31655,9.816743
31676,9.929338
31697,10.13342
31718,10.11934
31739,10.18737
31760,10.13811
31781,10.24836
31802,10.26712
31823,10.32811
31844,10.33749
31865,10.39145
31886,10.21317
31907,10.22021
31928,10.3891
31949,10.36799
31970,10.28823
31991,10.26947
32012,10.38441
32033,10.31638
32054,10.22725
32075,10.17329
32096,10.22255
32117,10.5791
32138,10.48997
32159,10.41256
32180,10.38675
32201,10.51811
32222,10.54157
32243,10.59787
32264,10.51342
32285,10.58145
32306,10.65651
32327,10.70108
32348,10.62602
32369,10.61429
32390,10.62133
32411,10.67997
32432,10.67293
32453,10.64713
32474,10.61194
32495,10.58614
32516,10.50873
32537,10.48293
32558,10.56972
32579,10.4454
32600,10.49935
32621,10.50169
32642,10.497
32663,10.47589
32684,10.50404
32705,10.49935
32726,10.38675
32747,10.37268
32768,10.40083
32789,10.43601
32810,10.55096
32831,10.51108
32852,10.46651
32873,10.61898
32894,10.58849
32915,10.59083
32936,10.59552
32957,10.64009
32978,10.66355
32999,10.63306
33020,10.65417
33041,10.59318
33062,10.61898
33083,10.51577
33104,10.49231
33125,10.50169
33146,10.49935
33167,10.51811
33188,10.35391
33209,10.32342
33230,10.40787
33251,10.38675
33272,10.39379
33293,10.40083
33314,10.42429
33335,10.48058
33356,10.44774
33377,10.45713
33398,10.43836
33419,10.45947
33440,10.51811
33461,10.50639
33482,10.60022
33503,10.68466
33524,10.5838
33545,10.59552
33566,10.66355
33587,10.64947
33608,10.69639
33629,10.70812
33650,10.54157
33671,10.45478
33692,10.50873
33713,10.45478
33734,10.43836
33755,10.30465
33776,10.31873
33797,10.22021
33818,10.29996
33839,10.22255
33860,10.09354
33881,10.08181
33902,10.05366
33923,10.17798
33944,10.18268
33965,10.10761
33986,10.04897
34007,10.13811
34028,10.1428
34049,10.21317
34070,10.26008
34091,10.33984
34112,10.48997
34133,10.54392
34154,10.50873
34175,10.42194
34196,10.37268
34217,10.27885
34238,10.43836
34259,10.48762
34280,10.53219
34301,10.54157
34322,10.52515
34343,10.52046
34364,10.52515
34385,10.51342
34406,10.48762
34427,10.50639
34448,10.40317
34469,10.37268
34490,10.44305
34511,10.29527
34532,10.15453
34553,10.03959
34574,9.805015
34595,9.842546
34616,9.744025
34637,9.661925
34658,9.659579
34679,9.561059
34700,9.441426
34721,9.441426
34742,9.474266
34763,9.399203
34784,9.497724
34805,9.605627
34826,9.521181
34847,9.371055
34868,9.2913
34889,9.265497
34910,9.190434
34931,9.195126
34952,9.265497
34973,9.202163
34994,9.218582
35015,9.077839
35036,9.014504
35057,9.166977
35078,9.211545
35099,9.174014
35120,8.960552
35141,8.993393
35162,8.927712
35183,8.953515
35204,9.00043
35225,8.976973
35246,9.026234
35267,8.974627
35288,8.932404
35309,8.866723
35330,9.00043
35351,9.066111
35372,8.925366
35393,8.941787
35414,8.969935
35435,8.817463
35456,8.770549
35477,8.744746
35498,8.810426
35519,8.79166
35540,8.702522
35561,8.679066
35582,8.721289
35603,8.589928
35624,8.723634
35645,8.646226
35666,8.779932
35687,8.650917
35708,8.709559
35729,8.730671
35750,8.728326
35771,8.772895
35792,8.871415
35813,8.930058
35834,9.002776
35855,8.969935
35876,9.040307
35897,9.021542
35918,9.007467
35939,8.981664
35960,9.044999
35981,8.953515
36002,8.969935
36023,8.925366
36044,8.937096
36065,8.927712
36086,8.876106
36107,8.911292
36128,8.847958
36149,8.808081
36170,8.770549
36191,8.784623
36212,8.758821
36233,8.784623
36254,8.843266
36275,8.749437
36296,8.709559
36317,8.761166
36338,8.751783
36359,8.714252
36380,8.782278
36401,8.747091
36422,8.615731
36443,8.758821
36464,8.761166
36485,8.843266
36506,8.90191
36527,8.880798
36548,8.869069
36569,8.883143
36590,8.93475
36611,9.023888
36632,8.948824
36653,8.95117
36674,8.923021
36695,9.005121
36716,8.869069
36737,8.892527
36758,8.979319
36779,8.941787
36800,8.862032
36821,8.892527
36842,9.047344
36863,9.073148
36884,9.070802
36905,9.127099
36926,9.108333
36947,9.24204
36968,9.075493
36989,9.150557
37010,9.373401
37031,9.425007
37052,9.256114
37073,9.265497
37094,9.493032
37115,9.661925
37136,9.66427
37157,9.375746
37178,9.572787
37199,9.866002
37220,10.28354
37241,9.896498
37262,10.42663
37283,10.10761
37304,11.00134
37325,10.17329
37346,10.35861
37367,10.62602
37388,10.61429
37409,10.65651
37430,10.76442
37451,10.74096
37472,10.99664
37493,10.90281
37514,11.81296
37535,10.72923
37556,11.17726
37577,11.27109
37598,11.25936
37619,11.27344
37640,11.21714
37661,11.28048
37682,11.25467
37703,11.0201
37724,11.1327
37745,11.21245
37766,11.30393
37787,11.29924
37808,11.05529
37829,10.9122
37850,11.03183
37871,10.9943
37892,11.08109
37913,10.97084
37934,10.98492
37955,10.92393
37976,10.95911
37997,10.90751
38018,10.97084
38039,11.06936
38060,11.04356
38081,10.97319
38102,11.06232
38123,11.1327
38144,11.15146
38165,11.12566
38186,11.19134
38207,11.16084
38228,11.1843
38249,11.1585
38270,11.09751
38291,11.1585
38312,11.18665
38333,11.15146
38354,11.05529
38375,11.03183
38396,11.03417
38417,11.02714
38438,11.00368
38459,11.01306
38480,11.01306
38501,11.01306
38522,11.00837
38543,10.98726
38564,11.01541
38585,10.92862
38606,11.04356
38627,10.98257
38648,10.99195
38669,10.90047
38690,10.92627
38711,10.88405
38732,10.90281
38753,10.92393
38774,10.89343
38795,10.8301
38816,10.81602
38837,10.75972
38858,10.69404
38879,10.66355
38900,10.6096
38921,10.61664
38942,10.58614
38963,10.5791
38984,10.48293
39005,10.40787
39026,10.45478
39047,10.28354
39068,10.32342
39089,10.27416
39110,10.30935
39131,10.31638
39152,10.31169
39173,10.12638
39194,10.21083
39215,10.19441
39236,10.18502
39257,10.17095
39278,10.22725
39299,10.22725
39320,10.13342
39341,10.18268
39362,10.22255
39383,10.14514
39404,10.18971
39425,10.20613
39446,9.962177
39467,9.924646
39488,9.948103
39509,9.868348
39530,9.783903
39551,9.776865
39572,9.685382
39593,9.575133
39614,9.704147
39635,9.48834
39656,9.551676
39677,9.469575
39698,9.410933
39719,9.265497
39740,9.366363
39761,9.019196
39782,9.375746
39803,9.218582
39824,9.101295
39845,9.124753
39866,8.995738
39887,8.927712
39908,9.023888
39929,9.068456
39950,8.897219
39971,8.958207
39992,8.976973
40013,8.969935
40034,8.93475
40055,8.913638
40076,8.786969
40097,8.845612
40118,8.808081
40139,8.62746
40160,8.761166
40181,8.625113
40202,8.578199
40223,8.456222
40244,8.512519
40265,8.453876
40286,8.439801
40307,8.376467
40328,8.376467
40349,8.374122
40370,8.463259
40391,8.268563
40412,8.219303
40433,8.289675
40454,8.371776
40475,8.310786
40496,8.329552
40517,8.301403
40538,8.341281
40559,8.399924
40580,8.376467
40601,8.381159
40622,8.336589
40643,8.404615
40664,8.374122
40685,8.223994
40706,8.1935
40727,8.172389
40748,8.137203
40769,8.066831
40790,8.071522
40811,7.98473
40832,7.872136
40853,7.970656
40874,7.944853
40895,7.994113
40916,7.846333
40937,7.879173
40958,8.012879
40979,8.005842
41000,8.116092
41021,8.170043
41042,8.449184
41063,8.521902
41084,8.582891
41105,8.615731
41126,8.754128
41147,8.749437
41168,8.6603
41189,8.716597
41210,8.972281
41231,8.976973
41252,8.887836
41273,8.960552
41294,9.120062
41315,9.312411
41336,9.375746
41357,9.530564
41378,9.600936
41399,9.610318
41420,9.671308
41441,9.739333
41462,9.973906
41483,9.945757
41504,9.826125
41525,9.748716
41546,9.889461
41567,9.957487
41588,9.950449
41609,10.09354
41630,10.14984
41651,10.19675
41672,10.19441
41693,10.16156
41714,10.22725
41735,10.33984
41756,10.34688
41777,10.27181
41798,10.46885
41819,10.62836
41840,10.65417
41861,10.63775
41882,10.67293
41903,10.89812
41924,10.66355
41945,10.57676
41966,10.45244
41987,10.65651
42008,10.70812
42029,10.71046
42050,10.67762
42071,10.78318
42092,10.85355
42113,10.82306
42134,10.75269
42155,10.8817
42176,10.84417
42197,10.96849
42218,10.98492
42239,11.0201
42260,10.94738
42281,11.1022
42302,10.94504
42323,10.97788
42344,10.94973
42365,10.94738
42386,10.92627
42407,10.99195
42428,11.0201
42449,11.01306
42470,10.98022
42491,10.98726
42512,10.96615
42533,11.07874
42554,11.08578
42575,11.10924
42596,11.10924
42617,11.15615
42638,11.15615
42659,11.19838
42680,11.23356
42701,11.22887
42722,11.33443
42743,11.42122
42764,11.44468
42785,11.54085
42806,11.45171
42827,11.55727
42848,11.51505
42869,11.4869
42890,11.54789
42911,11.48456
42932,11.38369
42953,11.25233
42974,11.13035
42995,11.1022
43016,11.0201
43037,10.90985
43058,10.8559
43079,10.80664
43100,10.75503
43121,10.80664
43142,10.72454
43163,10.68232
43184,10.6354
43205,10.66824
43226,10.73392
43247,10.79256
43268,10.75972
43289,10.88405
43310,10.88405
43331,10.79491
43352,10.86997
43373,10.95677
43394,10.95911
43415,11.02245
43436,10.91689
43457,11.00603
43478,10.89812
43499,10.69404
43520,10.72923
43541,10.74565
43562,10.7175
43583,10.52046
43604,10.45009
43625,10.79726
43646,10.52984
43667,10.32342
43688,10.14984
43709,10.07477
43730,9.990326
43751,9.854274
43772,9.880077
43793,9.619701
43814,9.478958
43835,9.685382
43856,9.474266
43877,9.394512
43898,9.314757
43919,9.328832
43940,9.185742
43961,9.04969
43982,9.035616
44003,8.98401
44024,8.838574
44045,8.794006
44066,8.716597
44087,8.662645
44108,8.67672
44129,8.552396
44150,8.345972
44171,8.294367
44192,8.273255
44213,8.383504
44234,8.360046
44255,8.186462
44276,8.256835
44297,8.202883
44318,8.116092
44339,7.858061
44360,8.547705
44381,8.625113
44402,7.947199
44423,8.06214
44444,8.221649
44465,8.324861
44486,8.303749
44507,8.289675
44528,8.284984
44549,8.259181
44570,8.289675
44591,8.120783
44612,8.184117
44633,8.163006
44654,8.057447
44675,8.073868
44696,8.050411
44717,8.118437
44738,8.048065
44759,8.181771
44780,8.041028
44801,8.207574
44822,8.240415
44843,8.268563
44864,8.378813
44885,8.474987
44906,8.550051
44927,8.585237
44948,8.505482
44969,8.695485
44990,8.664991
45011,8.646226
45032,8.667336
45053,8.803389
45074,8.972281
45095,9.023888
45116,9.094258
45137,9.023888
45158,8.988701
45179,8.953515
45200,8.758821
45221,8.718943
45242,8.519556
45263,8.543014
45284,8.496099
45305,8.390541
45326,8.123129
45347,8.097325
45368,8.301403
45389,8.146585
45410,7.900285
45431,8.022263
45452,8.186462
45473,8.151278
45494,8.01757
45515,8.12782
45536,8.252144
45557,8.357701
45578,8.22634
45599,8.524248
45620,8.629806
45641,8.564125
45662,8.711905
45683,8.894873
45704,8.939441
45725,8.890181
45746,8.892527
45767,8.876106
45788,8.899564
45809,8.899564
45830,9.157594
45851,9.197471
45872,9.105988
45893,8.8245
45914,8.995738
45935,9.213891
45956,9.375746
45977,9.35698
45998,9.345251
46019,9.359325
46040,9.753407
46061,9.80736
46082,9.887115
46103,9.887115
46124,10.06773
46145,10.09823
46166,10.20144
46187,10.24132
46208,10.3328
46229,10.55096
46250,10.57676
46271,10.51108
46292,10.42898
46313,10.41256
46334,10.51108
46355,10.51342
46376,10.40317
46397,10.43367
46418,10.43601
46439,10.66824
46460,10.6354
46481,10.59318
46502,10.68701
46523,10.72923
46544,10.68701
46565,10.73627
46586,10.79022
46607,10.7996
46628,10.938
46649,10.99195
46670,11.00134
46691,11.0459
46712,10.98257
46733,11.00837
46754,11.02948
46775,11.06936
46796,11.128
46817,11.25702
46838,11.10689
46859,10.95677
46880,10.94269
46901,10.7996
46922,10.6659
46943,10.6096
46964,10.51577
46985,10.48528
47006,10.42429
47027,10.45713
47048,10.47589
47069,10.46182
47090,10.49231
47111,10.50639
47132,10.48997
47153,10.45478
47174,10.48997
47195,10.58849
47216,10.60725
47237,10.64713
47258,10.65651
47279,10.73392
47300,10.68232
47321,10.88874
47342,10.84652
47363,10.98726
47384,10.96146
47405,10.98022
47426,11.03183
47447,10.938
47468,10.89109
47489,10.74096
47510,10.66121
47531,10.48528
47552,10.307
47573,10.21786
47594,10.15687
47615,10.10761
47636,10.10996
47657,10.02317
47678,10.01613
47699,10.04193
47720,10.01613
47741,10.17798
47762,10.23663
47783,10.20848
47804,10.31873
47825,10.48528
47846,10.54157
47867,10.52046
47888,10.70812
47909,10.70108
47930,10.73627
47951,10.82775
47972,10.72688
47993,10.75972
48014,10.72923
48035,10.63775
48056,10.67762
48077,10.71516
48098,10.77145
48119,10.83713
48140,10.65182
48161,10.53453
48182,10.37268
48203,10.28589
48224,10.28823
48245,10.20379
48266,10.17095
48287,10.12872
48308,10.02786
48329,10.01848
48350,10.03255
48371,9.957487
48392,10.02786
48413,9.894152
48434,9.7581
48455,9.659579
48476,9.58217
48497,9.530564
48518,9.493032
48539,9.493032
48560,9.373401
48581,9.347597
48602,9.202163
48623,9.249077
48644,9.220928
48665,9.012158
48686,9.15994
48707,9.042653
48728,8.965244
48749,8.927712
48770,8.932404
48791,8.880798
48812,8.822155
48833,8.843266
48854,8.772895
48875,8.784623
48896,8.72598
48917,8.615731
48938,8.672029
48959,8.634497
48980,8.850304
49001,9.04969
49022,8.568816
49043,8.338935
49064,8.775241
49085,8.953515
49106,8.770549
49127,8.763512
49148,8.831537
49169,8.744746
49190,8.585237
49211,8.674374
49232,8.589928
49253,8.526593
49274,8.528939
49295,8.406961
49316,8.406961
49337,8.505482
49358,8.512519
49379,8.46795
49400,8.362392
49421,8.479678
49442,8.343626
49463,8.40227
49484,8.324861
49505,8.268563
49526,8.395233
49547,8.320169
49568,8.296712
49589,8.423381
49610,8.439801
49631,8.423381
49652,8.470296
49673,8.519556
49694,8.653263
49715,8.695485
49736,8.67672
49757,8.772895
49778,8.650917
49799,8.650917
49820,8.672029
49841,8.571162
49862,8.374122
49883,8.46795
49904,8.099671
49925,8.259181
49946,8.141894
49967,8.212266
49988,8.155969
50009,8.022263
50030,8.238069
50051,8.245107
50072,8.188808
50093,8.252144
50114,8.36943
50135,8.374122
50156,8.266218
50177,8.503136
50198,8.702522
50219,8.765858
50240,8.601656
50261,8.688448
50282,8.904256
50303,8.925366
50324,9.044999
50345,8.944133
50366,8.95117
50387,8.995738
50408,9.056727
50429,9.227965
50450,9.249077
50471,9.070802
50492,9.174014
50513,9.457847
50534,9.354634
50555,9.347597
50576,9.399203
50597,9.542293
50618,9.596244
50639,9.380438
50660,9.568096
50681,9.572787
50702,9.79094
50723,9.736988
50744,9.636122
50765,9.776865
50786,9.652542
50807,9.739333
50828,9.748716
50849,9.840199
50870,9.9223
50891,10.16391
50912,10.21317
50933,10.10996
50954,9.997364
50975,10.09823
50996,10.1123
51017,10.31169
51038,10.08885
51059,9.849584
51080,10.26947
51101,10.51342
51122,10.15922
51143,9.992672
51164,11.52443
51185,9.877731
51206,10.50873
51227,10.37503
51248,10.29996
51269,10.35861
51290,10.59787
51311,10.37737
51332,10.34453
51353,10.68232
51374,10.70577
51395,10.61429
51416,10.66121
51437,10.76207
51458,10.94973
51479,10.82071
51500,10.83479
51521,10.72454
51542,10.71985
51563,10.74096
51584,10.7175
51605,10.64713
51626,10.6096
51647,10.56034
51668,10.45009
51689,10.42663
51710,10.45478
51731,10.35157
51752,10.35391
51773,10.29996
51794,10.29996
51815,10.24132
51839,10.17798
51864,10.09588
51885,10.10996
51906,10.12169
51927,10.1123
51948,10.13576
51969,10.23194
51990,10.22255
52011,10.24836
52032,10.22959
52053,10.26947
52074,10.31638
52095,10.38206
52116,10.27885
52137,10.35861
52158,10.39145
52179,10.37972
52200,10.24836
52221,10.24366
52242,10.07477
52263,10.06539
52284,10.04193
52305,9.948103
52326,9.919954
52347,9.955141
52368,9.995018
52389,10.00206
52410,10.07008
52431,10.09354
52452,10.18033
52473,10.29996
52494,10.31873
52515,10.41725
52536,10.44774
52557,10.43836
52578,10.44774
52599,10.45947
52620,10.48528
52641,10.57441
52662,10.61429
52683,10.73627
52704,10.77145
52725,10.70812
52746,10.84886
52767,10.67997
52788,10.86528
52809,10.75503
52830,10.748
52851,10.76207
52872,10.64713
52893,10.57207
52914,10.41725
52935,10.38675
52956,10.22959
52977,10.22725
52998,10.24366
53019,10.14045
53040,10.14514
53061,10.06305
53082,10.04193
53103,10.06773
53124,10.09354
53145,10.20379
53166,10.30231
53187,10.29058
53208,10.307
53229,10.4149
53250,10.45713
53271,10.31873
53292,10.48528
53313,10.39379
53334,10.49935
53355,10.47824
53376,10.60491
53397,10.72688
53418,10.67293
53439,10.77614
53460,10.79491
53481,10.68701
53503,10.61898
53524,10.61898
53545,10.57441
53566,10.39848
53587,10.26712
53608,10.26712
53629,10.33984
53650,10.13342
53671,9.896498
53692,9.819089
53713,9.741679
53734,9.7581
53755,9.687728
53776,9.600936
53797,9.523527
53818,9.495378
53839,9.441426
53860,9.331178
53881,9.347597
53902,9.27488
53923,8.948824
53944,8.948824
53965,9.103642
53986,9.157594
54007,8.998084
54028,8.704868
54049,8.960552
54070,8.906601
54091,8.761166
54112,8.688448
54133,8.664991
54154,8.662645
54175,8.521902
54196,8.470296
54217,8.289675
54238,8.496099
54259,8.146585
54280,8.116092
54301,8.423381
54322,8.498445
54343,8.453876
54364,8.463259
54385,8.357701
54406,8.371776
54427,8.411653
54448,8.540668
54469,8.543014
54490,8.568816
54511,8.634497
54532,8.554742
54553,8.498445
54574,8.48437
54595,8.472641
54616,8.404615
54637,8.357701
54658,8.273255
54679,8.353009
54700,8.247452
54721,8.388196
54742,8.350664
54763,8.46795
54784,8.453876
54805,8.430418
54826,8.458567
54847,8.601656
54868,8.646226
54889,8.622768
54910,8.728326
54931,8.723634
54952,8.751783
54973,8.747091
54994,8.8245
55015,8.927712
55036,8.946478
55057,8.864378
55078,8.969935
55099,9.047344
55120,9.030925
55141,9.03327
55162,9.070802
55183,9.04969
55204,8.944133
55225,8.885489
55246,8.777586
55267,8.740054
55288,8.754128
55309,8.690794
55330,8.510174
55351,8.453876
55372,8.479678
55393,8.362392
55414,8.172389
55435,8.294367
55456,8.437455
55477,8.345972
55498,8.270909
55519,8.299058
55540,8.472641
55561,8.30844
55582,8.381159
55603,8.547705
55624,8.535976
55645,8.507828
55666,8.547705
55687,8.829192
55708,8.833883
55729,8.716597
55750,8.859686
55771,8.998084
55792,8.920675
55813,9.068456
55834,9.253768
55855,9.288955
55876,9.23031
55897,9.270188
55918,9.443772
55939,9.446118
55960,9.474266
55981,9.457847
56002,9.736988
56023,9.575133
56044,9.450809
56065,9.478958
56086,9.668962
56107,9.840199
56128,9.685382
56149,9.636122
56170,9.769828
56191,9.769828
56212,9.959831
56233,10.1123
56254,10.16391
56275,10.35391
56296,10.06305
56317,10.1991
56338,10.34922
56359,10.25539
56380,10.27885
56401,10.29058
56422,10.33515
56443,10.33046
56464,10.35391
56485,10.18737
56506,10.23194
56527,10.25539
56548,10.31638
56569,10.26478
56590,10.31873
56611,10.42663
56632,10.53923
56653,10.59787
56674,10.54861
56695,10.52281
56716,10.5838
56737,10.69874
56758,10.72923
56779,10.72454
56800,10.81133
56821,10.89578
56842,10.76207
56863,10.78084
56884,10.75034
56905,10.72688
56926,10.72219
56947,10.64244
56968,10.68701
56989,10.53688
57010,10.51108
57031,10.51811
57052,10.46885
57073,10.53923
57094,10.5533
57115,10.52984
57136,10.60022
57157,10.62836
57178,10.63775
57199,10.63306
57220,10.66824
57241,10.73861
57262,10.79726
57283,10.7996
57304,10.78084
57325,10.94504
57346,10.95911
57367,11.01072
57388,11.07405
57409,11.16788
57430,11.21714
57451,11.2406
57472,11.27344
57493,11.31801
57514,11.28751
57535,11.19134
57556,11.11862
57577,10.94973
57598,10.7996
57619,10.88874
57640,10.57676
57661,10.56034
57682,10.43836
57703,10.38675
57724,10.38206
57745,10.39145
57766,10.2812
57787,10.32811
57808,10.30935
57829,10.43367
57850,10.47355
57871,10.43601
57892,10.47355
57913,10.51811
57934,10.51577
57955,10.61898
57976,10.6354
57997,10.64478
58018,10.64947
58039,10.66355
58060,10.61194
58081,10.47824
58102,10.61194
58123,10.61194
58144,10.53688
58165,10.46651
58186,10.34922
58207,10.30465
58228,10.24366
58249,10.01848
58270,10.10527
58291,10.06773
58312,9.978598
58333,9.840199
58354,9.901189
58375,9.966869
58396,9.896498
58417,9.837853
58438,9.793285
58459,9.650196
58480,9.769828
58501,9.912917
58522,9.85662
58543,9.729951
58564,9.736988
58585,9.755754
58606,9.741679
58627,9.504761
58648,9.59859
58669,9.54933
58690,9.51649
58711,9.48834
58732,9.446118
58753,9.596244
58774,9.476612
58795,9.35698
58816,9.352288
58837,9.382783
58858,9.469575
58879,9.399203
58900,9.347597
58921,9.251423
58942,9.392166
58963,9.326486
58984,9.380438
59005,9.225619
59026,9.09895
59047,9.166977
59068,9.251423
59089,9.143519
59110,9.037962
59131,9.110679
59152,9.155248
59173,9.075493
59194,9.012158
59215,9.115371
59236,9.070802
59257,8.98401
59278,8.946478
59299,8.965244
59320,9.012158
59341,8.965244
59362,8.972281
59383,9.014504
59404,9.012158
59425,8.84092
59446,8.733017
59467,8.777586
59488,8.873761
59509,8.79166
59530,8.801044
59551,8.864378
59572,8.789314
59593,8.833883
59614,8.923021
59635,8.932404
59656,8.986356
59677,8.98401
59698,9.00043
59719,9.04969
59740,9.174014
59761,9.164631
59782,9.237348
59803,9.24204
59824,9.223273
59845,9.249077
59866,9.30772
59887,9.25846
59908,9.19278
59929,9.223273
59950,9.220928
59971,9.108333
59992,9.094258
60013,9.094258
60034,9.09895
60055,9.08253
60076,9.044999
60097,9.019196
60118,8.974627
60139,9.042653
60160,8.998084
60181,8.972281
60202,8.920675
60223,8.962898
60244,9.007467
60265,8.960552
60286,8.911292
60307,8.946478
60328,8.960552
60349,8.95117
60370,8.941787
60391,8.932404
60412,8.819809
60433,8.810426
60454,8.920675
60475,8.991047
60496,8.885489
60517,8.845612
60538,8.873761
60559,8.831537
60580,8.869069
60601,8.721289
60622,8.695485
60643,8.496099
60664,8.695485
60685,8.46795
60706,8.374122
60727,8.329552
60748,8.315477
60769,8.28733
60790,8.038682
60811,8.069177
60832,8.118437
60853,8.116092
60874,8.212266
60895,8.219303
60916,8.256835
60937,8.371776
60958,8.538322
60979,8.526593
61000,8.650917
61021,8.765858
61042,8.84092
61063,8.822155
61084,8.993393
61105,9.026234
61126,9.171668
61147,9.317103
61168,9.464884
61189,9.570441
61210,9.661925
61231,9.607973
61252,9.870694
61273,10.03489
61294,10.09588
61315,10.02551
61336,9.863657
61357,10.12169
61378,10.10058
61399,10.31638
61420,10.29762
61441,10.37737
61462,10.56972
61483,10.54626
61504,10.39379
61525,10.44774
61546,10.43836
61567,10.58145
61588,10.56268
61609,10.59552
61630,10.71046
61651,10.65651
61672,10.76676
61693,10.83713
61714,10.98022
61735,10.93331
61756,10.76207
61777,10.77614
61798,10.91689
61819,10.96615
61840,10.98961
61861,10.94504
61882,10.85121
61903,10.79022
61924,10.81133
61945,10.80429
61966,10.77145
61987,10.76911
62008,10.76676
62029,10.61898
62050,10.71281
62071,10.74331
62092,10.72923
62113,10.71046
62134,10.90281
62155,10.86294
62176,10.84886
62197,10.97553
62218,11.12097
62239,11.06701
62260,11.04121
62281,11.06232
62302,11.06232
62323,10.95207
62344,10.89343
62365,10.8301
62386,10.89109
62407,10.90985
62428,10.84886
62449,10.85121
62470,10.89812
62491,10.92862
62512,11.01775
62533,11.0201
62554,11.0506
62575,11.0764
62596,11.12097
62617,11.1022
62638,11.10455
62659,11.1327
62680,11.25233
62701,11.17726
62722,11.2101
62743,11.22183
62764,11.32035
62785,11.32504
62806,11.38603
62827,11.31097
62848,11.18196
62869,11.18196
62890,10.99899
62911,10.77849
62932,10.75738
62953,10.60491
62974,10.58145
62995,10.51811
63016,10.48058
63037,10.37268
63058,10.28589
63079,10.34453
63100,10.37972
63121,10.31638
63142,10.3633
63163,10.32107
63184,10.45478
63205,10.36564
63226,10.32107
63247,10.3891
63268,10.53219
63289,10.63071
63310,10.56738
63331,10.66355
63352,10.56503
63373,10.71985
63394,10.6917
63415,10.76207
63436,10.80195
63457,10.67762
63478,10.55096
63499,10.55799
63520,10.53453
63541,10.34688
63562,10.40317
63583,10.31404
63604,10.19441
63625,9.931683
63646,9.87304
63667,9.751062
63688,9.619701
63709,9.528218
63730,9.432044
63751,9.481303
63772,9.427352
63793,9.38982
63814,9.352288
63835,9.263151
63856,9.09895
63877,9.059073
63898,8.98401
63919,9.108333
63940,9.059073
63961,9.023888
63982,8.939441
64003,8.976973
64024,8.998084
64045,8.90191
64066,8.718943
64087,8.833883
64108,8.885489
64129,8.772895
64150,8.56647
64171,8.620422
64192,8.772895
64213,8.6603
64234,8.554742
64255,8.266218
64276,8.641534
64297,8.235723
64318,8.360046
64339,8.20992
64360,8.53363
64381,8.48437
64402,8.613385
64423,8.437455
64444,8.498445
64465,8.477333
64486,8.48437
64507,8.538322
64528,8.543014
64549,8.432764
64570,8.273255
64591,8.388196
64612,8.421036
64633,8.397578
64654,8.397578
64675,8.292021
64696,8.273255
64717,8.263872
64738,8.207574
64759,8.151278
64780,8.303749
64801,8.397578
64822,8.367084
64843,8.477333
64864,8.442147
64885,8.519556
64906,8.505482
64927,8.491407
64948,8.526593
64969,8.517211
64990,8.540668
65011,8.730671
65032,8.845612
65053,8.854995
65074,8.770549
65095,8.794006
65116,8.883143
65137,8.808081
65158,8.869069
65179,8.831537
65200,8.948824
65221,8.854995
65242,8.707214
65263,8.770549
65284,8.709559
65305,8.613385
65326,8.585237
65347,8.6603
65368,8.740054
65389,8.714252
65410,8.730671
65431,8.859686
65452,8.918329
65473,8.899564
65494,8.911292
65515,8.95117
65536,9.110679
65557,9.174014
65578,9.277225
65599,9.38982
65620,9.2913
65641,9.324141
65662,9.359325
65683,9.490686
65704,9.650196
65725,9.636122
65746,9.650196
65767,9.809706
65788,9.842546
65809,9.729951
65830,9.795631
65851,9.844892
65872,9.800323
65893,9.889461
65914,9.980944
65935,9.80736
65956,9.835509
65977,9.809706
65998,9.814397
66019,9.830817
66040,9.9223
66061,10.07477
66082,10.08885
66103,10.16626
66124,10.34453
66145,10.35391
66166,10.29762
66187,10.19206
66208,10.29292
66229,10.26008
66250,10.2812
66271,10.20379
66292,10.21083
66313,10.17798
66334,10.05835
66355,10.05835
66376,10.04428
66397,10.03959
66418,10.15218
66439,10.14045
66460,10.25305
66481,10.1991
66502,10.25539
66523,10.29527
66544,10.33515
66565,10.31873
66586,10.53923
66607,10.497
66628,10.47589
66649,10.66355
66670,10.64244
66691,10.81368
66712,10.81602
66733,10.94269
66754,11.00837
66775,11.03417
66796,11.15615
66817,11.19603
66838,11.14677
66859,11.31332
66880,11.33443
66901,11.35788
66922,11.24763
66943,11.22887
66964,11.19134
66985,11.2148
67006,11.25467
67027,11.22652
67048,11.22652
67069,11.16084
67090,11.1843
67111,11.20776
67132,11.24295
67153,11.21245
67174,11.25936
67195,11.33208
67216,11.30628
67237,11.3227
67258,11.30393
67279,11.1585
67300,11.26875
67321,11.39073
67342,11.45641
67363,11.34146
67384,11.63703
67405,11.27109
67426,11.36727
67447,11.35085
67468,11.22418
67489,11.16319
67510,10.91923
67531,11.07405
67552,11.00603
67573,10.75738
67594,10.74096
67615,10.67059
67636,10.50169
67657,10.35626
67678,10.23897
67699,10.28354
67720,10.2249
67741,10.21083
67762,10.26947
67783,10.18737
67804,10.18268
67825,10.13811
67846,10.18268
67867,10.22021
67888,10.2249
67909,10.16156
67930,10.16391
67951,10.41959
67972,10.31638
67993,10.21083
68014,10.23663
68035,10.23194
68056,10.22725
68077,10.08416
68098,10.18971
68119,10.13107
68140,10.15922
68161,10.10058
68182,10.27416
68203,10.14749
68224,10.0865
68245,10.19441
68266,10.30935
68287,10.20379
68308,10.10292
68329,10.08416
68350,9.936375
68371,9.713531
68392,9.772174
68413,9.898843
68434,9.849584
68455,9.769828
68476,9.626739
68497,9.61501
68518,9.605627
68539,9.584516
68560,9.41797
68581,9.708839
68602,9.690074
68623,9.605627
68644,9.535255
68665,9.495378
68686,9.640813
68707,9.371055
68728,9.35698
68749,9.392166
68770,9.267843
68791,9.174014
68812,9.103642
68833,9.066111
68854,9.030925
68875,9.25846
68896,8.925366
68917,8.808081
68938,8.925366
68959,9.007467
68980,8.833883
69001,8.747091
69022,8.770549
69043,8.646226
69064,8.557088
69085,8.847958
69106,8.784623
69127,8.672029
69148,8.294367
69169,8.557088
69190,8.510174
69211,8.53363
69232,8.589928
69253,8.446838
69274,8.388196
69295,8.360046
69316,8.219303
69337,8.289675
69358,8.268563
69379,8.28733
69400,8.165352
69421,8.223994
69442,8.28733
69463,8.221649
69484,8.151278
69505,8.146585
69526,8.280293
69547,8.303749
69568,8.371776
69589,8.338935
69610,8.519556
69631,8.589928
69652,8.613385
69673,8.690794
69694,8.702522
69715,8.664991
69736,8.69314
69757,8.636843
69778,8.611039
69799,8.831537
69820,9.002776
69841,8.955861
69862,8.711905
69883,8.784623
69904,8.897219
69925,8.871415
69946,8.683757
69967,8.657954
69988,8.709559
70009,8.796351
70030,8.890181
70051,8.733017
70072,8.786969
70093,8.864378
70114,8.8245
70135,8.777586
70156,8.941787
70177,9.150557
70198,9.195126
70219,9.115371
70240,9.211545
70261,9.293646
70282,9.319448
70303,9.352288
70324,9.267843
70345,9.385129
70366,9.267843
70387,9.321795
70408,9.342906
70429,9.469575
70450,9.626739
70471,9.600936
70492,9.54933
70513,9.504761
70534,9.612664
70555,9.87304
70576,9.849584
70597,9.769828
70618,9.652542
70639,9.765137
70660,9.842546
70681,9.948103
70702,9.814397
70723,9.823779
70744,9.877731
70765,9.980944
70786,9.915263
70807,10.09354
70828,10.04662
70849,10.02317
70870,10.13107
70891,10.1428
70912,10.14749
70933,10.15687
70954,10.1991
70975,10.15687
70996,10.20144
71017,10.23897
71038,10.32107
71059,10.3328
71080,10.28354
71101,10.31404
71122,10.40083
71143,10.44071
71164,10.38441
71185,10.48058
71206,10.48997
71227,10.51108
71248,10.62836
71269,10.46416
71290,10.41725
71311,10.58145
71332,10.52281
71353,10.69404
71374,10.68466
71395,10.58614
71416,10.73861
71437,10.79491
71458,10.73392
71479,10.80195
71500,10.80195
71521,10.84417
71542,10.90047
71563,10.89812
71584,10.9638
71605,10.94973
71626,10.91454
71647,10.8559
71668,10.83948
71689,10.89578
71710,10.78318
71731,10.748
71752,10.86997
71773,10.748
71794,10.72923
71815,10.82306
71836,10.80195
71857,10.83244
71878,10.82775
71899,10.82541
71920,10.83479
71941,10.91454
71962,10.83948
71983,10.83948
72004,11.00368
72025,10.98726
72046,10.95677
72067,11.09282
72088,11.10455
72109,11.10924
72130,11.01072
72151,10.97553
72172,10.90751
72193,10.94035
72214,11.01306
72235,10.95442
72256,10.95207
72277,10.75269
72298,10.66355
72319,10.62367
72340,10.56034
72361,10.43367
72382,10.4454
72403,10.45478
72424,10.51811
72445,10.57441
72466,10.48528
72487,10.44774
72508,10.43601
72529,10.4149
72550,10.36095
72571,10.43132
72592,10.51342
72613,10.4149
72634,10.37268
72655,10.33984
72676,10.37972
72697,10.47589
72718,10.50169
72739,10.46416
72760,10.56738
72781,10.52984
72802,10.27885
72823,10.33515
72844,10.09354
72865,10.2765
72886,10.16156
72907,10.17798
72928,10.21317
72949,10.22255
72970,10.02551
72991,10.14045
73012,10.07946
73033,10.03489
73054,9.863657
73075,9.840199
73096,9.894152
73117,9.894152
73138,9.901189
73159,9.877731
73180,9.894152
73201,9.819089
73222,9.847238
73243,9.896498
73264,9.842546
73285,9.755754
73306,9.568096
73327,9.659579
73348,9.640813
73369,9.544639
73390,9.551676
73411,9.514144
73432,9.640813
73453,9.631431
73474,9.640813
73495,9.474266
73516,9.305374
73537,9.453156
73558,9.54933
73579,9.443772
73600,9.181051
73621,9.249077
73642,9.521181
73663,9.338214
73684,9.152903
73705,9.38982
73726,9.446118
73747,9.263151
73768,9.281918
73789,9.237348
73810,9.319448
73831,9.446118
73852,9.30772
73873,9.272534
73894,9.239694
73915,9.319448
73936,9.2092
73957,9.359325
73978,9.176359
73999,9.03327
74020,9.030925
74041,9.03327
74062,8.941787
74083,8.845612
74104,8.836229
74125,8.831537
74146,8.695485
74167,8.808081
74188,8.740054
74209,8.740054
74230,8.740054
74251,8.69314
74272,8.704868
74293,8.817463
74314,8.796351
74335,8.758821
74356,8.754128
74377,8.770549
74398,9.012158
74419,8.955861
74440,8.960552
74461,8.90191
74482,8.974627
74503,9.136482
74524,9.052036
74545,9.059073
74566,9.08253
74587,9.138828
74608,8.944133
74629,8.913638
74650,8.897219
74671,8.862032
74692,8.810426
74713,8.808081
74734,8.79166
74755,8.721289
74776,8.754128
74797,8.711905
74818,8.836229
74839,8.801044
74860,8.777586
74881,8.704868
74902,8.709559
74923,8.789314
74944,8.8245
74965,8.700177
74986,8.749437
75007,8.850304
75028,8.789314
75049,8.784623
75070,8.812772
75091,8.808081
75112,8.885489
75133,8.869069
75154,8.885489
75175,8.817463
75196,8.815118
75217,8.923021
75238,8.763512
75259,8.688448
75280,8.6603
75301,8.686103
75322,8.482024
75343,8.41869
75364,8.299058
75385,8.266218
75406,8.303749
75427,8.327207
75448,8.280293
75469,8.317823
75490,8.41869
75511,8.421036
75532,8.38585
75553,8.564125
75574,8.636843
75595,8.883143
75616,8.972281
75637,8.948824
75658,9.117716
75679,9.24204
75700,9.195126
75721,9.300683
75742,9.2913
75763,9.396858
75784,9.478958
75805,9.605627
75826,9.739333
75847,9.767483
75868,9.816743
75889,9.901189
75910,9.945757
75931,9.945757
75952,9.814397
75973,9.830817
75994,9.863657
76015,9.959831
76036,10.12872
76057,10.29058
76078,10.24601
76099,10.38675
76120,10.36564
76141,10.57207
76162,10.63071
76183,10.48997
76204,10.50873
76225,10.5791
76246,10.7996
76267,10.82541
76288,10.75034
76309,10.63306
76330,10.52281
76351,10.67293
76372,10.53453
76393,10.60022
76414,10.45009
76435,10.34219
76456,10.37972
76477,10.27181
76498,10.03489
76519,10.32342
76540,10.52984
76561,10.55565
76582,10.59083
76603,10.59083
76624,10.65651
76645,10.68935
76666,10.67528
76687,10.6096
76708,10.75269
76729,10.73627
76750,10.85121
76771,10.89343
76792,10.91454
76813,10.83244
76834,10.70108
76855,10.748
76876,11.00837
76897,10.67059
76918,10.76676
76939,10.91454
76960,10.89343
76981,10.84417
77002,10.76676
77023,10.79022
77044,10.7996
77065,10.83244
77086,10.85121
77107,10.89812
77128,10.83479
77149,10.75034
77170,10.71516
77191,10.73392
77212,10.748
77233,10.76207
77254,10.80195
77275,10.83244
77296,10.84886
77317,10.79491
77338,10.81368
77359,10.80899
77380,10.86528
77401,10.77145
77422,10.71985
77443,10.76911
77464,10.82306
77485,10.77145
77506,10.87936
77527,10.85355
77548,10.77614
77569,10.74096
77590,10.8559
77611,10.75503
77632,10.70108
77653,10.70343
77674,10.68701
77695,10.53923
77716,10.58145
77737,10.54626
77758,10.44305
77779,10.38675
77800,10.37033
77821,10.26243
77842,10.35861
77863,10.22959
77884,10.26947
77905,10.26243
77926,10.19206
77947,10.21317
77968,10.16626
77989,10.17798
78010,10.27416
78031,10.37033
78052,10.36799
78073,10.37737
78094,10.3633
78115,10.31873
78136,10.42429
78157,10.59318
78178,10.49935
78199,10.58145
78220,10.64947
78241,10.67059
78262,10.62133
78283,10.64478
78304,10.62836
78325,10.5533
78346,10.62602
78367,10.50404
78388,10.51342
78409,10.41256
78430,10.45244
78451,10.3328
78472,10.24601
78493,10.27181
78514,10.22959
78535,10.29527
78556,10.11934
78577,10.10292
78598,10.07008
78619,10.02551
78640,9.901189
78661,9.912917
78682,9.837853
78703,9.880077
78724,9.861312
78745,9.722914
78766,9.781557
78787,9.744025
78808,9.676
78829,9.596244
78850,9.59859
78871,9.584516
78892,9.507107
78913,9.617355
78934,9.439081
78955,9.223273
78976,9.145865
78997,9.176359
79018,9.293646
79039,9.047344
79060,8.883143
79081,8.885489
79102,9.08253
79123,8.993393
79144,8.932404
79165,8.885489
79186,8.695485
79207,8.733017
79228,8.674374
79249,8.880798
79270,8.425727
79291,8.496099
79312,8.625113
79333,8.632151
79354,8.615731
79375,8.444492
79396,8.491407
79417,8.634497
79438,8.679066
79459,8.547705
79480,8.538322
79501,8.46795
79522,8.599311
79543,8.636843
79564,8.632151
79585,8.589928
79606,8.578199
79627,8.596965
79648,8.625113
79669,8.697831
79690,8.672029
79711,8.679066
79732,8.669683
79753,8.688448
79774,8.763512
79795,8.801044
79816,8.915984
79837,8.754128
79858,8.955861
79879,8.930058
79900,8.84092
79921,8.908947
79942,8.871415
79963,8.946478
79984,9.037962
80005,9.035616
80026,8.930058
80047,8.965244
80068,8.998084
80089,8.894873
80110,8.808081
80131,8.838574
80152,8.756474
80173,8.67672
80194,8.69314
80215,8.613385
80236,8.686103
80257,8.714252
80278,8.681411
80299,8.575853
80320,8.655608
80341,8.747091
80362,8.646226
80383,8.64388
80404,8.64388
80425,8.695485
80446,8.740054
80467,8.784623
80488,8.817463
80509,8.711905
80530,8.723634
80551,8.733017
80572,8.79166
80593,8.869069
80614,8.794006
80635,8.93475
80656,8.740054
80677,8.758821
80698,8.768204
80719,8.826846
80740,8.801044
80761,8.634497
80782,8.681411
80803,8.880798
80824,9.164631
80845,9.295992
80866,9.157594
80887,9.155248
80908,9.2092
80929,9.394512
80950,9.554022
80971,9.779211
80992,9.80736
81013,9.903535
81034,9.715877
81055,9.849584
81076,9.840199
81097,10.00909
81118,10.07008
81139,10.14514
81160,10.14984
81181,10.05835
81202,10.07008
81223,10.09354
81244,10.13107
81265,10.1428
81286,10.14984
81307,9.952795
81328,10.10761
81349,10.46182
81370,10.57207
81391,10.6917
81412,10.79022
81433,10.70577
81454,10.7175
81475,10.76676
81496,10.7996
81517,10.98022
81538,11.04121
81559,11.13973
81580,11.05998
81601,11.15381
81622,11.15146
81643,11.13973
81664,11.07405
81685,11.11862
81706,11.24295
81727,11.19368
81748,11.23122
81769,11.18665
81790,11.02948
81811,10.96849
81832,10.83713
81853,10.83713
81874,11.07171
81895,10.89343
81916,10.86059
81937,10.87936
81958,10.938
81979,10.87467
82000,10.88639
82021,10.85355
82042,10.96146
82063,10.97084
82084,10.97084
82105,11.05294
82126,11.17023
82147,11.07405
82168,11.03183
82189,11.05294
82210,11.07405
82231,11.10924
82252,11.17023
82273,11.11393
82294,11.13035
82315,11.13739
82336,11.13739
82357,11.05529
82378,11.13504
82399,11.02479
82420,11.05763
82441,11.01775
82462,10.9122
82483,10.78318
82504,10.8559
82525,10.79491
82546,10.748
82567,10.64947
82588,10.68232
82609,10.69404
82630,10.60256
82651,10.58145
82672,10.59787
82693,10.6354
82714,10.59083
82735,10.51108
82756,10.51108
82777,10.44774
82798,10.54626
82819,10.45009
82840,10.50873
82861,10.41021
82882,10.51342
82903,10.59083
82924,10.67997
82945,10.56034
82966,10.58145
82987,10.60256
83008,10.60491
83029,10.65651
83050,10.57207
83071,10.61194
83092,10.53453
83113,10.50169
83134,10.52046
83155,10.53923
83176,10.44071
83197,10.43132
83218,10.42194
83239,10.30935
83260,10.34688
83281,10.40317
83302,10.36564
83323,10.38441
83344,10.44071
83365,10.48293
83386,10.25539
83407,10.31638
83428,10.45009
83449,10.45009
83470,10.2812
83491,10.26947
83512,10.10996
83533,9.959831
83554,9.863657
83575,9.835509
83596,9.819089
83617,9.671308
83638,9.589207
83659,9.537601
83680,9.349943
83701,9.420315
83722,9.232656
83743,9.197471
83764,9.108333
83785,9.042653
83806,9.108333
83827,8.923021
83848,8.944133
83869,8.869069
83890,8.941787
83911,8.754128
83932,8.845612
83953,8.850304
83974,8.805735
83995,8.72598
84016,8.758821
84037,8.744746
84058,8.669683
84079,8.72598
84100,8.632151
84121,8.618076
84142,8.735363
84163,8.596965
84184,8.664991
84205,8.690794
84226,8.580544
84247,8.622768
84268,8.629806
84289,8.606348
84310,8.634497
84331,8.444492
84352,8.547705
84373,8.737708
84394,8.711905
84415,8.650917
84436,8.728326
84457,8.721289
84478,8.744746
84499,8.728326
84520,8.805735
84541,8.838574
84562,9.019196
84583,8.866723
84604,8.878452
84625,9.00043
84646,8.986356
84667,9.00043
84688,9.023888
84709,8.953515
84730,8.972281
84751,9.04969
84772,8.972281
84793,8.991047
84814,8.972281
84835,8.887836
84856,8.998084
84877,8.927712
84898,8.784623
84919,8.815118
84940,8.819809
84961,9.225619
84982,8.744746
85003,8.8245
85024,8.650917
85045,8.568816
85066,8.669683
85087,8.613385
85108,8.667336
85129,8.528939
85150,8.585237
85171,8.528939
85192,8.599311
85213,8.582891
85234,8.64388
85255,8.582891
85276,8.491407
85297,8.561779
85318,8.573507
85339,8.458567
85360,8.620422
85381,8.674374
85402,8.6603
85423,8.669683
85444,8.655608
85465,8.613385
85486,8.62746
85507,8.648571
85528,8.559433
85549,8.458567
85570,8.453876
85591,8.650917
85612,8.683757
85633,8.578199
85654,8.573507
85675,8.573507
85696,8.625113
85717,9.030925
85738,9.23031
85759,9.239694
85780,9.310066
85801,9.413278
85822,9.729951
85843,9.875386
85864,9.889461
85885,9.934029
85906,9.945757
85927,10.12169
85948,10.27885
85969,10.33749
85990,10.19441
86011,10.39848
86032,10.53219
86053,10.46182
86074,10.23428
86095,10.58614
86116,10.78084
86137,10.63071
86158,10.73158
86179,10.82071
86200,10.85824
86221,10.83479
86242,10.83479
86263,11.01306
86284,11.07405
86305,10.94504
86326,10.938
86347,11.19838
86368,11.13739
86389,11.22887
86410,11.39542
86431,11.379
86452,11.47283
86473,11.50566
86494,11.49159
86515,11.43999
86536,11.45875
86557,11.33677
86578,11.32974
86599,11.25467
86620,11.22418
86641,11.17726
86662,10.97319
86683,11.01072
86704,11.03417
86725,10.9943
86746,10.86997
86767,10.95911
86788,10.9943
86809,10.91923
86830,10.91923
86851,10.88639
86872,10.86059
86893,10.85355
86914,10.90516
86935,10.97319
86956,10.89109
86977,10.97553
86998,10.98726
87019,11.02714
87040,10.95911
87061,10.93331
87082,10.86997
87103,10.82775
87124,10.74565
87145,10.76911
87166,10.76207
87187,10.65886
87208,10.61664
87229,10.63775
87250,10.61898
87271,10.65182
87292,10.54157
87313,10.56034
87334,10.56268
87355,10.61898
87376,10.52046
87397,10.72219
87418,10.72454
87439,10.7996
87460,10.67997
87481,10.93565
87502,10.72454
87523,10.81133
87544,10.85121
87565,10.81368
87586,10.88874
87607,11.06936
87628,11.00134
87649,11.07405
87670,10.99899
87691,10.98257
87712,10.93331
87733,11.00368
87754,10.97084
87775,10.96146
87796,10.96849
87817,10.80664
87838,10.76676
87859,10.73392
87880,10.78787
87901,10.75034
87922,10.57207
87943,10.5533
87964,10.55096
87985,10.35861
88006,10.34219
88027,10.33984
88048,10.43367
88069,10.45244
88090,10.55096
88111,10.54157
88132,10.40787
88153,10.29996
88174,10.41725
88195,10.34219
88216,10.32576
88237,10.20848
88258,10.15218
88279,10.08416
88300,10.00909
88321,9.786248
88342,9.7581
88363,9.729951
88384,9.521181
88405,9.338214
88426,9.265497
88447,9.120062
88468,8.803389
88489,8.765858
88510,8.634497
88531,8.604002
88552,8.64388
88573,8.72598
88594,8.458567
88615,8.41869
88636,8.493753
88657,8.383504
88678,8.374122
88699,8.496099
88720,8.613385
88741,8.578199
88762,8.615731
88783,8.608693
88804,8.599311
88825,8.721289
88846,8.6603
88867,8.655608
88888,8.524248
88909,8.582891
88930,8.622768
88951,8.622768
88972,8.456222
88993,8.48437
89014,8.557088
89035,8.474987
89056,8.561779
89077,8.439801
89098,8.524248
89119,8.474987
89140,8.378813
89161,8.528939
89182,8.395233
89203,8.425727
89224,8.519556
89245,8.528939
89266,8.526593
89287,8.601656
89308,8.62746
89329,8.629806
89350,8.681411
89371,8.765858
89392,8.812772
89413,8.798697
89434,8.885489
89455,9.052036
89476,8.988701
89497,8.681411
89518,8.857341
89539,8.784623
89560,8.775241
89581,8.704868
89602,8.69314
89623,8.69314
89644,8.540668
89665,8.744746
89686,8.625113
89707,8.56647
89728,8.538322
89749,8.72598
89770,8.744746
89791,8.669683
89812,8.831537
89833,8.941787
89854,8.965244
89875,8.972281
89896,9.197471
89917,9.281918
89938,9.324141
89959,9.481303
89980,9.462538
90001,9.38982
90022,9.504761
90043,9.654888
90064,9.605627
90085,9.483649
90106,9.514144
90127,9.528218
90148,9.476612
90169,9.27488
90190,9.359325
90211,9.354634
90232,9.35698
90253,9.155248
90274,8.894873
90295,9.087222
90316,9.152903
90337,8.911292
90358,9.007467
90379,8.90191
90400,9.134136
90421,9.09895
90442,9.124753
90463,9.108333
90484,9.185742
90505,9.150557
90526,8.981664
90547,9.171668
90568,9.277225
90589,9.345251
90610,9.267843
90631,9.066111
90652,9.34056
90673,9.408587
90694,9.403895
90715,9.335869
90736,9.558713
90757,9.685382
90778,9.56575
90799,9.521181
90820,9.74637
90841,9.783903
90862,9.741679
90883,9.678345
90904,9.840199
90925,9.697111
90946,9.751062
90967,9.699456
90988,9.713531
91009,9.74637
91030,9.624393
91051,9.708839
91072,9.74637
91093,9.887115
91114,9.840199
91135,9.962177
91156,9.903535
91177,9.971561
91198,9.917608
91219,10.06305
91240,10.16626
91261,10.21083
91282,10.27885
91303,10.21786
91324,10.21083
91345,10.19206
91366,10.2249
91387,10.30465
91408,10.34922
91429,10.34688
91450,10.40083
91471,10.31638
91492,10.32811
91513,10.26947
91534,10.29996
91555,10.36564
91576,10.43367
91597,10.48293
91618,10.48762
91639,10.41021
91660,10.30935
91681,10.35626
91702,10.48528
91723,10.5275
91744,10.51108
91765,10.60022
91786,10.7996
91807,10.79491
91828,10.96146
91849,10.87936
91870,10.9122
91891,10.90985
91912,10.8301
91933,10.85121
91954,10.90281
91975,10.73627
91996,10.67059
92017,10.68232
92038,10.71281
92059,10.69874
92080,10.57207
92101,10.54861
92122,10.53219
92143,10.5275
92164,10.62836
92185,10.64009
92206,10.78318
92227,10.76911
92248,10.76911
92269,10.80664
92290,10.78084
92311,10.71516
92332,10.78553
92353,10.90047
92374,10.93565
92395,10.95207
92416,11.08813
92437,11.01541
92458,11.02245
92479,10.86763
92500,10.90281
92521,10.80899
92542,10.78787
92563,10.74331
92584,10.67997
92605,10.67059
92626,10.57207
92647,10.37503
92668,10.39145
92689,10.39614
92710,10.42194
92731,10.46182
92752,10.45478
92773,10.40317
92794,10.51108
92815,10.6096
