8846,10.50639
8867,10.5275
8888,10.53219
8909,10.54157
8930,10.39848
8951,10.46651
8972,10.54861
8993,10.64947
9014,10.59552
9035,10.67293
9056,10.7996
9077,10.89343
9098,10.83713
9119,10.7996
9140,10.73392
9161,10.74565
9182,10.73158
9203,10.74565
9224,10.66121
9245,10.61429
9266,10.62367
9287,10.45713
9308,10.28589
9329,10.26712
9350,10.14045
9371,10.13811
9392,10.0607
9413,10.07243
9434,10.03724
9455,9.969215
9476,9.929338
9497,9.941067
9518,10.00675
9539,9.934029
9560,9.971561
9581,10.02786
9602,9.9223
9623,10.02317
9644,10.17329
9665,10.25774
9686,10.26243
9707,10.29292
9728,10.22959
9749,10.17095
9770,10.08885
9791,10.03724
9812,9.884768
9833,10.01378
9854,9.980944
9875,10.07712
9896,10.13107
9917,10.3328
9938,10.36564
9959,10.37268
9980,10.15687
10001,10.36095
10022,10.40317
10043,10.39848
10064,10.49231
10085,10.43367
10106,10.49935
10127,10.61194
10148,10.5275
10169,10.42663
10190,10.58614
10211,10.24601
10232,10.49935
10253,10.15218
10274,10.36564
10295,10.51342
10316,10.35626
10337,10.4454
10358,10.47355
10379,10.22959
10400,10.10527
10421,9.992672
10442,10.16626
10463,10.05835
10484,10.0302
10505,9.990326
10526,10.20379
10547,10.08885
10568,10.09823
10589,10.09354
10610,9.9223
10631,10.01613
10652,10.15922
10673,10.19441
10694,10.26008
10715,10.20613
10736,10.21786
10757,10.31638
10778,10.3891
10799,10.34922
10820,10.31404
10841,10.41256
10862,10.3891
10883,10.3328
10904,10.32811
10925,10.33984
10946,10.42429
10967,10.35861
10988,10.28589
11009,10.22255
11030,10.33515
11051,10.32811
11072,10.20379
11093,10.23897
11114,10.36564
11135,10.29527
11156,10.30465
11177,10.44071
11198,10.33749
11219,10.23194
11240,10.23194
11261,10.31638
11282,10.33046
11303,10.32576
11324,10.21786
11345,10.34922
11366,10.40083
11387,10.29527
11408,10.27181
11429,10.25539
11450,10.29527
11471,10.29996
11492,10.27416
11513,10.14749
11534,10.17095
11556,10.03959
11577,10.05835
11598,10.09823
11619,9.948103
11640,9.936375
11661,9.833163
11682,9.699456
11703,9.446118
11724,9.603281
11745,9.654888
11766,9.507107
11787,9.434389
11808,9.380438
11829,9.385129
11850,9.439081
11871,9.457847
11892,9.478958
11913,9.497724
11934,9.396858
11955,9.392166
11976,9.56575
11997,9.415624
12018,9.476612
12039,9.535255
12060,9.678345
12081,9.535255
12102,9.535255
12123,9.640813
12144,9.603281
12165,9.413278
12186,9.251423
12207,9.319448
12228,9.380438
12249,9.157594
12270,9.042653
12291,9.195126
12312,9.244386
12333,9.171668
12354,9.141173
12375,9.19278
12396,9.141173
12417,9.235003
12438,9.211545
12459,9.24204
12480,9.235003
12501,9.335869
12522,9.272534
12543,9.145865
12564,9.288955
12585,9.328832
12606,9.514144
12627,9.439081
12648,9.399203
12669,9.396858
12690,9.25846
12711,9.333523
12732,9.38982
12753,9.396858
12774,9.408587
12795,9.333523
12816,9.293646
12837,9.368709
12858,9.328832
12879,9.256114
12900,9.251423
12921,9.256114
12942,9.310066
12963,9.277225
12984,8.812772
13005,9.169322
13026,9.303029
13047,9.303029
13068,9.27488
13089,9.256114
13110,9.265497
13131,9.265497
13152,9.317103
13173,9.251423
13194,9.216236
13215,9.225619
13236,9.171668
13257,9.176359
13278,9.09895
13299,9.115371
13320,9.134136
13341,9.148211
13362,9.188088
13383,9.199817
13404,9.227965
13425,9.199817
13446,9.143519
13467,9.220928
13488,9.213891
13509,9.396858
13530,9.387475
13551,9.48834
13572,9.509453
13593,9.690074
13614,9.671308
13635,9.591553
13656,9.48834
13677,9.401549
13698,9.293646
13719,9.331178
13740,9.223273
13761,9.037962
13782,9.052036
13803,8.939441
13824,8.908947
13845,8.815118
13866,8.737708
13887,8.906601
13908,9.007467
13929,8.939441
13950,9.00043
13971,9.310066
13992,9.244386
14013,9.202163
14034,9.314757
14055,9.410933
14076,9.375746
14097,9.244386
14118,9.455501
14139,9.544639
14160,9.303029
14181,9.206854
14202,9.385129
14223,9.281918
14245,8.864378
14266,8.927712
14287,9.256114
14308,9.324141
14329,8.857341
14350,8.657954
14371,9.216236
14392,9.206854
14413,8.399924
14434,8.622768
14455,9.199817
14476,9.037962
14497,8.6603
14518,8.880798
14539,9.190434
14560,8.98401
14581,9.061419
14602,9.446118
14623,9.563404
14644,9.509453
14665,9.87304
14686,10.07946
14707,10.11934
14728,10.05366
14749,10.1686
14770,10.14749
14791,10.38206
14812,10.34453
14833,10.29762
14854,10.11934
14875,10.35391
14896,10.1991
14917,9.880077
14938,9.812052
14959,9.896498
14980,9.976252
15001,9.697111
15022,9.85662
15043,9.973906
15064,9.683037
15085,9.556367
15106,9.722914
15127,9.866002
15148,9.713531
15169,9.744025
15190,9.896498
15211,9.760445
15232,9.851928
15253,9.844892
15274,9.870694
15295,9.995018
15316,9.98329
15337,10.14514
15358,10.19441
15379,10.28823
15400,10.46416
15421,10.25539
15442,10.46416
15463,10.46416
15484,10.46182
15505,10.42194
15526,10.40083
15547,10.3891
15568,10.19206
15589,10.23428
15610,10.21786
15631,10.12872
15652,9.931683
15673,9.868348
15694,9.753407
15715,9.751062
15736,9.725259
15757,9.729951
15778,9.610318
15799,9.539948
15820,9.521181
15841,9.563404
15862,9.600936
15883,9.544639
15904,9.593899
15925,9.697111
15946,9.901189
15967,9.772174
15988,9.814397
16009,9.725259
16030,9.875386
16051,10.0044
16072,10.12169
16093,10.13811
16114,10.24366
16135,10.22255
16156,10.26478
16177,10.3633
16198,10.33984
16219,10.30231
16240,10.42898
16261,10.37972
16282,10.40317
16303,10.50169
16324,10.48293
16345,10.37033
16366,10.49466
16387,10.45713
16408,10.51108
16429,10.49231
16450,10.59552
16471,10.53453
16492,10.56972
16513,10.58849
16534,10.59318
16555,10.76207
16576,10.6917
16597,10.73627
16618,10.73392
16639,10.88405
16660,10.83948
16681,10.9638
16702,10.87701
16723,10.91454
16744,10.80195
16765,10.86294
16786,10.73392
16807,10.71046
16828,10.67528
16849,10.47589
16870,10.40083
16891,10.35157
16912,10.24836
16933,10.25774
16954,10.20613
16975,10.07477
16996,10.18268
17017,10.1686
17038,10.17095
17059,10.22021
17080,10.31404
17101,10.35626
17122,10.34219
17143,10.34219
17164,10.2507
17185,10.36799
17206,10.26478
17227,10.307
17248,10.28354
17269,10.26243
17290,10.2507
17311,10.34453
17332,10.20379
17353,10.14045
17374,10.18502
17395,10.07946
17416,9.964523
17437,9.957487
17458,9.938721
17479,9.894152
17500,9.9223
17521,9.786248
17542,9.926992
17563,9.837853
17584,9.903535
17605,9.915263
17626,9.830817
17647,9.941067
17668,9.966869
17689,9.908226
17710,10.05835
17731,10.13107
17752,10.0865
17773,10.26478
17794,10.29058
17815,10.47355
17836,10.50169
17857,10.4454
17878,10.5533
17899,10.71516
17920,10.75269
17941,10.748
17962,10.80664
17983,10.87467
18004,10.82775
18025,10.81837
18046,10.76676
18067,10.80429
18088,10.82306
18109,10.71281
18130,10.82071
18151,10.84886
18172,10.8817
18193,10.75034
18214,10.67059
18235,10.71281
18256,10.69404
18277,10.65651
18298,10.52984
18319,10.45009
18340,10.38675
18361,10.25305
18382,10.09354
18403,9.943413
18424,9.849584
18445,9.931683
18466,9.814397
18487,9.586862
18508,9.561059
18529,9.509453
18550,9.589207
18571,9.467229
18592,9.375746
18613,9.300683
18634,9.324141
18655,9.251423
18676,9.021542
18697,8.972281
18718,8.883143
18739,8.702522
18760,8.782278
18781,8.589928
18802,8.446838
18823,8.446838
18844,8.503136
18865,8.491407
18886,8.338935
18907,8.324861
18928,8.331898
18949,8.505482
18970,8.737708
18991,8.892527
19012,8.817463
19033,8.69314
19054,8.812772
19075,8.880798
19096,8.864378
19117,8.991047
19138,8.953515
19159,9.056727
19180,9.028579
19201,8.913638
19222,8.920675
19243,8.962898
19264,9.044999
19285,9.012158
19306,8.967589
19327,8.908947
19348,8.98401
19369,9.087222
19390,8.962898
19411,9.03327
19432,9.005121
19453,9.080185
19474,9.066111
19495,9.026234
19516,9.223273
19537,9.2092
19558,9.281918
19579,9.199817
19601,9.305374
19623,9.380438
19644,9.399203
19665,9.427352
19686,9.382783
19707,9.429698
19728,9.347597
19749,9.439081
19770,9.493032
19791,9.429698
19812,9.542293
19833,9.476612
19854,9.396858
19875,9.474266
19896,9.41797
19917,9.267843
19938,9.319448
19959,9.410933
19980,9.328832
20001,9.277225
20022,9.380438
20043,9.314757
20064,9.267843
20085,9.349943
20106,9.396858
20127,9.392166
20148,9.30772
20169,9.335869
20190,9.432044
20211,9.403895
20232,9.415624
20253,9.368709
20274,9.478958
20295,9.450809
20316,9.448463
20337,9.448463
20358,9.432044
20379,9.478958
20400,9.420315
20421,9.422661
20442,9.535255
20463,9.427352
20484,9.462538
20505,9.474266
20526,9.298337
20547,9.284263
20568,9.331178
20589,9.183396
20610,9.263151
20631,9.23031
20652,9.218582
20673,9.155248
20694,9.084876
20715,9.026234
20736,9.035616
20757,8.979319
20778,8.941787
20799,8.972281
20820,9.054381
20841,9.035616
20862,9.091913
20883,9.237348
20904,9.312411
20925,9.249077
20946,9.345251
20967,9.434389
20988,9.51649
21009,9.432044
21030,9.434389
21051,9.504761
21072,9.654888
21093,9.584516
21114,9.558713
21135,9.514144
21156,9.422661
21177,9.497724
21198,9.659579
21219,9.481303
21240,9.333523
21261,9.469575
21282,9.622047
21303,9.556367
21324,9.467229
21345,9.514144
21366,9.643159
21387,9.469575
21408,9.392166
21429,9.685382
21450,9.760445
21471,9.767483
21492,9.633776
21513,9.701802
21534,9.66427
21555,9.7581
21576,9.821435
21597,9.866002
21618,9.760445
21639,9.77452
21660,9.765137
21681,9.898843
21702,9.912917
21723,9.744025
21744,9.781557
21765,10.00206
21786,9.936375
21807,9.725259
21828,9.854274
21849,10.07008
21870,10.07477
21891,9.936375
21912,9.844892
21933,9.980944
21954,10.1428
21975,10.05366
21996,10.13811
22017,10.08181
22038,9.952795
22059,9.912917
22080,9.837853
22101,9.98329
22122,10.0607
22143,9.934029
22164,9.699456
22185,9.66427
22206,9.781557
22227,9.943413
22248,9.955141
22269,9.948103
22290,9.891806
22311,9.957487
22332,10.02082
22353,10.10292
22374,10.05366
22395,10.10996
22416,9.973906
22437,9.955141
22458,10.0607
22479,9.980944
22500,9.866002
22521,9.718222
22542,9.870694
22563,9.781557
22584,9.74637
22605,9.525873
22626,9.497724
22647,9.751062
22668,9.816743
22689,9.884768
22710,9.837853
22731,9.866002
22752,9.802669
22773,9.945757
22794,9.98329
22815,10.20379
22836,10.22725
22857,10.26478
22878,10.40552
22899,10.53923
22920,10.33749
22941,10.39145
22962,10.53219
22983,10.52984
23004,10.61194
23025,10.50873
23046,10.58145
23067,10.48293
23088,10.55799
23109,10.45009
23130,10.39145
23151,10.4149
23172,10.47589
23193,10.42663
23214,10.41959
23235,10.36095
23256,10.32811
23277,10.26478
23298,10.3891
23319,10.31169
23340,10.34219
23361,10.38675
23382,10.41959
23403,10.42663
23424,10.37972
23445,10.35626
23466,10.43836
23487,10.4149
23508,10.48528
23529,10.51577
23550,10.54157
23571,10.44774
23592,10.36564
23613,10.39614
23634,10.3891
23655,10.26947
23676,10.26243
23697,10.17329
23718,10.17798
23739,10.20144
23760,10.20379
23781,10.17798
23802,10.18033
23823,10.07712
23844,10.15218
23865,10.08885
23886,10.15453
23907,10.18268
23928,10.22255
23949,10.23897
23970,10.31638
23991,10.32576
24012,10.31638
24033,10.2249
24054,10.24836
24075,10.27885
24096,10.41256
24117,10.30231
24138,10.39379
24159,10.33984
24180,10.26008
24201,10.32811
24222,10.33515
24243,10.29292
24264,10.28589
24285,10.14749
24306,10.18033
24327,10.18268
24348,10.05132
24369,10.0302
24390,10.14749
24411,9.985635
24432,10.02082
24453,10.04662
24474,10.02317
24495,10.00909
24516,10.06773
24537,9.962177
24558,9.955141
24579,10.00675
24600,10.04662
24621,10.22725
24642,10.15218
24663,10.0865
24684,10.18971
24705,10.23897
24726,10.29762
24747,10.24132
24768,10.32811
24789,10.37033
24810,10.40083
24831,10.41959
24852,10.47589
24873,10.54861
24894,10.48997
24915,10.41256
24936,10.42194
24957,10.41959
24978,10.42898
24999,10.50404
25020,10.28354
25041,10.30231
25062,10.32342
25083,10.12638
25104,10.24601
25125,10.03724
25146,10.0044
25167,9.995018
25188,10.06305
25209,10.01378
25230,9.98798
25251,9.875386
25272,10.06773
25293,9.934029
25314,9.936375
25335,9.950449
25356,9.835509
25377,9.711185
25398,9.833163
25419,9.842546
25440,9.821435
25461,9.732296
25482,9.828471
25503,9.793285
25524,9.64785
25545,9.558713
25566,9.741679
25587,9.612664
25608,9.535255
25629,9.467229
25650,9.434389
25671,9.495378
25692,9.392166
25713,9.345251
25734,9.345251
25755,9.220928
25776,9.298337
25797,9.225619
25818,9.174014
25839,9.19278
25860,9.338214
25881,9.295992
25902,9.312411
25923,9.19278
25944,9.281918
25965,9.293646
25986,9.446118
26007,9.288955
26028,9.321795
26049,9.401549
26070,9.387475
26091,9.270188
26112,9.328832
26133,9.349943
26154,9.300683
26175,9.206854
26196,9.272534
26217,9.295992
26238,9.220928
26259,9.227965
26280,9.251423
26301,9.169322
26322,9.204508
26343,9.359325
26364,9.265497
26385,9.328832
26406,9.354634
26427,9.415624
26448,9.502416
26469,9.577478
26490,9.563404
26511,9.504761
26532,9.603281
26553,9.626739
26574,9.593899
26595,9.66427
26616,9.725259
26637,9.676
26658,9.706493
26679,9.683037
26700,9.66427
26721,9.739333
26742,9.713531
26763,9.572787
26784,9.617355
26805,9.570441
26826,9.570441
26847,9.605627
26868,9.544639
26889,9.53291
26910,9.469575
26931,9.493032
26952,9.399203
26973,9.462538
26994,9.469575
27015,9.464884
27036,9.410933
27057,9.385129
27078,9.352288
27099,9.34056
27120,9.364017
27141,9.345251
27162,9.286609
27183,9.345251
27204,9.265497
27225,9.387475
27246,9.267843
27267,9.338214
27288,9.303029
27309,9.354634
27330,9.338214
27351,9.385129
27372,9.34056
27393,9.331178
27414,9.324141
27435,9.380438
27456,9.284263
27477,9.349943
27498,9.317103
27519,9.385129
27540,9.38982
27561,9.284263
27582,9.270188
27603,9.293646
27624,9.256114
27645,9.349943
27666,9.263151
27687,9.349943
27708,9.335869
27729,9.34056
27750,9.375746
27771,9.373401
27792,9.432044
27813,9.436735
27834,9.443772
27855,9.450809
27876,9.51649
27897,9.589207
27918,9.685382
27939,9.666616
27960,9.61501
27981,9.666616
28002,9.680691
28023,9.64785
28044,9.589207
28065,9.589207
28086,9.58217
28107,9.537601
28128,9.607973
28149,9.678345
28170,9.586862
28191,9.514144
28212,9.481303
28233,9.448463
28254,9.368709
28275,9.471921
28296,9.420315
28317,9.277225
28338,9.335869
28359,9.420315
28380,9.392166
28401,9.338214
28422,9.422661
28443,9.41797
28464,9.368709
28485,9.507107
28506,9.53291
28527,9.568096
28548,9.622047
28569,9.800323
28590,9.739333
28611,9.748716
28632,9.769828
28653,9.85662
28674,9.814397
28695,9.826125
28716,9.861312
28737,9.880077
28758,9.819089
28779,9.751062
28800,9.744025
28821,9.729951
28842,9.753407
28863,9.736988
28884,9.678345
28905,9.535255
28926,9.661925
28947,9.556367
28968,9.64785
28989,9.575133
29010,9.617355
29031,9.436735
29052,9.321795
29073,9.511798
29094,9.385129
29115,9.619701
29136,9.617355
29157,9.453156
29178,9.568096
29199,9.603281
29220,9.40624
29241,9.676
29262,9.678345
29283,9.556367
29304,9.453156
29325,9.51649
29346,9.507107
29367,9.441426
29388,9.490686
29409,9.542293
29430,9.544639
29451,9.408587
29472,9.469575
29493,9.652542
29514,9.504761
29535,9.335869
29556,9.593899
29577,9.605627
29598,9.455501
29619,9.535255
29640,9.464884
29661,9.589207
29682,9.624393
29703,9.507107
29724,9.58217
29745,9.788594
29766,9.673654
29787,9.64785
29808,9.753407
29829,9.701802
29850,9.690074
29871,9.715877
29892,9.85662
29913,9.809706
29934,9.882422
29955,9.894152
29976,9.966869
29997,9.969215
30018,9.952795
30039,9.919954
30060,10.06773
30081,10.08885
30102,9.952795
30123,9.931683
30144,9.98329
30165,10.14514
30186,10.07712
30207,10.10996
30228,10.07712
30249,10.08885
30270,10.05132
30291,10.21083
30312,10.18971
30333,10.12638
30355,10.17564
30378,10.19675
30399,10.15922
30420,10.21552
30441,10.27885
30462,10.21552
30483,10.1686
30504,10.22021
30525,10.35861
30546,10.27885
30567,10.19675
30588,10.43132
30609,10.27181
30630,10.33046
30651,10.25539
30672,10.31638
30693,10.40787
30714,10.33984
30735,10.40083
30756,10.40317
30777,10.32342
30798,10.34219
30819,10.307
30840,10.32811
30861,10.26947
30882,10.29058
30903,10.27181
30924,10.35157
30945,10.34453
30966,10.34688
30987,10.3328
31008,10.37737
31029,10.28354
31050,10.31873
31071,10.28823
31092,10.27181
31113,10.20144
31134,10.31638
31155,10.37268
31176,10.307
31198,10.35157
31219,10.27416
31240,10.32576
31261,10.24836
31282,10.28823
31303,10.27181
31324,10.28589
31345,10.29058
31366,10.29996
31387,10.21552
31408,10.22959
31429,10.20848
31450,10.14514
31471,10.11934
31492,10.13576
31513,10.17329
31534,10.13107
31555,10.13576
31576,10.09119
31597,10.18502
31618,10.13576
31639,10.09119
31660,10.05366
31681,10.18971
31702,10.17329
31723,10.09354
31744,10.16156
31765,10.1686
31786,10.14984
31807,10.09119
31828,10.12169
31849,10.16626
31870,10.18033
31891,10.14045
31912,10.29058
31933,10.22725
31954,10.28589
31975,10.23663
31996,10.2812
32017,10.25774
32038,10.34688
32059,10.31638
32080,10.35391
32101,10.40317
32122,10.3633
32143,10.36799
32164,10.37033
32185,10.29058
32206,10.31638
32227,10.24601
32248,10.26712
32269,10.38206
32290,10.34219
32311,10.36095
32332,10.41021
32353,10.39145
32374,10.40552
32395,10.46885
32416,10.48997
32437,10.50169
32458,10.58849
32479,10.57441
32500,10.64478
32521,10.65182
32542,10.63306
32563,10.78553
32584,10.65651
32605,10.71985
32626,10.88405
32647,10.8559
32668,10.82541
32689,10.74565
32710,10.71985
32731,10.68701
32752,10.80429
32773,10.58145
32794,10.51342
32815,10.48528
32836,10.54861
32857,10.62602
32878,10.61664
32899,10.36799
32920,10.44774
32941,10.39614
32962,10.35626
32983,10.20613
33004,10.1991
33025,10.18033
33046,10.09354
33067,10.02082
33088,10.04428
33109,9.978598
33130,9.973906
33151,9.90588
33172,9.80736
33193,9.77452
33214,9.779211
33235,9.694765
33256,9.805015
33277,9.66427
33298,9.659579
33319,9.511798
33340,9.420315
33361,9.568096
33382,9.511798
33403,9.558713
33424,9.568096
33445,9.530564
33466,9.659579
33487,9.640813
33508,9.729951
33529,9.657233
33550,9.584516
33571,9.596244
33592,9.471921
33613,9.509453
33634,9.523527
33655,9.525873
33676,9.558713
33697,9.434389
33718,9.396858
33739,9.443772
33760,9.420315
33781,9.328832
33802,9.216236
33823,9.183396
33844,9.279572
33865,9.23031
33886,9.382783
33907,9.220928
33928,9.251423
33949,9.204508
33970,9.141173
33991,9.09895
34012,9.059073
34033,9.15994
34054,9.150557
34075,9.030925
34096,9.026234
34117,9.04969
34138,9.047344
34159,8.993393
34180,8.953515
34201,8.913638
34222,8.974627
34243,8.946478
34264,8.974627
34285,8.911292
34306,9.096604
34327,9.232656
34348,9.199817
34369,9.15994
34390,9.253768
34411,9.270188
34432,9.251423
34453,9.178705
34474,9.152903
34495,9.195126
34516,9.267843
34537,9.260805
34558,9.312411
34579,9.281918
34600,9.195126
34621,9.218582
34642,9.265497
34663,9.225619
34684,9.164631
34705,9.23031
34726,9.223273
34747,9.24204
34768,9.303029
34789,9.288955
34810,9.310066
34831,9.359325
34852,9.328832
34873,9.375746
34894,9.331178
34915,9.382783
34936,9.349943
34957,9.331178
34978,9.324141
34999,9.312411
35020,9.476612
35041,9.469575
35062,9.41797
35083,9.345251
35104,9.413278
35125,9.326486
35146,9.333523
35167,9.218582
35188,9.272534
35209,9.225619
35230,9.197471
35251,9.181051
35272,9.260805
35293,9.120062
35314,9.103642
35335,9.061419
35356,9.105988
35377,9.073148
35398,9.080185
35419,9.113025
35440,9.103642
35461,9.246731
35482,9.122408
35503,9.204508
35524,9.227965
35545,9.239694
35566,9.237348
35587,9.202163
35608,9.244386
35629,9.293646
35650,9.387475
35671,9.253768
35692,9.272534
35713,9.30772
35734,9.281918
35755,9.166977
35776,9.401549
35797,9.422661
35818,9.23031
35839,9.284263
35860,9.427352
35881,9.352288
35902,9.246731
35923,9.333523
35944,9.50007
35965,9.387475
35986,9.312411
36007,9.469575
36028,9.572787
36049,9.514144
36070,9.556367
36091,9.720568
36112,9.671308
36133,9.708839
36154,9.819089
36175,10.04897
36196,10.04428
36217,9.901189
36238,9.952795
36259,10.17798
36280,10.17329
36301,10.12872
36322,10.17798
36343,10.06539
36364,9.854274
36385,9.760445
36406,9.919954
36427,10.07008
36448,9.945757
36469,9.828471
36490,9.945757
36511,10.07243
36532,9.901189
36553,9.880077
36574,9.926992
36595,10.02317
36616,9.882422
36637,9.901189
36658,9.814397
36679,9.943413
36700,9.828471
36721,9.868348
36742,9.957487
36763,9.934029
36784,9.793285
36805,9.79094
36826,9.7581
36847,9.793285
36868,9.875386
36889,9.835509
36910,9.783903
36931,9.694765
36952,9.732296
36973,9.863657
36994,9.929338
37015,9.701802
37036,9.734642
37057,9.751062
37078,9.640813
37099,9.659579
37120,9.624393
37141,9.800323
37162,9.980944
37183,9.884768
37204,9.781557
37225,9.901189
37246,9.877731
37267,9.992672
37288,10.01378
37309,9.952795
37330,10.01378
37351,10.05132
37372,10.00909
37393,10.05366
37414,10.13107
37435,10.00909
37456,10.0607
37477,9.999709
37498,10.10761
37519,10.2765
37540,10.29996
37561,10.18033
37582,10.21786
37603,10.24132
37624,10.27181
37645,10.22725
37666,10.36799
37687,10.39848
37708,10.3633
37729,10.39145
37750,10.31873
37771,10.26008
37792,10.20144
37813,10.37033
37834,10.34219
37855,10.35861
37876,10.38675
37897,10.36799
37918,10.34922
37939,10.33749
37960,10.41021
37981,10.36564
38002,10.37737
38023,10.46651
38044,10.33984
38065,10.29762
38086,10.24366
38107,10.33749
38128,10.27416
38149,10.29058
38170,10.30935
38191,10.2812
38212,10.25539
38233,10.307
38254,10.19206
38275,10.06305
38296,10.16156
38317,10.2249
38338,10.18737
38359,10.26008
38380,10.29996
38401,10.29996
38422,10.2507
38443,10.26008
38464,10.16156
38485,10.28823
38506,10.29527
38527,10.2812
38548,10.25305
38569,10.22725
38590,10.26008
38611,10.28823
38632,10.24601
38653,10.19675
38674,10.21317
38695,10.26947
38716,10.26008
38737,10.2249
38758,10.21317
38779,10.21786
38800,10.22021
38821,10.28823
38842,10.28823
38863,10.29058
38884,10.23663
38905,10.37503
38926,10.43601
38947,10.35391
38968,10.41256
38989,10.38206
39010,10.40787
39031,10.43601
39052,10.40083
39073,10.29292
39094,10.36095
39115,10.42898
39136,10.35157
39157,10.41021
39178,10.36564
39199,10.25774
39220,10.31404
39241,10.28589
39262,10.26712
39283,10.22959
39304,10.23194
39325,10.15218
39346,10.11465
39367,10.15922
39388,10.23194
39409,10.18971
39430,10.13576
39451,10.15922
39472,10.14749
39493,10.11465
39514,10.08885
39535,10.1428
39556,10.14984
39577,10.20848
39598,10.38441
39619,10.22959
39640,10.23897
39661,10.29762
39682,10.32576
39703,10.25539
39724,10.24601
39745,10.20848
39766,10.29527
39787,10.30231
39808,10.19206
39829,10.17095
39850,10.23428
39871,10.18033
39892,10.1686
39913,10.23194
39934,10.18268
39955,10.21317
39976,10.15218
39997,10.00909
40018,10.00675
40039,10.10996
40060,9.962177
40081,9.90588
40102,9.950449
40123,9.915263
40144,9.98329
40165,10.01378
40186,10.117
40207,10.11465
40228,10.10761
40249,9.98329
40270,10.1123
40291,10.04193
40312,10.04428
40333,10.14749
40354,10.16626
40375,10.16626
40396,10.18502
40417,10.19441
40438,10.07477
40459,10.05835
40480,9.973906
40501,10.00909
40522,9.908226
40543,9.926992
40564,9.894152
40585,9.781557
40606,9.711185
40627,9.821435
40648,9.734642
40669,9.668962
40690,9.636122
40711,9.610318
40732,9.673654
40753,9.584516
40774,9.584516
40795,9.586862
40816,9.443772
40837,9.319448
40858,9.408587
40879,9.436735
40900,9.385129
40921,9.347597
40942,9.378092
40963,9.220928
40984,9.25846
41005,9.162285
41026,9.157594
41047,9.190434
41068,9.127099
41089,9.08253
41110,9.03327
41131,9.030925
41152,9.087222
41173,9.066111
41194,8.93475
41215,9.005121
41236,9.044999
41257,9.09895
41278,9.070802
41299,9.176359
41320,9.25846
41341,9.338214
41362,9.25846
41383,9.24204
41404,9.321795
41425,9.293646
41446,9.303029
41467,9.277225
41488,9.253768
41509,9.35698
41530,9.35698
41551,9.429698
41572,9.394512
41593,9.436735
41614,9.408587
41635,9.399203
41656,9.35698
41677,9.314757
41698,9.41797
41719,9.349943
41740,9.354634
41761,9.305374
41782,9.305374
41803,9.366363
41824,9.361671
41845,9.345251
41866,9.385129
41887,9.41797
41908,9.462538
41929,9.378092
41950,9.401549
41971,9.335869
41992,9.331178
42013,9.392166
42034,9.427352
42055,9.399203
42076,9.443772
42097,9.38982
42118,9.427352
42139,9.455501
42160,9.554022
42181,9.528218
42202,9.434389
42223,9.497724
42244,9.401549
42265,9.425007
42286,9.476612
42307,9.378092
42328,9.375746
42349,9.467229
42370,9.446118
42391,9.441426
42412,9.335869
42433,9.368709
42454,9.378092
42475,9.373401
42496,9.342906
42517,9.321795
42538,9.432044
42559,9.326486
42580,9.312411
42601,9.218582
42622,9.235003
42643,9.260805
42664,9.185742
42685,9.281918
42706,9.235003
42727,9.143519
42748,9.436735
42769,9.244386
42790,9.127099
42811,9.249077
42832,9.145865
42853,9.063765
42874,9.164631
42895,9.120062
42916,9.054381
42937,8.995738
42958,9.023888
42979,8.986356
43000,8.883143
43021,8.786969
43042,9.009813
43063,8.974627
43084,8.890181
43105,8.995738
43126,9.185742
43147,9.155248
43168,9.166977
43189,9.413278
43210,9.41797
43231,9.434389
43252,9.507107
43273,9.59859
43294,9.544639
43315,9.50007
43336,9.652542
43357,9.64785
43378,9.425007
43399,9.640813
43420,9.828471
43441,9.706493
43462,9.408587
43483,9.59859
43504,9.823779
43525,9.631431
43546,9.551676
43567,9.699456
43588,9.643159
43609,9.544639
43630,9.539948
43651,9.828471
43672,9.77452
43693,9.593899
43714,9.490686
43735,9.645505
43756,9.945757
43777,9.894152
43798,9.539948
43819,9.687728
43840,9.830817
43861,9.781557
43882,9.593899
43903,9.537601
43924,9.776865
43945,9.706493
43966,9.636122
43987,9.525873
44008,9.570441
44029,9.59859
44050,9.600936
44071,9.354634
44092,9.225619
44113,9.612664
44134,9.661925
44155,9.751062
44176,9.41797
44197,9.399203
44218,9.751062
44239,9.880077
44260,9.889461
44281,9.80736
44302,9.941067
44323,9.971561
44344,9.910572
44365,10.07477
44386,10.19441
44407,10.23194
44428,10.18268
44449,10.36564
44470,10.26947
44491,10.32811
44512,10.44071
44533,10.2507
44554,10.29058
44575,10.31873
44596,10.34922
44617,10.43601
44638,10.47355
44659,10.45947
44680,10.36095
44701,10.39145
44722,10.34219
44743,10.42194
44764,10.45947
44785,10.58849
44806,10.53453
44827,10.6096
44848,10.58849
44869,10.47589
44890,10.6354
44911,10.61194
44932,10.63306
44953,10.74096
44974,10.77614
44995,10.60491
45016,10.65182
45037,10.60725
45058,10.51108
45079,10.51108
45100,10.49935
45121,10.42429
45142,10.35626
45163,10.43132
45184,10.30465
45205,10.33984
45226,10.22725
45247,10.23897
45268,10.24366
45289,10.2249
45310,10.21317
45331,10.26008
45352,10.27885
45373,10.33515
45394,10.26947
45415,10.33749
45436,10.32342
45457,10.32107
45478,10.37033
45499,10.307
45520,10.31638
45541,10.3891
45562,10.44774
45583,10.46182
45604,10.44774
45625,10.37033
45646,10.31638
45667,10.31169
45688,10.24132
45709,10.24836
45730,10.23663
45751,10.3633
45772,10.30231
45793,10.27416
45814,10.26947
45835,10.29996
45856,10.34922
45877,10.35157
45898,10.42194
45919,10.41021
45940,10.51577
45961,10.50873
45982,10.48762
46003,10.4712
46024,10.50404
46045,10.46182
46066,10.41021
46087,10.48997
46108,10.5791
46129,10.52281
46150,10.62367
46171,10.61429
46192,10.56034
46213,10.56738
46234,10.58849
46255,10.52984
46276,10.50404
46297,10.53453
46318,10.36095
46339,10.32576
46360,10.2507
46381,10.17095
46402,10.21786
46423,10.19441
46444,10.15922
46465,10.16626
46486,10.14045
46507,10.10292
46528,10.17798
46549,10.07712
46570,10.10292
46591,10.22255
46612,10.29058
46633,10.37972
46654,10.20613
46675,10.45947
46696,10.33749
46717,10.41725
46738,10.58614
46759,10.497
46780,10.56034
46801,10.47355
46822,10.5791
46843,10.5533
46864,10.41021
46885,10.4149
46906,10.46885
46927,10.51342
46948,10.41021
46969,10.44071
46990,10.497
47011,10.46885
47032,10.35157
47053,10.27885
47074,10.24366
47095,10.27181
47116,10.15687
47137,10.12872
47158,9.985635
47179,9.711185
47200,9.596244
47221,9.493032
47242,9.523527
47263,9.481303
47284,9.453156
47305,9.342906
47326,9.216236
47347,9.164631
47368,9.281918
47389,9.227965
47410,9.190434
47431,9.176359
47452,9.04969
47473,9.113025
47494,9.091913
47515,9.279572
47536,9.434389
47557,9.2092
47578,9.378092
47599,9.281918
47620,9.347597
47641,9.206854
47662,9.385129
47683,9.399203
47704,9.469575
47725,9.361671
47746,9.439081
47767,9.380438
47788,9.401549
47809,9.361671
47830,9.373401
47851,9.333523
47872,9.300683
47893,9.244386
47914,9.23031
47935,9.314757
47956,9.364017
47977,9.225619
47998,9.178705
48019,9.181051
48040,9.087222
48061,9.084876
48082,9.185742
48103,9.028579
48124,9.080185
48145,9.059073
48166,9.068456
48187,9.145865
48208,9.164631
48229,9.141173
48250,9.103642
48271,9.117716
48292,9.068456
48313,9.213891
48334,9.213891
48355,9.09895
48376,9.148211
48397,9.333523
48418,9.101295
48439,9.284263
48460,9.216236
48481,9.263151
48502,9.305374
48523,9.277225
48544,9.183396
48565,9.239694
48586,9.270188
48607,9.235003
48628,9.138828
48649,9.218582
48670,9.265497
48691,9.174014
48712,9.181051
48733,9.164631
48754,9.2092
48775,9.211545
48796,9.08253
48817,9.117716
48838,9.143519
48859,9.148211
48880,9.197471
48901,9.129445
48922,9.08253
48943,9.127099
48964,9.157594
48985,9.115371
49006,9.084876
49027,9.068456
49048,9.052036
49069,9.056727
49090,9.143519
49111,9.068456
49132,9.03327
49153,9.068456
49174,9.089567
49195,9.04969
49216,9.080185
49237,9.021542
49258,8.927712
49279,8.894873
49300,8.8245
49321,8.897219
49342,9.00043
49363,8.885489
49384,8.890181
49405,8.911292
49426,9.009813
49447,9.101295
49468,9.042653
49489,9.080185
49510,9.134136
49531,9.148211
49552,9.2092
49573,9.305374
49594,9.368709
49615,9.239694
49636,9.35698
49657,9.453156
49678,9.610318
49699,9.507107
49720,9.521181
49741,9.711185
49762,9.776865
49783,9.654888
49804,9.805015
49825,9.880077
49846,9.952795
49867,9.835509
49888,9.66427
49909,9.690074
49930,9.870694
49951,9.828471
49972,9.744025
49993,9.765137
50014,9.887115
50035,9.755754
50056,9.744025
50077,9.85662
50098,9.926992
50119,9.919954
50140,9.694765
50161,9.732296
50182,9.858966
50203,9.812052
50224,9.795631
50245,9.781557
50266,9.971561
50287,9.90588
50308,9.842546
50329,9.736988
50350,9.931683
50371,9.880077
50392,9.812052
50413,9.753407
50434,9.79094
50455,9.85662
50476,9.833163
50497,9.858966
50518,9.786248
50539,9.866002
50560,9.910572
50581,9.9223
50602,10.05835
50623,10.0302
50644,10.10292
50665,10.05132
50686,10.14749
50707,10.21317
50728,10.10058
50749,10.13107
50770,10.24601
50791,10.33749
50812,10.31404
50833,10.26712
50854,10.33749
50875,10.34688
50896,10.32342
50917,10.42194
50938,10.57441
50959,10.41256
50980,10.43601
51001,10.30465
51022,10.35861
51043,10.31404
51064,10.22725
51085,10.10058
51106,10.32107
51127,10.45947
51148,10.43601
51169,10.34922
51190,10.43132
51211,10.34453
51232,10.40787
51253,10.42194
51274,10.4454
51295,10.48293
51316,10.56034
51337,10.64009
51358,10.6659
51379,10.65182
51400,10.67059
51421,10.74565
51442,10.78084
51463,10.7175
51484,10.73627
51505,10.75503
51526,10.69874
51547,10.68466
51568,10.64947
51589,10.71046
51610,10.67528
51631,10.64478
51652,10.60491
51673,10.65182
51694,10.62602
51715,10.67762
51736,10.77614
51757,10.75972
51778,10.78787
51799,10.74565
51820,10.67528
51841,10.748
51865,10.74565
51891,10.86059
51912,10.80899
51933,10.88405
51954,10.87701
51975,10.92862
51996,10.82775
52017,10.83948
52038,10.75972
52059,10.71985
52080,10.72923
52101,10.5275
52122,10.66824
52143,10.51811
52164,10.36564
52185,10.36564
52206,10.43132
52227,10.2812
52248,10.29058
52269,10.12638
52290,10.14514
52311,10.24836
52332,10.19675
52353,10.25539
52374,10.24836
52395,10.30465
52416,10.31873
52437,10.38206
52458,10.22959
52479,10.47824
52500,10.51342
52521,10.40317
52542,10.63775
52563,10.70343
52584,10.5533
52605,10.67528
52626,10.73392
52647,10.71046
52668,10.7175
52689,10.67059
52710,10.60725
52731,10.57441
52752,10.6096
52773,10.5791
52794,10.4454
52815,10.44774
52836,10.2507
52857,10.39614
52878,10.30231
52899,10.31169
52920,10.18971
52941,10.20379
52962,10.25305
52983,10.25774
53004,10.18033
53025,10.21786
53046,10.16626
53067,10.22725
53088,10.20379
53109,10.19206
53130,9.985635
53151,9.680691
53172,9.722914
53193,9.537601
53214,9.413278
53235,9.577478
53256,9.535255
53277,9.378092
53298,9.188088
53319,9.338214
53340,9.331178
53361,9.227965
53382,9.202163
53403,9.199817
53424,9.061419
53445,9.052036
53466,9.103642
53487,9.037962
53508,8.906601
53530,8.740054
53551,8.789314
53572,8.6603
53593,8.798697
53614,8.7424
53635,8.854995
53656,8.695485
53677,8.69314
53698,8.789314
53719,8.69314
53740,8.765858
53761,8.908947
53782,8.904256
53803,8.819809
53824,8.831537
53845,8.883143
53866,8.90191
53887,8.918329
53908,8.869069
53929,8.733017
53950,8.817463
53971,8.862032
53992,9.213891
54013,8.906601
54034,8.817463
54055,9.256114
54076,8.939441
54097,9.005121
54118,9.09895
54139,8.939441
54160,9.110679
54181,9.00043
54202,9.087222
54223,9.052036
54244,9.155248
54265,9.096604
54286,9.171668
54307,9.25846
54328,9.23031
54349,9.385129
54370,9.373401
54391,9.371055
54412,9.312411
54433,9.493032
54454,9.525873
54475,9.403895
54496,9.441426
54517,9.401549
54538,9.326486
54559,9.30772
54580,9.244386
54601,9.251423
54622,9.27488
54643,9.265497
54664,9.298337
54685,9.277225
54706,9.293646
54727,9.272534
54748,9.298337
54769,9.239694
54790,9.25846
54811,9.361671
54832,9.30772
54853,9.303029
54874,9.347597
54895,9.34056
54916,9.256114
54937,9.2913
54958,9.197471
54979,9.2092
55000,9.293646
55021,9.244386
55042,9.188088
55063,9.251423
55084,9.143519
55105,9.122408
55126,9.103642
55147,9.08253
55168,9.054381
55189,8.897219
55210,8.810426
55231,8.784623
55252,8.714252
55273,8.662645
55294,8.62746
55315,8.758821
55336,8.543014
55357,8.442147
55378,8.437455
55399,8.573507
55420,8.615731
55441,8.622768
55462,8.62746
55483,8.669683
55504,8.707214
55525,8.754128
55546,8.822155
55567,8.937096
55588,8.981664
55609,9.044999
55630,9.117716
55651,9.305374
55672,9.342906
55693,9.317103
55714,9.420315
55735,9.518835
55756,9.544639
55777,9.593899
55798,9.793285
55819,9.849584
55840,9.605627
55861,9.840199
55882,10.07946
55903,10.10527
55924,9.776865
55945,9.687728
55966,10.0607
55987,10.09823
56008,10.08181
56029,9.985635
56050,10.07712
56071,9.959831
56092,9.732296
56113,10.00206
56134,10.04662
56155,9.912917
56176,9.870694
56197,10.02317
56218,10.10292
56239,10.01848
56260,10.03489
56281,10.06539
56302,10.06539
56323,9.992672
56344,9.973906
56365,10.15218
56386,10.18033
56407,10.09354
56428,9.969215
56449,10.12403
56470,10.117
56491,10.08885
56512,9.971561
56533,9.995018
56554,9.985635
56575,9.877731
56596,9.741679
56617,9.85662
56638,9.802669
56659,10.00675
56680,9.875386
56701,9.816743
56722,9.699456
56743,9.729951
56764,9.847238
56785,9.805015
56806,10.0302
56827,9.929338
56848,9.849584
56869,9.997364
56890,10.01613
56911,10.0865
56932,9.990326
56953,10.15687
56974,10.25539
56995,10.38441
57016,10.51342
57037,10.45947
57058,10.30935
57079,10.27181
57100,10.23663
57121,10.42194
57142,10.44774
57163,10.3891
57184,10.52515
57205,10.55565
57226,10.49231
57247,10.58145
57268,10.33984
57289,10.43836
57310,10.62367
57331,10.54392
57352,10.54861
57373,10.57441
57394,10.61194
57415,10.70108
57436,10.66824
57457,10.70577
57478,10.75738
57499,10.7738
57520,10.62602
57541,10.52515
57562,10.43836
57583,10.52515
57604,10.42194
57625,10.4454
57646,10.4712
57667,10.34219
57688,10.31638
57709,10.31169
57730,10.28823
57751,10.27885
57772,10.31404
57793,10.2507
57814,10.25774
57835,10.28354
57856,10.25539
57877,10.29292
57898,10.32576
57919,10.32576
57940,10.34688
57961,10.29762
57982,10.31169
58003,10.36095
58024,10.37033
58045,10.28589
58066,10.39379
58087,10.51108
58108,10.39848
58129,10.45009
58150,10.34922
58171,10.38441
58192,10.35391
58213,10.40317
58234,10.4454
58255,10.4454
58276,10.46182
58297,10.38675
58318,10.33749
58339,10.28823
58360,10.20848
58381,10.10527
58402,10.10527
58423,10.14984
58444,10.10527
58465,10.00206
58486,10.04897
58507,10.18033
58528,10.01613
58549,10.12169
58570,10.09119
58591,10.23897
58612,10.26008
58633,10.32342
58654,10.2507
58675,10.29996
58696,10.33515
58717,10.45947
58738,10.37737
58759,10.43367
58780,10.39145
58801,10.43367
58822,10.52281
58843,10.307
58864,10.43132
58885,10.56503
58906,10.52984
58927,10.3328
58948,10.29058
58969,10.26478
58990,10.14514
59011,10.20379
59032,10.1123
59053,10.07946
59074,10.17564
59095,10.06305
59116,10.01848
59137,10.07946
59158,10.05132
59179,10.08181
59200,10.0607
59221,10.01848
59242,10.13811
59263,10.19675
59284,10.01378
59305,10.04428
59326,10.17095
59347,10.12403
59368,10.06539
59389,10.05366
59410,10.15922
59431,10.20379
59452,10.12403
59473,10.17564
59494,10.23663
59515,10.24836
59536,10.1428
59557,10.30935
59578,10.35391
59599,10.19441
59620,10.20379
59641,10.1686
59662,10.18737
59683,9.926992
59704,9.819089
59725,9.753407
59746,9.701802
59767,9.589207
59788,9.579824
59809,9.544639
59830,9.629085
59851,9.481303
59872,9.483649
59893,9.476612
59914,9.530564
59935,9.556367
59956,9.542293
59977,9.699456
59998,9.633776
60019,9.678345
60040,9.690074
60061,9.736988
60082,9.661925
60103,9.51649
60124,9.546985
60145,9.460192
60166,9.425007
60187,9.507107
60208,9.279572
60229,9.206854
60250,9.073148
60271,9.164631
60292,9.145865
60313,9.166977
60334,9.101295
60355,8.79166
60376,8.883143
60397,8.871415
60418,8.845612
60439,8.822155
60460,8.805735
60481,8.756474
60502,8.770549
60523,8.817463
60544,8.641534
60565,9.021542
60586,9.25846
60607,8.688448
60628,9.227965
60649,8.969935
60670,8.775241
60691,9.03327
60712,8.941787
60733,8.962898
60754,8.930058
60775,8.98401
60796,8.826846
60817,8.906601
60838,8.911292
60859,8.822155
60880,8.890181
60901,8.864378
60922,8.918329
60943,8.937096
60964,8.890181
60985,8.915984
61006,8.908947
61027,9.014504
61048,8.944133
61069,9.002776
61090,9.044999
61111,9.073148
61132,9.073148
61153,9.134136
61174,9.101295
61195,8.967589
61216,9.136482
61237,9.141173
61258,9.134136
61279,9.204508
61300,9.218582
61321,9.256114
61342,9.270188
61363,9.267843
61384,9.162285
61405,9.136482
61426,9.202163
61447,9.216236
61468,9.073148
61489,9.108333
61510,9.094258
61531,9.014504
61552,8.955861
61573,9.005121
61594,8.965244
61615,9.129445
61636,9.012158
61657,9.164631
61678,9.204508
61699,9.364017
61720,9.410933
61741,9.328832
61762,9.450809
61783,9.511798
61804,9.504761
61825,9.706493
61846,9.779211
61867,9.795631
61888,10.01848
61909,10.06773
61930,10.01144
61951,10.12872
61972,10.18502
61993,10.05366
62014,10.06539
62035,10.13811
62056,10.03255
62077,10.04193
62098,10.00675
62119,10.14514
62140,9.978598
62161,9.739333
62182,9.835509
62203,9.901189
62224,9.673654
62245,9.483649
62266,9.748716
62287,9.837853
62308,9.471921
62329,9.441426
62350,9.563404
62371,9.715877
62392,9.610318
62413,9.413278
62434,9.539948
62455,9.762791
62476,9.699456
62497,9.579824
62518,9.781557
62539,9.783903
62560,9.66427
62581,9.769828
62602,9.687728
62623,9.79094
62644,9.673654
62665,9.816743
62686,9.912917
62707,9.720568
62728,9.734642
62749,9.870694
62770,9.739333
62791,9.439081
62812,9.624393
62833,9.748716
62854,9.563404
62875,9.490686
62896,9.450809
62917,9.530564
62938,9.364017
62959,9.478958
62980,9.546985
63001,9.497724
63022,9.347597
63043,9.427352
63064,9.514144
63085,9.572787
63106,9.577478
63127,9.48834
63148,9.570441
63169,9.605627
63190,9.544639
63211,9.53291
63232,9.678345
63253,9.706493
63274,9.579824
63295,9.556367
63316,9.589207
63337,9.713531
63358,9.633776
63379,9.593899
63400,9.572787
63421,9.694765
63442,9.711185
63463,9.699456
63484,9.77452
63505,9.706493
63526,9.767483
63547,9.880077
63568,9.969215
63589,9.882422
63610,9.950449
63631,10.01378
63652,10.1991
63673,10.05835
63694,10.15453
63715,10.21317
63736,10.14984
63757,10.21552
63778,10.23428
63799,10.29996
63820,10.29762
63841,10.30935
63862,10.17798
63883,10.26243
63904,10.29527
63925,10.26008
63946,10.35391
63967,10.27181
63988,10.23663
64009,10.23897
64030,10.21552
64051,10.28589
64072,10.18737
64093,10.17798
64114,10.19206
64135,10.2765
64156,10.21317
64177,10.20144
64198,10.18502
64219,10.15922
64240,10.14045
64261,10.13811
64282,10.16626
64303,10.05366
64324,10.12169
64345,10.14514
64366,10.10292
64387,10.17095
64408,10.15687
64429,9.995018
64450,10.06773
64471,9.985635
64492,10.10761
64513,10.10761
64534,10.07477
64555,10.16156
64576,10.14045
64597,10.19675
64618,10.15453
64639,10.17329
64660,10.17329
64681,10.14045
64702,10.13342
64723,10.17095
64744,10.05132
64765,10.05132
64786,10.11465
64807,10.03959
64828,10.01378
64849,10.08885
64870,10.05601
64891,10.04193
64912,10.07008
64933,10.08181
64954,10.05835
64975,10.01613
64996,10.02082
65017,9.990326
65038,10.08885
65059,10.0607
65080,10.03724
65101,10.15218
65122,10.1123
65143,10.10761
65164,10.12638
65185,10.22021
65206,10.14749
65227,10.23428
65248,10.25305
65269,10.23897
65290,10.21317
65311,10.19675
65332,10.13342
65353,10.18737
65374,10.18268
65395,10.17564
65416,10.18971
65437,10.22959
65458,10.20144
65479,10.18737
65500,10.09119
65521,10.19675
65542,10.22959
65563,10.24601
65584,10.34453
65605,10.30231
65626,10.36095
65647,10.31169
65668,10.39614
65689,10.36799
65710,10.35861
65731,10.40787
65752,10.49231
65773,10.4454
65794,10.52515
65815,10.6096
65836,10.51577
65857,10.56503
65878,10.50873
65899,10.41959
65920,10.48762
65941,10.3891
65962,10.3328
65983,10.30231
66004,10.29058
66025,10.29762
66046,10.31404
66067,10.09823
66088,10.05835
66109,10.15218
66130,10.10761
66151,10.05366
66172,10.14514
66193,10.16391
66214,10.23194
66235,10.2812
66256,10.25305
66277,10.26712
66298,10.37972
66319,10.35391
66340,10.40787
66361,10.36799
66382,10.38206
66403,10.31873
66424,10.35626
66445,10.36095
66466,10.35626
66487,10.29292
66508,10.2765
66529,10.31638
66550,10.27416
66571,10.18033
66592,10.08885
66613,10.18268
66634,9.992672
66655,10.06539
66676,10.20848
66697,10.04193
66718,9.978598
66739,9.990326
66760,9.903535
66781,9.929338
66802,10.00909
66823,9.98329
66844,9.938721
66865,9.80736
66886,9.938721
66907,9.898843
66928,9.858966
66949,9.931683
66970,9.950449
66991,9.830817
67012,9.894152
67033,9.887115
67054,9.98798
67075,9.917608
67096,9.854274
67117,9.926992
67138,10.0607
67159,9.924646
67180,9.87304
67201,9.858966
67222,9.971561
67243,9.898843
67264,9.978598
67285,9.943413
67306,9.976252
67327,9.891806
67348,9.919954
67369,9.978598
67390,9.861312
67411,9.812052
67432,9.880077
67453,10.05132
67474,10.05132
67495,9.945757
67516,9.840199
67537,9.788594
67558,9.898843
67579,9.887115
67600,9.748716
67621,9.654888
67642,9.624393
67663,9.539948
67684,9.490686
67705,9.317103
67726,9.181051
67747,9.190434
67768,9.145865
67789,9.195126
67810,9.122408
67831,9.122408
67852,8.974627
67873,9.103642
67894,8.998084
67915,9.089567
67936,8.979319
67957,8.908947
67978,8.932404
67999,9.059073
68020,9.01685
68041,8.735363
68062,9.448463
68083,9.035616
68104,8.986356
68125,9.103642
68146,8.915984
68167,9.056727
68188,9.09895
68209,9.152903
68230,9.09895
68251,9.202163
68272,9.181051
68293,9.185742
68314,9.246731
68335,9.176359
68356,9.206854
68377,9.27488
68398,9.237348
68419,9.251423
68440,9.232656
68461,9.324141
68482,9.251423
68503,9.321795
68524,9.267843
68545,9.15994
68566,9.310066
68587,9.371055
68608,9.319448
68629,9.331178
68650,9.333523
68671,9.342906
68692,9.434389
68713,9.457847
68734,9.331178
68755,9.415624
68776,9.420315
68797,9.401549
68818,9.467229
68839,9.467229
68860,9.457847
68881,9.511798
68902,9.511798
68923,9.420315
68944,9.413278
68965,9.364017
68986,9.436735
69007,9.396858
69028,9.396858
69049,9.364017
69070,9.342906
69091,9.333523
69112,9.34056
69133,9.270188
69154,9.157594
69175,9.171668
69196,9.239694
69217,9.211545
69238,9.155248
69259,9.253768
69280,9.174014
69301,9.211545
69322,9.246731
69343,9.25846
69364,9.183396
69385,9.27488
69406,9.239694
69427,9.382783
69448,9.317103
69469,9.333523
69490,9.368709
69511,9.366363
69532,9.366363
69553,9.396858
69574,9.366363
69595,9.441426
69616,9.300683
69637,9.277225
69658,9.326486
69679,9.15994
69700,9.075493
69721,9.066111
69742,9.035616
69763,9.019196
69784,8.885489
69805,9.042653
69826,9.089567
69847,8.958207
69868,8.962898
69889,9.113025
69910,9.239694
69931,9.263151
69952,9.122408
69973,9.052036
69994,9.279572
70015,9.380438
70036,9.267843
70057,9.298337
70078,9.443772
70099,9.518835
70120,9.464884
70141,9.371055
70162,9.561059
70183,9.753407
70204,9.633776
70225,9.645505
70246,9.835509
70267,9.938721
70288,9.729951
70309,9.718222
70330,9.79094
70351,9.760445
70372,9.795631
70393,9.889461
70414,9.917608
70435,9.917608
70456,9.657233
70477,9.748716
70498,9.79094
70519,9.779211
70540,9.90588
70561,9.870694
70582,9.805015
70603,9.802669
70624,9.823779
70645,9.891806
70666,9.915263
70687,9.943413
70708,9.959831
70729,9.948103
70750,9.863657
70771,9.908226
70792,10.05366
70813,10.00206
70834,9.964523
70855,9.936375
70876,9.840199
70897,10.10527
70918,10.16626
70939,9.98329
70960,10.0044
70981,10.06305
71002,10.09823
71023,10.04428
71044,10.0607
71065,10.07243
71086,10.07008
71107,10.08885
71128,10.15453
71149,10.0865
71170,10.18971
71191,10.20848
71212,10.17798
71233,10.25774
71254,10.28589
71275,10.39848
71296,10.58614
71317,10.32576
71338,10.32576
71359,10.44305
71380,10.35391
71401,10.37737
71422,10.29292
71443,10.44774
71464,10.43601
71485,10.33046
71506,10.2765
71527,10.35157
71548,10.30935
71569,10.37972
71590,10.32576
71611,10.3328
71632,10.15922
71653,10.09119
71674,10.18971
71695,10.29996
71716,10.26008
71737,10.24601
71758,10.17095
71779,10.29527
71800,10.18971
71821,10.16391
71842,10.29996
71863,10.26008
71884,10.32342
71905,10.36095
71926,10.28589
71947,10.30935
71968,10.38206
71989,10.32342
72010,10.37268
72031,10.40317
72052,10.39145
72073,10.45713
72094,10.33046
72115,10.35391
72136,10.23663
72157,10.37972
72178,10.36799
72199,10.29762
72220,10.31638
72241,10.36799
72262,10.33749
72283,10.3633
72304,10.29292
72325,10.3633
72346,10.31404
72367,10.33749
72388,10.36564
72409,10.36095
72430,10.32576
72451,10.45244
72472,10.44071
72493,10.46416
72514,10.45947
72535,10.46885
72556,10.51811
72577,10.56972
72598,10.56738
72619,10.48293
72640,10.52984
72661,10.51342
72682,10.52281
72703,10.44071
72724,10.41959
72745,10.35626
72766,10.33749
72787,10.33749
72808,10.18971
72829,10.26478
72850,10.20848
72871,10.19206
72892,10.17095
72913,10.14514
72934,10.2249
72955,10.26947
72976,10.32342
72997,10.19441
73018,10.27416
73039,10.30465
73060,10.35157
73081,10.43601
73102,10.42429
73123,10.42429
73144,10.39145
73165,10.48997
73186,10.52046
73207,10.42663
73228,10.3633
73249,10.35391
73270,10.3891
73291,10.38441
73312,10.37737
73333,10.34219
73354,10.41959
73375,10.39614
73396,10.31404
73417,10.36564
73438,10.2812
73459,10.23194
73480,10.13576
73501,10.13811
73522,10.1991
73543,10.1991
73564,10.19441
73585,10.10996
73606,10.17329
73627,10.05366
73648,9.959831
73669,10.10292
73690,10.08416
73711,10.1686
73732,10.17564
73753,10.13811
73774,10.20613
73795,10.20379
73816,10.13811
73837,10.09823
73858,9.980944
73879,9.985635
73900,10.14514
73921,10.26712
73942,10.14984
73963,10.02786
73984,10.08885
74005,10.09588
74026,10.0302
74047,9.90588
74068,9.842546
74089,9.795631
74110,9.680691
74131,9.558713
74152,9.471921
74173,9.467229
74194,9.403895
74215,9.535255
74236,9.589207
74257,9.2913
74278,9.253768
74299,9.324141
74320,9.394512
74341,9.399203
74362,9.333523
74383,9.279572
74404,9.35698
74425,9.408587
74446,9.432044
74467,9.497724
74488,9.51649
74509,9.396858
74530,9.483649
74551,9.464884
74572,9.385129
74593,9.361671
74614,9.317103
74635,9.443772
74656,9.314757
74677,9.162285
74698,9.155248
74719,9.211545
74740,9.169322
74761,8.981664
74782,9.00043
74803,8.93475
74824,8.991047
74845,9.023888
74866,8.967589
74887,8.899564
74908,9.169322
74929,9.216236
74950,8.967589
74971,9.066111
74992,9.253768
75013,9.197471
75034,9.204508
75055,9.094258
75076,9.202163
75097,9.206854
75118,9.249077
75139,9.143519
75160,9.176359
75181,9.190434
75202,9.171668
75223,9.178705
75244,9.166977
75265,9.155248
75286,9.138828
75307,9.155248
75328,9.124753
75349,9.148211
75370,9.157594
75391,9.127099
75412,9.075493
75433,9.096604
75454,9.108333
75475,9.202163
75496,9.077839
75517,9.206854
75538,9.136482
75559,9.237348
75580,9.157594
75601,9.206854
75622,9.342906
75643,9.117716
75664,9.235003
75685,9.227965
75706,9.239694
75727,9.333523
75748,9.251423
75769,9.206854
75790,9.284263
75811,9.270188
75832,9.190434
75853,9.171668
75874,9.190434
75895,9.141173
75916,9.091913
75937,9.13179
75958,9.13179
75979,9.03327
76000,9.122408
76021,9.103642
76042,9.094258
76063,9.03327
76084,9.026234
76105,9.019196
76126,8.998084
76147,9.113025
76168,9.27488
76189,9.113025
76210,9.277225
76231,9.312411
76252,9.366363
76273,9.364017
76294,9.35698
76315,9.558713
76336,9.434389
76357,9.539948
76378,9.542293
76399,9.600936
76420,9.645505
76441,9.619701
76462,9.657233
76483,9.591553
76504,9.650196
76525,9.561059
76546,9.645505
76567,9.668962
76588,9.603281
76609,9.701802
76630,9.706493
76651,9.795631
76672,9.802669
76693,9.903535
76714,10.01378
76735,9.934029
76756,9.948103
76777,9.990326
76798,9.980944
76819,9.901189
76840,9.828471
76861,9.997364
76882,9.992672
76903,9.847238
76924,9.870694
76945,9.98329
76966,9.760445
76987,9.941067
77008,10.05366
77029,9.948103
77050,9.779211
77071,9.985635
77092,9.962177
77113,9.863657
77134,9.934029
77155,9.934029
77176,9.889461
77197,9.976252
77218,10.04428
77239,9.889461
77260,9.828471
77281,9.779211
77302,9.812052
77323,9.849584
77344,9.821435
77365,9.713531
77386,9.661925
77407,9.469575
77428,9.605627
77449,9.659579
77470,9.535255
77491,9.478958
77512,9.563404
77533,9.558713
77554,9.434389
77575,9.265497
77596,9.300683
77617,9.324141
77638,9.300683
77659,9.256114
77680,9.279572
77701,9.378092
77722,9.371055
77743,9.249077
77764,9.345251
77785,9.392166
77806,9.380438
77827,9.41797
77848,9.27488
77869,9.321795
77890,9.401549
77911,9.446118
77932,9.455501
77953,9.359325
77974,9.408587
77995,9.457847
78016,9.490686
78037,9.537601
78058,9.48834
78079,9.610318
78100,9.622047
78121,9.800323
78142,9.851928
78163,9.90588
78184,9.847238
78205,9.894152
78226,10.08885
78247,10.18502
78268,10.2507
78289,10.29996
78310,10.31638
78331,10.36095
78352,10.26243
78373,10.31169
78394,10.22255
78415,10.24601
78436,10.19675
78457,10.19206
78478,10.14045
78499,10.19206
78520,10.16626
78541,10.25774
78562,10.20613
78583,10.13811
78604,10.26008
78625,10.33749
78646,10.29762
78667,10.20848
78688,10.21317
78709,10.20848
78730,10.24836
78751,10.31169
78772,10.23663
78793,10.21083
78814,10.31638
78835,10.30465
78856,10.2249
78877,10.29762
78898,10.29996
78919,10.32576
78940,10.34688
78961,10.39145
78982,10.45244
79003,10.27416
79024,10.45713
79045,10.4454
79066,10.38675
79087,10.36095
79108,10.41256
79129,10.36095
79150,10.42429
79171,10.36799
79192,10.34688
79213,10.32107
79234,10.27885
79255,10.23194
79276,10.1991
79297,10.27885
79318,10.24836
79339,10.27416
79360,10.307
79381,10.2249
79402,10.28823
79423,10.26712
79444,10.28354
79465,10.24836
79486,10.32342
79507,10.21786
79528,10.26712
79549,10.29762
79570,10.27181
79591,10.31404
79612,10.31638
79633,10.43836
79654,10.29527
79675,10.3891
79696,10.3891
79717,10.33046
79738,10.31873
79759,10.307
79780,10.30231
79801,10.29527
79822,10.21083
79843,10.20144
79864,10.17798
79885,10.11465
79906,10.10292
79927,10.15218
79948,10.13576
79969,10.15218
79990,10.21083
80011,10.20848
80032,10.18502
80053,10.23663
80074,10.21786
80095,10.31873
80116,10.31404
80137,10.33984
80158,10.37972
80179,10.39848
80200,10.45713
80221,10.40317
80242,10.48762
80263,10.54392
80284,10.49231
80305,10.52984
80326,10.54157
80347,10.43601
80368,10.55799
80389,10.47824
80410,10.45478
80431,10.44071
80452,10.41959
80473,10.27416
80494,10.29996
80515,10.307
80536,10.22959
80557,10.06539
80578,10.10058
80599,10.01613
80620,10.05601
80641,10.08181
80662,9.980944
80683,10.07243
80704,10.117
80725,10.05835
80746,10.03959
80767,10.12638
80788,10.06773
80809,10.18033
80830,10.25539
80851,10.19441
80872,10.29292
80893,10.24366
80914,10.24836
80935,10.24601
80956,10.23663
80977,10.33984
80998,10.4454
81019,10.19206
81040,10.30935
81061,10.117
81082,10.10761
81103,10.12403
81124,10.03489
81145,9.973906
81166,10.10996
81187,10.01848
81208,9.936375
81229,9.866002
81250,9.769828
81271,9.755754
81292,9.809706
81313,9.668962
81334,9.66427
81355,9.676
81376,9.66427
81397,9.518835
81418,9.455501
81439,9.425007
81460,9.507107
81481,9.586862
81502,9.561059
81523,9.518835
81544,9.521181
81565,9.589207
81586,9.504761
81607,9.471921
81628,9.563404
81649,9.563404
81670,9.439081
81691,9.483649
81712,9.542293
81733,9.521181
81754,9.570441
81775,9.453156
81796,9.415624
81817,9.462538
81838,9.439081
81859,9.368709
81880,9.387475
81901,9.373401
81922,9.399203
81943,9.380438
81964,9.347597
81985,9.392166
82006,9.354634
82027,9.382783
82048,9.345251
82069,9.176359
82090,9.127099
82111,9.410933
82132,9.563404
82153,9.331178
82174,9.232656
82195,9.270188
82216,9.38982
82237,9.267843
82258,9.260805
82279,9.260805
82300,9.2913
82321,9.2913
82342,9.225619
82363,9.166977
82384,9.235003
82405,9.157594
82426,9.115371
82447,9.13179
82468,9.054381
82489,9.052036
82510,9.113025
82531,9.077839
82552,9.009813
82573,9.056727
82594,9.021542
82615,9.042653
82636,9.04969
82657,8.965244
82678,9.047344
82699,9.143519
82720,9.162285
82741,9.166977
82762,9.164631
82783,9.244386
82804,9.249077
82825,9.166977
82846,9.218582
82867,9.2092
82888,9.195126
82909,9.155248
82930,9.096604
82951,9.13179
82972,9.084876
82993,9.035616
83014,9.073148
83035,9.03327
83056,8.998084
83077,8.925366
83098,9.030925
83119,9.04969
83140,9.044999
83161,9.061419
83182,9.124753
83203,9.232656
83224,9.075493
83245,9.148211
83266,9.122408
83287,9.361671
83308,9.24204
83329,9.27488
83350,9.347597
83371,9.335869
83392,9.371055
83413,9.450809
83434,9.497724
83455,9.464884
83476,9.434389
83497,9.48834
83518,9.521181
83539,9.415624
83560,9.352288
83581,9.387475
83602,9.281918
83623,9.364017
83644,9.277225
83665,9.199817
83686,9.148211
83707,9.108333
83728,9.220928
83749,9.084876
83770,9.2092
83791,9.286609
83812,9.223273
83833,9.166977
83854,9.13179
83875,9.509453
83896,9.56575
83917,9.432044
83938,9.56575
83959,9.668962
83980,9.769828
84001,9.788594
84022,9.788594
84043,9.795631
84064,9.828471
84085,9.727605
84106,9.697111
84127,9.797977
84148,9.736988
84169,9.79094
84190,9.882422
84211,9.948103
84232,9.849584
84253,9.79094
84274,9.962177
84295,9.971561
84316,9.77452
84337,9.760445
84358,9.718222
84379,9.732296
84400,9.64785
84421,9.74637
84442,9.673654
84463,9.507107
84484,9.570441
84505,9.687728
84526,9.751062
84547,9.668962
84568,9.568096
84589,9.685382
84610,9.77452
84631,9.701802
84652,9.528218
84673,9.659579
84694,9.814397
84715,9.687728
84736,9.40624
84757,9.638468
84778,9.783903
84799,9.833163
84820,9.715877
84841,9.537601
84862,9.697111
84883,9.7581
84904,9.643159
84925,9.579824
84946,9.530564
84967,9.645505
84988,9.450809
85009,9.462538
85030,9.610318
85051,9.706493
85072,9.668962
85093,9.61501
85114,9.713531
85135,9.849584
85156,9.809706
85177,9.844892
85198,9.715877
85219,9.736988
85240,9.77452
85261,9.931683
85282,9.793285
85303,9.762791
85324,9.894152
85345,9.934029
85366,10.00206
85387,9.957487
85408,9.880077
85429,9.835509
85450,10.02786
85471,10.03255
85492,10.02082
85513,10.18737
85534,10.10527
85555,10.08416
85576,10.0865
85597,9.959831
85618,10.03724
85639,10.18033
85660,10.1991
85681,10.11934
85702,10.20613
85723,10.11934
85744,10.28823
85765,10.2507
85786,10.26712
85807,10.27181
85828,10.11934
85849,10.13576
85870,10.04193
85891,10.24132
85912,10.3328
85933,10.31169
85954,10.2249
85975,10.41256
85996,10.45244
86017,10.42663
86038,10.44071
86059,10.50169
86080,10.51811
86101,10.48997
86122,10.35391
86143,10.42429
86164,10.34922
86185,10.35861
86206,10.34453
86227,10.34453
86248,10.32107
86269,10.29527
86290,10.29762
86311,10.25774
86332,10.23897
86353,10.36564
86374,10.3633
86395,10.38206
86416,10.35391
86437,10.37033
86458,10.2812
86479,10.29527
86500,10.37503
86521,10.41021
86542,10.43601
86563,10.51342
86584,10.47824
86605,10.46182
86626,10.45713
86647,10.48058
86668,10.53923
86689,10.55096
86710,10.50169
86731,10.51108
86752,10.38441
86773,10.36799
86794,10.40552
86815,10.45244
86836,10.31169
86857,10.23194
86878,10.20848
86899,10.1991
86920,10.24366
86941,10.13342
86962,10.23663
86983,10.26008
87004,10.26243
87025,10.37972
87046,10.45244
87067,10.54626
87088,10.32576
87109,10.2812
87130,10.35157
87151,10.32811
87172,10.32342
87193,10.39614
87214,10.42194
87235,10.47589
87256,10.45478
87277,10.46416
87298,10.50169
87319,10.43132
87340,10.48058
87361,10.36564
87382,10.46885
87403,10.52046
87424,10.54861
87445,10.50404
87466,10.35626
87487,10.37503
87508,10.42898
87529,10.48293
87550,10.35626
87571,10.37503
87592,10.42194
87613,10.37503
87634,10.42429
87655,10.34688
87676,10.46416
87697,10.40083
87718,10.31404
87739,10.4149
87760,10.45947
87781,10.54861
87802,10.42663
87823,10.45947
87844,10.43601
87865,10.43836
87886,10.42429
87907,10.44071
87928,10.40317
87949,10.43836
87970,10.26712
87991,10.15922
88012,10.18268
88033,10.1686
88054,10.18971
88075,9.509453
88096,10.31404
88117,10.00206
88138,10.09588
88159,9.797977
88180,9.797977
88201,9.805015
88222,9.586862
88243,9.530564
88264,9.544639
88285,9.335869
88306,9.286609
88327,9.413278
88348,9.34056
88369,9.120062
88390,9.216236
88411,9.251423
88432,9.199817
88453,9.124753
88474,8.993393
88495,9.101295
88516,9.176359
88537,9.178705
88558,9.073148
88579,8.986356
88600,9.134136
88621,9.211545
88642,9.002776
88663,8.862032
88684,9.009813
88705,8.871415
88726,9.021542
88747,9.04969
88768,8.972281
88789,9.19278
88810,9.270188
88831,9.265497
88852,9.152903
88873,9.300683
88894,9.312411
88915,9.326486
88936,9.272534
88957,9.300683
88978,9.443772
88999,9.56575
89020,9.600936
89041,9.514144
89062,9.514144
89083,9.579824
89104,9.661925
89125,9.626739
89146,9.525873
89167,9.56575
89188,9.603281
89209,9.624393
89230,9.638468
89251,9.568096
89272,9.51649
89293,9.624393
89314,9.394512
89335,9.460192
89356,9.345251
89377,9.378092
89398,9.427352
89419,9.436735
89440,9.345251
89461,9.338214
89482,9.41797
89503,9.345251
89524,9.310066
89545,9.310066
89566,9.361671
89587,9.319448
89608,9.326486
89629,9.310066
89650,9.30772
89671,9.352288
89692,9.471921
89713,9.375746
89734,9.410933
89755,9.432044
89776,9.354634
89797,9.403895
89818,9.319448
89839,9.328832
89860,9.317103
89881,9.34056
89902,9.349943
89923,9.40624
89944,9.324141
89965,9.288955
89986,9.305374
90007,9.399203
90028,9.331178
90049,9.270188
90070,9.298337
90091,9.328832
90112,9.281918
90133,9.317103
90154,9.288955
90175,9.385129
90196,9.34056
90217,9.319448
90238,9.300683
90259,9.420315
90280,9.314757
90301,9.373401
90322,9.319448
90343,9.41797
90364,9.399203
90385,9.443772
90406,9.413278
90427,9.455501
90448,9.446118
90469,9.378092
90490,9.483649
90511,9.525873
90532,9.476612
90553,9.354634
90574,9.485995
90595,9.457847
90616,9.371055
90637,9.328832
90658,9.246731
90679,9.300683
90700,9.185742
90721,9.206854
90742,9.220928
90763,9.164631
90784,9.166977
90805,9.15994
90826,9.23031
90847,9.110679
90868,9.13179
90889,9.195126
90910,9.24204
90931,9.218582
90952,9.41797
90973,9.331178
90994,9.251423
91015,9.469575
91036,9.53291
91057,9.539948
91078,9.48834
91099,9.495378
91120,9.607973
91141,9.631431
91162,9.584516
91183,9.577478
91204,9.544639
91225,9.600936
91246,9.607973
91267,9.563404
91288,9.741679
91309,9.652542
91330,9.586862
91351,9.610318
91372,9.631431
91393,9.704147
91414,9.66427
91435,9.568096
91456,9.605627
91477,9.413278
91498,9.600936
91519,9.819089
91540,9.802669
91561,9.619701
91582,9.572787
91603,9.711185
91624,9.668962
91645,9.502416
91666,9.54933
91687,9.673654
91708,9.546985
91729,9.303029
91750,9.511798
91771,9.622047
91792,9.713531
91813,9.570441
91834,9.542293
91855,9.631431
91876,9.544639
91897,9.546985
91918,9.638468
91939,9.699456
91960,9.678345
91981,9.518835
92002,9.471921
92023,9.676
92044,9.870694
92065,9.915263
92086,9.783903
92107,9.720568
92128,9.805015
92149,9.880077
92170,9.98329
92191,10.07946
92212,10.18737
92233,10.13811
92254,10.1428
92275,10.18033
92296,10.04428
92317,10.16391
92338,10.22255
92359,10.26478
92380,10.2507
92401,10.29527
92422,10.38675
92443,10.38675
92464,10.29527
92485,10.21552
92506,10.26478
92527,10.10527
92548,10.19675
92569,10.26243
92590,10.26243
92611,10.2249
92632,10.13811
92653,10.12169
92674,10.08181
92695,10.08181
92716,9.969215
92737,10.00206
92758,9.948103
92779,9.90588
92800,9.802669
92821,9.837853
92842,9.797977
