8824,10.46416
8845,10.45244
8866,10.46651
8887,10.55799
8908,10.6659
8929,10.62836
8950,10.52281
8971,10.63071
8992,10.73627
9013,10.64947
9034,10.67997
9055,10.748
9076,10.68466
9097,10.69639
9118,10.75269
9139,10.87936
9160,10.84417
9181,10.77145
9202,10.7738
9223,10.75972
9244,10.75034
9265,10.72454
9286,10.65651
9307,10.65182
9328,10.59083
9349,10.58849
9370,10.56268
9391,10.65651
9412,10.53219
9433,10.57676
9454,10.63775
9475,10.49231
9496,10.51577
9517,10.64244
9538,10.54157
9559,10.5791
9580,10.65417
9601,10.59318
9622,10.74096
9643,10.75972
9664,10.80195
9685,10.75269
9706,10.86528
9727,10.77614
9748,10.748
9769,10.69404
9790,10.64478
9811,10.60256
9832,10.55096
9853,10.48762
9874,10.38441
9895,10.35391
9916,10.36799
9937,10.30231
9958,10.33984
9979,10.27416
10000,10.2812
10021,10.25774
10042,10.36564
10063,10.53688
10084,10.54392
10105,10.75034
10126,10.87701
10147,10.83244
10168,10.8817
10189,10.90281
10210,10.8817
10231,10.82071
10252,10.9122
10273,10.91454
10294,11.11393
10315,11.09517
10336,10.94973
10357,10.95207
10378,10.75972
10399,10.7738
10420,10.72923
10441,10.49466
10462,10.58849
10483,10.44774
10504,10.40552
10525,10.31873
10546,10.3328
10567,10.29292
10588,10.23194
10609,10.17564
10630,10.26712
10651,10.10527
10672,10.03489
10693,10.0865
10714,10.13107
10735,10.13342
10756,10.12169
10777,10.10292
10798,10.21786
10819,10.23897
10840,10.20613
10861,10.21786
10882,10.2812
10903,10.2249
10924,10.34688
10945,10.32811
10966,10.22021
10987,10.27416
11008,10.33046
11029,10.33984
11050,10.28823
11071,10.48293
11092,10.31404
11113,9.955141
11134,10.07477
11155,10.83713
11176,9.638468
11197,9.699456
11218,9.650196
11239,9.469575
11260,9.521181
11281,9.591553
11302,9.364017
11323,9.439081
11344,9.432044
11365,9.310066
11386,9.284263
11407,9.295992
11428,9.345251
11449,9.2913
11470,9.288955
11491,9.333523
11512,9.392166
11534,9.51649
11555,9.690074
11576,9.551676
11597,9.483649
11618,9.446118
11639,9.561059
11660,9.518835
11681,9.446118
11702,9.455501
11723,9.392166
11744,9.162285
11765,8.991047
11786,9.094258
11807,9.115371
11828,8.955861
11849,8.751783
11870,8.751783
11891,8.688448
11912,8.655608
11933,8.587582
11954,8.683757
11975,8.56647
11996,8.615731
12017,8.46795
12038,8.564125
12059,8.672029
12080,8.815118
12101,8.777586
12122,8.669683
12143,8.869069
12164,8.937096
12185,8.876106
12206,8.95117
12227,8.887836
12248,8.962898
12269,8.826846
12290,8.779932
12311,8.864378
12332,8.733017
12353,8.711905
12374,8.798697
12395,8.829192
12416,8.810426
12437,8.880798
12458,8.847958
12479,8.897219
12500,8.847958
12521,8.894873
12542,8.969935
12563,9.01685
12584,9.035616
12605,9.124753
12626,9.293646
12647,9.190434
12668,9.225619
12689,9.265497
12710,9.235003
12731,9.267843
12752,9.298337
12773,9.373401
12794,9.265497
12815,9.253768
12836,9.199817
12857,9.141173
12878,9.152903
12899,9.044999
12920,8.913638
12941,8.927712
12962,8.8245
12983,8.819809
13004,8.812772
13025,8.796351
13046,8.784623
13067,8.794006
13088,8.662645
13109,8.735363
13130,8.8245
13151,8.786969
13172,8.772895
13193,8.847958
13214,8.822155
13235,8.777586
13256,8.819809
13277,8.779932
13298,8.772895
13319,8.819809
13340,8.754128
13361,8.754128
13382,8.786969
13403,8.664991
13424,8.543014
13445,8.383504
13466,8.277946
13487,8.200537
13508,8.216957
13529,8.249798
13550,8.205229
13571,8.214611
13592,8.186462
13613,7.944853
13634,8.12782
13655,8.139548
13676,8.118437
13697,8.137203
13718,8.102016
13739,8.256835
13760,8.40227
13781,8.735363
13802,8.632151
13823,8.981664
13844,8.906601
13865,9.009813
13886,9.197471
13907,9.394512
13928,9.619701
13949,9.725259
13970,9.77452
13991,9.903535
14012,9.959831
14033,10.1123
14054,10.0607
14075,10.12403
14096,10.17798
14117,10.18502
14138,10.38675
14159,10.38675
14180,10.32107
14201,10.40317
14223,10.41725
14244,10.45009
14265,10.62367
14286,10.55799
14307,10.58145
14328,10.60491
14349,10.74331
14370,10.86763
14391,10.85355
14412,10.92158
14433,10.8559
14454,10.88405
14475,10.90985
14496,10.98961
14517,10.97788
14538,11.0459
14559,11.02245
14580,10.97319
14601,11.05294
14622,11.12331
14643,10.98257
14664,11.03183
14685,10.93331
14706,10.97788
14727,10.98961
14748,10.93565
14769,10.9638
14790,10.84417
14811,10.72923
14832,10.74565
14853,10.75738
14874,10.77614
14895,10.6917
14916,10.69639
14937,10.81837
14958,10.75972
14979,10.69639
15000,10.79726
15021,10.82775
15042,10.92627
15063,10.83244
15084,10.88639
15105,10.95207
15126,11.07405
15147,11.07874
15168,11.0506
15189,11.06701
15210,11.02714
15231,11.00368
15252,11.03887
15273,11.00368
15294,10.96146
15315,10.96849
15336,10.99899
15357,10.93331
15378,10.94035
15399,10.99899
15420,10.97788
15441,10.9122
15462,10.938
15483,10.90281
15504,10.90516
15525,10.93096
15546,10.88639
15567,10.98726
15588,10.93565
15609,10.96146
15630,10.9943
15651,10.94504
15672,11.04356
15693,10.90281
15714,10.83244
15735,10.89812
15756,10.85355
15777,10.79022
15798,10.77614
15819,10.72923
15840,10.59318
15861,10.46651
15882,10.43601
15903,10.45713
15924,10.30935
15945,10.28354
15966,10.33984
15987,10.17329
16008,10.20613
16029,10.18033
16050,10.22959
16071,10.13107
16092,10.0865
16113,10.13811
16134,10.17095
16155,10.12169
16176,10.117
16197,10.05132
16218,10.07008
16239,10.07008
16260,10.18268
16281,10.03255
16302,10.09823
16323,10.0865
16344,10.0865
16365,10.13811
16386,9.926992
16407,10.13811
16428,10.12403
16449,10.13811
16470,10.04193
16491,10.01848
16512,9.999709
16533,10.01848
16554,9.945757
16575,10.05601
16596,10.02317
16617,9.919954
16638,10.09588
16659,10.09119
16680,10.10761
16701,9.941067
16722,10.0044
16743,10.07008
16764,10.31404
16785,10.20613
16806,10.22725
16827,10.32342
16848,10.3328
16869,10.2765
16890,10.49466
16911,10.59318
16932,10.56972
16953,10.50639
16974,10.49466
16995,10.46182
17016,10.46182
17037,10.45244
17058,10.41959
17079,10.32811
17100,10.15922
17121,10.09823
17142,10.0302
17163,9.844892
17184,9.741679
17205,9.619701
17226,9.441426
17247,9.38982
17268,9.432044
17289,9.35698
17310,9.077839
17331,9.00043
17352,9.019196
17373,9.204508
17394,9.148211
17415,9.105988
17436,9.24204
17457,9.225619
17478,9.223273
17499,9.40624
17520,9.364017
17541,9.521181
17562,9.35698
17583,9.181051
17604,9.403895
17625,9.415624
17646,9.420315
17667,9.30772
17688,9.021542
17709,9.263151
17730,9.38982
17751,9.19278
17772,9.270188
17793,9.164631
17814,8.892527
17835,8.958207
17856,8.981664
17877,8.915984
17898,8.937096
17919,8.826846
17940,8.770549
17961,8.927712
17982,8.786969
18003,8.786969
18024,8.775241
18045,8.862032
18066,8.826846
18087,8.890181
18108,8.941787
18129,9.03327
18150,9.030925
18171,9.019196
18192,9.101295
18213,9.042653
18234,9.091913
18255,9.047344
18276,9.040307
18297,9.15994
18318,9.202163
18339,9.047344
18360,9.056727
18381,9.143519
18402,9.066111
18423,9.021542
18444,8.993393
18465,8.925366
18486,8.991047
18507,8.974627
18528,8.939441
18549,8.915984
18570,8.908947
18591,8.885489
18612,8.937096
18633,8.955861
18654,8.883143
18675,8.939441
18696,8.998084
18717,9.04969
18738,8.967589
18759,9.068456
18780,9.063765
18801,9.056727
18822,9.066111
18843,9.120062
18864,9.04969
18885,9.211545
18906,9.136482
18927,9.141173
18948,9.075493
18969,8.873761
18990,8.972281
19011,8.894873
19032,8.817463
19053,8.761166
19074,8.697831
19095,8.690794
19116,8.552396
19137,8.582891
19158,8.596965
19179,8.559433
19200,8.503136
19221,8.493753
19242,8.594619
19263,8.6603
19284,8.758821
19305,8.932404
19326,8.852649
19347,8.90191
19368,9.009813
19389,9.115371
19410,9.260805
19431,9.345251
19452,9.490686
19473,9.570441
19494,9.596244
19515,9.640813
19536,9.718222
19557,9.694765
19579,9.596244
19601,9.622047
19622,9.626739
19643,9.591553
19664,9.652542
19685,9.668962
19706,9.396858
19727,9.528218
19748,9.593899
19769,9.54933
19790,9.50007
19811,9.474266
19832,9.483649
19853,9.50007
19874,9.51649
19895,9.50007
19916,9.619701
19937,9.58217
19958,9.643159
19979,9.525873
20000,9.607973
20021,9.462538
20042,9.476612
20063,9.41797
20084,9.561059
20105,9.600936
20126,9.589207
20147,9.729951
20168,9.725259
20189,9.626739
20210,9.79094
20231,9.788594
20252,9.931683
20273,9.769828
20294,9.809706
20315,9.692419
20336,9.765137
20357,9.793285
20378,9.781557
20399,9.842546
20420,9.805015
20441,9.783903
20462,9.816743
20483,9.87304
20504,9.90588
20525,10.04897
20546,9.9223
20567,10.12872
20588,10.26947
20609,10.31873
20630,10.42898
20651,10.39848
20672,10.53453
20693,10.5838
20714,10.59787
20735,10.5533
20756,10.45478
20777,10.50169
20798,10.53688
20819,10.54626
20840,10.51811
20861,10.497
20882,10.52046
20903,10.48293
20924,10.47824
20945,10.45244
20966,10.42898
20987,10.32342
21008,10.34688
21029,10.35861
21050,10.35157
21071,10.37972
21092,10.15453
21113,10.26947
21134,10.28823
21155,10.24366
21176,10.37503
21197,10.35626
21218,10.56738
21239,10.28589
21260,10.46885
21281,10.57207
21302,10.57207
21323,10.50873
21344,10.4454
21365,10.46182
21386,10.34688
21407,10.32811
21428,10.35861
21449,10.35391
21470,10.17798
21491,10.32811
21512,10.23897
21533,10.21317
21554,10.37268
21575,10.2812
21596,10.22959
21617,10.21317
21638,10.31169
21659,10.35861
21680,10.307
21701,10.35157
21722,10.35157
21743,10.32342
21764,10.38441
21785,10.43601
21806,10.45244
21827,10.54861
21848,10.64478
21869,10.6096
21890,10.63306
21911,10.65651
21932,10.65886
21953,10.64244
21974,10.54861
21995,10.38206
22016,10.38206
22037,10.34453
22058,10.36564
22079,10.40787
22100,10.19441
22121,10.10996
22142,10.2249
22163,10.32342
22184,10.29292
22205,10.43367
22226,10.45244
22247,10.51811
22268,10.58614
22289,10.64009
22310,10.6659
22331,10.80664
22352,10.86528
22373,10.86997
22394,10.81368
22415,10.83713
22436,10.85121
22457,10.92158
22478,10.90047
22499,10.82071
22520,10.79022
22541,10.79491
22562,10.73627
22583,10.497
22604,10.60256
22625,10.4454
22646,10.3891
22667,10.19441
22688,10.14045
22709,10.18268
22730,10.0607
22751,9.891806
22772,10.09119
22793,10.0044
22814,9.969215
22835,10.04662
22856,10.00206
22877,10.05366
22898,10.00909
22919,10.14514
22940,10.117
22961,10.14749
22982,10.24132
23003,10.27181
23024,10.20613
23045,10.28823
23066,10.39848
23087,10.37503
23108,10.37737
23129,10.3633
23150,10.48058
23171,10.54392
23192,10.52984
23213,10.4454
23234,10.39379
23255,10.39379
23276,10.37972
23297,10.50639
23318,10.38206
23339,10.32342
23360,10.31169
23381,10.32576
23402,10.07712
23423,10.09823
23444,10.02551
23465,10.02082
23486,10.02082
23507,9.74637
23528,9.729951
23549,9.683037
23570,9.713531
23591,9.652542
23612,9.483649
23633,9.652542
23654,9.551676
23675,9.504761
23696,9.593899
23717,9.476612
23738,9.368709
23759,9.279572
23780,9.183396
23801,8.974627
23822,8.808081
23843,8.765858
23864,8.803389
23885,8.730671
23906,8.728326
23927,8.592274
23948,8.540668
23969,8.45153
23990,8.390541
24011,8.41869
24032,8.327207
24053,8.507828
24074,8.594619
24095,8.550051
24116,8.655608
24137,8.700177
24158,8.585237
24179,8.777586
24200,8.829192
24221,8.892527
24242,8.829192
24263,8.887836
24284,8.829192
24305,8.794006
24326,8.749437
24347,8.955861
24368,8.749437
24389,8.749437
24410,8.728326
24431,8.728326
24452,8.681411
24473,8.664991
24494,8.662645
24515,8.709559
24536,8.744746
24557,8.864378
24578,8.747091
24599,8.639189
24620,8.740054
24641,8.543014
24662,8.6603
24683,8.67672
24704,8.775241
24725,8.72598
24746,8.714252
24767,8.843266
24788,8.880798
24809,8.775241
24830,8.850304
24851,8.829192
24872,8.786969
24893,8.826846
24914,8.777586
24935,8.852649
24956,8.648571
24977,8.730671
24998,8.681411
25019,8.711905
25040,8.62746
25061,8.62746
25082,8.599311
25103,8.707214
25124,8.672029
25145,8.613385
25166,8.650917
25187,8.632151
25208,8.672029
25229,8.794006
25250,8.822155
25271,8.918329
25292,9.04969
25313,9.199817
25334,9.249077
25355,9.162285
25376,9.326486
25397,9.457847
25418,9.434389
25439,9.450809
25460,9.59859
25481,9.760445
25502,9.870694
25523,9.866002
25544,9.858966
25565,9.9223
25586,9.962177
25607,9.805015
25628,9.79094
25649,9.943413
25670,9.903535
25691,9.87304
25712,9.814397
25733,9.666616
25754,9.579824
25775,9.795631
25796,9.772174
25817,9.617355
25838,9.659579
25859,9.622047
25880,9.394512
25901,9.366363
25922,9.521181
25943,9.643159
25964,9.476612
25985,9.328832
26006,9.568096
26027,9.626739
26048,9.490686
26069,9.518835
26090,9.561059
26111,9.51649
26132,9.387475
26153,9.481303
26174,9.58217
26195,9.434389
26216,9.715877
26237,9.542293
26258,9.54933
26279,9.495378
26300,9.457847
26321,9.485995
26342,9.591553
26363,9.420315
26384,9.40624
26405,9.446118
26426,9.490686
26447,9.366363
26468,9.427352
26489,9.439081
26510,9.364017
26531,9.481303
26552,9.2913
26573,9.19278
26594,9.425007
26615,9.48834
26636,9.610318
26657,9.687728
26678,9.772174
26699,9.901189
26720,9.992672
26741,9.997364
26762,10.03724
26783,10.0044
26804,10.03489
26825,9.997364
26846,10.09823
26867,10.08416
26888,10.06539
26909,10.20848
26930,10.21786
26951,10.18971
26972,10.22255
26993,10.09588
27014,10.15922
27035,10.28823
27056,10.27181
27077,10.30465
27098,10.37033
27119,10.33984
27140,10.42898
27161,10.31404
27182,10.41725
27203,10.54157
27224,10.60022
27245,10.65886
27266,10.73627
27287,10.34922
27308,10.6917
27329,11.20072
27350,11.09282
27371,10.96849
27392,11.06467
27413,11.16084
27434,11.08343
27455,11.03183
27476,11.05763
27497,10.96849
27518,10.98022
27539,10.80429
27560,10.79022
27581,10.84417
27602,10.83948
27623,10.81133
27644,10.84417
27665,10.79022
27686,10.83479
27707,10.7996
27728,10.83713
27749,10.77614
27770,10.79726
27791,10.82775
27812,11.00134
27833,11.03887
27854,11.02714
27875,11.08343
27896,11.00837
27917,11.04121
27938,11.07874
27959,11.04825
27980,10.95207
28001,10.75034
28022,10.88874
28043,10.74096
28064,10.6354
28085,10.51342
28106,10.63071
28127,10.56738
28148,10.51342
28169,10.46885
28190,10.38441
28211,10.48762
28232,10.36564
28253,10.49466
28274,10.49466
28295,10.58614
28316,10.61898
28337,10.63071
28358,10.64244
28379,10.69639
28400,10.54157
28421,10.61898
28442,10.68701
28463,10.58614
28484,10.54861
28505,10.51811
28526,10.45009
28547,10.48293
28568,10.45244
28589,10.42194
28610,10.31873
28631,10.36095
28652,10.21083
28673,10.2249
28694,10.22021
28715,10.15687
28736,10.11934
28757,9.992672
28778,10.09588
28799,10.17798
28820,9.98798
28841,10.10527
28862,9.990326
28883,9.950449
28904,9.915263
28925,10.14749
28946,10.20613
28967,10.15687
28988,10.14984
29009,10.23428
29030,10.34453
29051,10.40317
29072,10.00909
29093,10.26243
29114,10.59552
29135,10.61664
29156,10.44305
29177,10.53688
29198,10.91689
29219,10.94738
29240,10.80899
29261,10.92627
29282,10.82541
29303,10.68935
29324,10.40317
29345,10.45009
29366,10.26008
29387,10.26008
29408,9.995018
29429,9.816743
29450,10.00909
29471,10.02551
29492,9.643159
29513,9.556367
29534,9.544639
29555,9.48834
29576,9.422661
29597,9.324141
29618,9.138828
29639,8.871415
29660,8.79166
29681,9.009813
29702,9.110679
29723,8.575853
29744,8.439801
29765,8.531285
29786,8.543014
29807,8.284984
29828,8.17708
29849,8.421036
29870,8.453876
29891,8.261526
29912,8.137203
29933,8.336589
29954,8.38585
29975,8.432764
29996,8.392887
30017,8.493753
30038,8.517211
30059,8.594619
30080,8.463259
30101,8.524248
30122,8.763512
30143,8.709559
30164,8.777586
30185,8.805735
30206,8.737708
30227,8.845612
30248,8.923021
30269,8.871415
30290,8.878452
30311,8.927712
30333,9.028579
30356,9.00043
30377,8.988701
30398,9.084876
30419,9.056727
30440,9.09895
30461,9.103642
30482,9.15994
30503,9.075493
30524,9.122408
30545,9.120062
30566,9.105988
30587,9.166977
30608,9.239694
30629,9.218582
30650,9.220928
30671,9.150557
30692,9.19278
30713,9.213891
30734,9.239694
30755,9.122408
30776,9.166977
30797,9.211545
30818,9.181051
30839,9.143519
30860,9.066111
30881,9.138828
30902,9.035616
30923,9.042653
30944,9.023888
30965,9.037962
30986,8.892527
31007,8.920675
31028,8.878452
31049,8.878452
31070,8.7424
31091,8.754128
31112,8.723634
31133,8.718943
31154,8.702522
31176,8.67672
31197,8.594619
31218,8.650917
31239,8.667336
31260,8.552396
31281,8.604002
31302,8.625113
31323,8.681411
31344,8.672029
31365,8.765858
31386,8.890181
31407,8.944133
31428,8.866723
31449,8.958207
31470,8.969935
31491,8.974627
31512,8.986356
31533,9.169322
31554,9.091913
31575,9.197471
31596,9.176359
31617,9.413278
31638,9.368709
31659,9.596244
31680,9.680691
31701,9.530564
31722,9.652542
31743,9.584516
31764,9.502416
31785,9.66427
31806,9.875386
31827,9.722914
31848,9.593899
31869,9.586862
31890,9.701802
31911,9.626739
31932,9.554022
31953,9.352288
31974,9.41797
31995,9.408587
32016,9.50007
32037,9.739333
32058,9.793285
32079,9.969215
32100,9.955141
32121,10.05601
32142,10.117
32163,10.18502
32184,10.36095
32205,10.18502
32226,10.1686
32247,10.12169
32268,10.10058
32289,10.10292
32310,10.09119
32331,9.891806
32352,9.826125
32373,9.959831
32394,9.924646
32415,9.835509
32436,9.781557
32457,9.66427
32478,9.844892
32499,9.929338
32520,9.800323
32541,9.624393
32562,9.751062
32583,9.800323
32604,9.56575
32625,9.800323
32646,9.840199
32667,10.07712
32688,10.10761
32709,10.13576
32730,10.21552
32751,10.29292
32772,10.2765
32793,10.47824
32814,10.5791
32835,10.27181
32856,10.53923
32877,10.50873
32898,10.53688
32919,10.45244
32940,10.40317
32961,10.41256
32982,10.43601
33003,10.34219
33024,10.36799
33045,10.48762
33066,10.44071
33087,10.54861
33108,10.64947
33129,10.82775
33150,10.86294
33171,10.91454
33192,11.1022
33213,11.30628
33234,11.34381
33255,11.45875
33276,11.46813
33297,11.35554
33318,11.54789
33339,11.46344
33360,11.43999
33381,11.35085
33402,11.36727
33423,11.32035
33444,11.32035
33465,11.33677
33486,11.2969
33507,11.25936
33528,11.44702
33549,11.4306
33570,11.57838
33591,11.5432
33612,11.70505
33633,11.71913
33654,11.72382
33675,11.69802
33696,11.73789
33717,11.84111
33738,11.81061
33759,11.81999
33780,11.74962
33801,11.70974
33822,11.63234
33843,11.4869
33864,11.35319
33885,11.29455
33906,11.16788
33927,10.97553
33948,10.97788
33969,10.73392
33990,10.64947
34011,10.42663
34032,10.33984
34053,10.27885
34074,10.22021
34095,10.25305
34116,10.12403
34137,10.05366
34158,9.955141
34179,9.999709
34200,10.04897
34221,10.10527
34242,10.00909
34263,9.924646
34284,10.06773
34305,10.04193
34326,10.08885
34347,10.20613
34368,10.09354
34389,9.943413
34410,10.0865
34431,10.00675
34452,9.884768
34473,9.819089
34494,9.919954
34515,9.870694
34536,9.816743
34557,9.744025
34578,9.659579
34599,9.711185
34620,9.915263
34641,9.814397
34662,9.889461
34683,9.79094
34704,9.727605
34725,9.840199
34746,9.896498
34767,9.849584
34788,9.816743
34809,9.882422
34830,9.776865
34851,9.633776
34872,9.708839
34893,9.851928
34914,9.720568
34935,9.830817
34956,9.821435
34977,9.680691
34998,9.668962
35019,9.704147
35040,9.678345
35061,9.685382
35082,9.493032
35103,9.568096
35124,9.561059
35145,9.375746
35166,9.265497
35187,9.347597
35208,9.324141
35229,9.148211
35250,8.939441
35271,8.948824
35292,8.8245
35313,8.662645
35334,8.62746
35355,8.62746
35376,8.636843
35397,8.697831
35418,8.707214
35439,8.683757
35460,8.690794
35481,8.831537
35502,9.059073
35523,9.09895
35544,9.113025
35565,9.237348
35586,9.105988
35607,9.171668
35628,9.120062
35649,9.094258
35670,9.110679
35691,8.986356
35712,8.988701
35733,9.028579
35754,9.00043
35775,8.962898
35796,8.927712
35817,8.838574
35838,8.953515
35859,8.843266
35880,8.866723
35901,8.850304
35922,8.880798
35943,8.885489
35964,8.981664
35985,9.091913
36006,9.113025
36027,9.066111
36048,9.103642
36069,9.066111
36090,9.094258
36111,9.141173
36132,9.136482
36153,9.197471
36174,9.249077
36195,9.164631
36216,9.232656
36237,9.129445
36258,9.195126
36279,9.120062
36300,9.005121
36321,9.054381
36342,8.84092
36363,8.852649
36384,8.779932
36405,8.69314
36426,8.669683
36447,8.702522
36468,8.545359
36489,8.571162
36510,8.592274
36531,8.526593
36552,8.428073
36573,8.458567
36594,8.48437
36615,8.489061
36636,8.613385
36657,8.667336
36678,8.784623
36699,8.873761
36720,8.953515
36741,9.01685
36762,9.019196
36783,9.070802
36804,9.110679
36825,8.904256
36846,8.95117
36867,8.866723
36888,8.740054
36909,8.838574
36930,8.683757
36951,8.779932
36972,8.632151
36993,8.564125
37014,8.672029
37035,8.718943
37056,8.822155
37077,8.777586
37098,8.948824
37119,9.056727
37140,9.328832
37161,9.464884
37182,9.415624
37203,9.652542
37224,9.762791
37245,9.61501
37266,9.521181
37287,9.673654
37308,9.521181
37329,9.403895
37350,9.612664
37371,9.734642
37392,9.612664
37413,9.51649
37434,9.575133
37455,9.66427
37476,9.51649
37497,9.706493
37518,9.66427
37539,9.502416
37560,9.690074
37581,9.699456
37602,9.910572
37623,9.605627
37644,9.453156
37665,9.368709
37686,9.401549
37707,9.38982
37728,9.408587
37749,9.321795
37770,9.267843
37791,9.134136
37812,9.392166
37833,9.462538
37854,9.476612
37875,9.347597
37896,9.469575
37917,9.485995
37938,9.371055
37959,9.626739
37980,9.753407
38001,9.929338
38022,9.973906
38044,10.03724
38065,9.934029
38086,10.02551
38107,9.990326
38128,9.985635
38149,10.07946
38170,10.04193
38191,9.969215
38212,9.952795
38233,9.985635
38254,9.997364
38275,9.966869
38296,9.976252
38317,9.924646
38338,9.908226
38359,10.0607
38380,10.1991
38401,10.33515
38422,10.33515
38443,10.31638
38464,10.29762
38485,10.23663
38506,10.36799
38527,10.40083
38548,10.44071
38569,10.51577
38590,10.51342
38611,10.56268
38632,10.58145
38653,10.56268
38674,10.48528
38695,10.54392
38716,10.38206
38737,10.35861
38758,10.46416
38779,10.55565
38800,10.57676
38821,10.56738
38842,10.61898
38863,10.62836
38884,10.6659
38905,10.71985
38926,10.74565
38947,10.78553
38968,10.82775
38989,11.01775
39010,11.06467
39031,11.18665
39052,11.19368
39073,11.36727
39094,11.3485
39115,11.4869
39136,11.49863
39157,11.5432
39178,11.63468
39199,11.78715
39220,11.88802
39241,11.82234
39262,11.82234
39283,11.66987
39304,11.66048
39325,11.62999
39346,11.69802
39367,11.62295
39388,11.52678
39409,11.48925
39430,11.53381
39451,11.37196
39472,11.25936
39493,11.14208
39514,11.12097
39535,11.06936
39556,10.97788
39577,10.94738
39598,10.79022
39619,10.79256
39640,10.66121
39661,10.68701
39682,10.54626
39703,10.4712
39724,10.45009
39745,10.39848
39766,10.307
39787,10.29058
39808,10.28354
39829,10.22725
39850,10.13342
39871,9.969215
39892,10.03959
39913,9.945757
39934,9.847238
39955,9.776865
39976,9.654888
39997,9.64785
40018,9.593899
40039,9.589207
40060,9.680691
40081,9.485995
40102,9.410933
40123,9.485995
40144,9.366363
40165,9.446118
40186,9.425007
40207,9.272534
40228,9.432044
40249,9.448463
40270,9.392166
40291,9.396858
40312,9.354634
40333,9.319448
40354,9.396858
40375,9.436735
40396,9.471921
40417,9.455501
40438,9.493032
40459,9.586862
40480,9.650196
40501,9.74637
40522,9.814397
40543,9.959831
40564,9.952795
40585,9.964523
40606,10.01613
40627,10.10761
40648,10.05132
40669,10.12403
40690,10.1686
40711,10.18502
40732,10.21317
40753,10.13107
40774,10.17564
40795,10.20613
40816,10.13576
40837,10.19206
40858,10.14514
40879,10.307
40900,10.19675
40921,9.980944
40942,10.12169
40963,10.07008
40984,10.03724
41005,9.894152
41026,10.01848
41047,10.06773
41068,9.929338
41089,9.973906
41110,9.976252
41131,9.910572
41152,9.868348
41173,9.849584
41194,9.915263
41215,9.964523
41236,9.950449
41257,9.668962
41278,9.701802
41299,9.605627
41320,9.617355
41341,9.558713
41362,9.446118
41383,9.586862
41404,9.652542
41425,9.514144
41446,9.178705
41467,9.227965
41488,9.408587
41509,9.380438
41530,9.206854
41551,9.164631
41572,9.342906
41593,9.474266
41614,9.554022
41635,9.256114
41656,9.303029
41677,9.321795
41698,9.537601
41719,9.507107
41740,9.420315
41761,9.457847
41782,9.490686
41803,9.41797
41824,9.469575
41845,9.41797
41866,9.401549
41887,9.335869
41908,9.338214
41929,9.199817
41950,9.218582
41971,9.19278
41992,9.087222
42013,9.044999
42034,9.089567
42055,9.03327
42076,9.035616
42097,9.012158
42118,8.892527
42139,8.885489
42160,8.953515
42181,8.998084
42202,8.972281
42223,9.096604
42244,9.129445
42265,9.188088
42286,9.089567
42307,9.218582
42328,9.324141
42349,9.2913
42370,9.378092
42391,9.399203
42412,9.34056
42433,9.352288
42454,9.286609
42475,9.260805
42496,9.25846
42517,9.267843
42538,9.312411
42559,9.249077
42580,9.270188
42601,9.188088
42622,9.143519
42643,9.244386
42664,9.220928
42685,9.056727
42706,9.148211
42727,9.101295
42748,9.127099
42769,9.03327
42790,9.120062
42811,9.08253
42832,9.120062
42853,9.197471
42874,9.134136
42895,9.246731
42916,9.134136
42937,9.249077
42958,9.27488
42979,9.232656
43000,9.162285
43021,9.24204
43042,9.2913
43063,9.321795
43084,9.052036
43105,9.091913
43126,8.948824
43147,9.007467
43168,8.90191
43189,8.786969
43210,8.772895
43231,8.714252
43252,8.634497
43273,8.749437
43294,8.79166
43315,8.711905
43336,8.772895
43357,8.779932
43378,8.763512
43399,8.897219
43420,9.012158
43441,9.056727
43462,9.044999
43483,9.09895
43504,9.04969
43525,8.995738
43546,9.150557
43567,9.08253
43588,8.972281
43609,8.986356
43630,9.091913
43651,9.225619
43672,9.225619
43693,9.183396
43714,9.220928
43735,9.091913
43756,9.070802
43777,9.061419
43798,9.087222
43819,9.075493
43840,8.885489
43861,8.911292
43882,9.019196
43903,8.958207
43924,8.998084
43945,9.009813
43966,9.052036
43987,8.937096
44008,8.974627
44029,9.169322
44050,9.218582
44071,8.986356
44092,8.819809
44113,9.03327
44134,9.136482
44155,9.204508
44176,9.176359
44197,9.281918
44218,9.249077
44239,9.342906
44260,9.518835
44281,9.544639
44302,9.589207
44323,9.612664
44344,9.755754
44365,9.739333
44386,9.823779
44407,9.973906
44428,10.14749
44449,10.13576
44470,10.09823
44491,10.15218
44512,10.23194
44533,10.25305
44554,10.19206
44575,10.19675
44596,10.40787
44617,10.50873
44638,10.38441
44659,10.42663
44680,10.29762
44701,10.33749
44722,10.36564
44743,10.34922
44764,10.26008
44785,10.28354
44806,10.31873
44827,10.2765
44848,10.33046
44869,10.16391
44890,10.21083
44911,10.37503
44932,10.22959
44953,10.22255
44974,10.29527
44995,10.40083
45016,10.39379
45037,10.34922
45058,10.4454
45079,10.38675
45100,10.40317
45121,10.47589
45142,10.39379
45163,10.37503
45184,10.45009
45205,10.43132
45226,10.37268
45247,10.56738
45268,10.497
45289,10.53923
45310,10.6354
45331,10.68466
45352,10.75034
45373,10.73627
45394,10.83948
45415,10.97553
45436,10.97788
45457,11.01541
45478,11.01541
45499,10.9638
45520,10.88405
45541,10.95207
45562,10.89812
45583,10.8817
45604,10.87936
45625,10.93565
45646,10.82071
45667,10.88639
45688,10.89343
45709,10.87936
45730,10.83713
45751,10.9122
45772,10.93331
45793,10.94269
45814,10.97788
45835,10.98492
45856,11.04121
45877,11.02245
45898,11.0764
45919,11.1022
45940,11.2101
45961,11.26406
45982,11.24763
46003,11.22887
46024,11.33677
46045,11.25467
46066,11.18899
46087,11.11158
46108,11.02714
46129,10.92862
46150,10.97319
46171,10.67528
46192,10.82306
46213,10.65182
46234,10.54861
46255,10.56034
46276,10.46885
46297,10.35391
46318,10.36095
46339,10.3328
46360,10.34453
46381,10.3328
46402,10.53688
46423,10.51577
46444,10.49231
46465,10.5275
46486,10.39379
46507,10.45244
46528,10.497
46549,10.52281
46570,10.54392
46591,10.57676
46612,10.48762
46633,10.47589
46654,10.27181
46675,10.20613
46696,10.26947
46717,10.23194
46738,10.13576
46759,10.12638
46780,10.06305
46801,9.952795
46822,9.877731
46843,9.835509
46864,9.694765
46885,9.704147
46906,9.734642
46927,9.697111
46948,9.732296
46969,9.617355
46990,9.603281
47011,9.666616
47032,9.783903
47053,9.830817
47074,9.793285
47095,9.819089
47116,9.891806
47137,9.9223
47158,9.908226
47179,9.976252
47200,9.964523
47221,10.05366
47242,10.05601
47263,10.04428
47284,10.05132
47305,10.09823
47326,9.926992
47347,9.769828
47368,9.725259
47389,9.558713
47410,9.392166
47431,9.396858
47452,9.251423
47473,9.136482
47494,9.087222
47515,9.080185
47536,8.986356
47557,9.113025
47578,9.152903
47599,9.127099
47620,9.249077
47641,9.171668
47662,9.235003
47683,9.270188
47704,9.368709
47725,9.396858
47746,9.41797
47767,9.392166
47788,9.281918
47809,9.303029
47830,9.441426
47851,9.448463
47872,9.366363
47893,9.335869
47914,9.319448
47935,9.303029
47956,9.174014
47977,9.317103
47998,9.295992
48019,9.143519
48040,9.094258
48061,9.188088
48082,9.164631
48103,9.068456
48124,8.962898
48145,8.993393
48166,9.185742
48187,9.211545
48208,9.056727
48229,8.981664
48250,8.981664
48271,8.887836
48292,8.939441
48313,9.01685
48334,9.052036
48355,8.937096
48376,9.023888
48397,9.023888
48418,9.091913
48439,9.068456
48460,9.195126
48481,9.124753
48502,9.253768
48523,9.223273
48544,9.162285
48565,9.174014
48586,9.195126
48607,9.105988
48628,9.188088
48649,9.164631
48670,9.037962
48691,9.136482
48712,9.068456
48733,9.042653
48754,9.030925
48775,9.009813
48796,9.012158
48817,9.007467
48838,9.01685
48859,9.007467
48880,8.958207
48901,8.953515
48922,8.93475
48943,9.007467
48964,8.95117
48985,8.948824
49006,8.960552
49027,8.988701
49048,9.044999
49069,9.01685
49090,9.138828
49111,9.124753
49132,9.035616
49153,9.127099
49174,8.941787
49195,8.953515
49216,8.923021
49237,8.904256
49258,8.850304
49279,8.749437
49300,8.648571
49321,8.629806
49342,8.594619
49363,8.517211
49384,8.486716
49405,8.505482
49426,8.554742
49447,8.554742
49468,8.528939
49489,8.56647
49510,8.674374
49531,8.707214
49552,8.812772
49573,8.850304
49594,8.845612
49615,8.847958
49636,9.01685
49657,9.054381
49678,9.129445
49699,9.183396
49720,9.202163
49741,9.335869
49762,9.380438
49783,9.434389
49804,9.40624
49825,9.483649
49846,9.474266
49867,9.490686
49888,9.497724
49909,9.378092
49930,9.420315
49951,9.455501
49972,9.593899
49993,9.732296
50014,9.457847
50035,9.490686
50056,9.626739
50077,9.687728
50098,9.539948
50119,9.643159
50140,9.706493
50161,9.769828
50182,9.779211
50203,9.833163
50224,9.812052
50245,9.755754
50266,9.762791
50287,9.671308
50308,9.622047
50329,9.786248
50350,9.80736
50371,9.556367
50392,9.58217
50413,9.805015
50434,9.765137
50455,9.408587
50476,9.464884
50497,9.90588
50518,9.718222
50539,9.382783
50560,9.401549
50581,9.779211
50602,9.575133
50623,9.345251
50644,9.523527
50665,9.607973
50686,9.312411
50707,9.235003
50728,9.333523
50749,9.502416
50770,9.342906
50791,9.251423
50812,9.460192
50833,9.54933
50854,9.530564
50875,9.539948
50896,9.626739
50917,9.678345
50938,9.699456
50959,9.779211
50980,9.668962
51001,9.816743
51022,9.915263
51043,9.948103
51064,10.10761
51085,10.19675
51106,10.04193
51127,10.07712
51148,10.15922
51169,10.12872
51190,10.13107
51211,10.17095
51232,10.23897
51253,10.29996
51274,10.17564
51295,10.21083
51316,10.22959
51337,10.29058
51358,10.30465
51379,10.25774
51400,10.31404
51421,10.37972
51442,10.42663
51463,10.57207
51484,10.50873
51505,10.65417
51526,10.51811
51547,10.71516
51568,10.71281
51589,10.85121
51610,10.83713
51631,10.84886
51652,10.88639
51673,10.99664
51694,10.79022
51715,10.92862
51736,10.97788
51757,10.81602
51778,10.80899
51799,10.78084
51820,10.72454
51844,10.74096
51869,10.73627
51890,10.78787
51911,10.77145
51932,10.93096
51953,10.92393
51974,10.89812
51995,10.9638
52016,10.88874
52037,10.95207
52058,11.00368
52079,11.02948
52100,11.13739
52121,11.14912
52142,11.24529
52163,11.20776
52184,11.38603
52205,11.27344
52226,11.27578
52247,11.2101
52268,11.18899
52289,11.09985
52310,10.95911
52331,10.69639
52352,10.80664
52373,10.60022
52394,10.59552
52415,10.59318
52436,10.50639
52457,10.45947
52478,10.37033
52499,10.39614
52520,10.31638
52541,10.23663
52562,10.32342
52583,10.18033
52604,10.3328
52625,10.33984
52646,10.29762
52667,10.46416
52688,10.44774
52709,10.47355
52730,10.43601
52751,10.47355
52772,10.57441
52793,10.64713
52814,10.59318
52835,10.55799
52856,10.60256
52877,10.55096
52898,10.59787
52919,10.54157
52940,10.53453
52961,10.54392
52982,10.4712
53003,10.37503
53024,10.31873
53045,10.26947
53066,10.2507
53087,10.307
53108,10.29058
53129,10.24601
53150,10.2249
53171,10.19675
53192,10.06539
53213,10.12169
53234,10.11465
53255,10.14749
53276,10.2507
53297,10.11934
53318,10.31638
53339,10.27416
53360,10.25774
53381,10.21786
53402,10.27416
53423,10.26243
53444,10.18268
53465,10.09119
53486,10.0044
53508,9.98329
53529,9.748716
53550,9.558713
53571,9.448463
53592,9.368709
53613,9.335869
53634,9.263151
53655,9.225619
53676,9.028579
53697,8.826846
53718,8.876106
53739,8.822155
53760,8.920675
53781,9.066111
53802,9.061419
53823,8.925366
53844,8.873761
53865,8.988701
53886,8.986356
53907,9.080185
53928,8.955861
53949,9.122408
53970,9.162285
53991,9.056727
54012,9.075493
54033,9.143519
54054,9.056727
54075,8.925366
54096,8.765858
54117,8.789314
54138,8.812772
54159,8.955861
54180,8.871415
54201,8.866723
54222,8.744746
54243,8.754128
54264,8.737708
54285,8.845612
54306,8.876106
54327,8.847958
54348,8.852649
54369,8.803389
54390,8.761166
54411,9.061419
54432,8.960552
54453,8.991047
54474,8.887836
54495,8.962898
54516,9.023888
54537,9.089567
54558,9.028579
54579,9.080185
54600,9.15994
54621,9.235003
54642,9.235003
54663,9.237348
54684,9.277225
54705,9.235003
54726,9.256114
54747,9.220928
54768,9.2092
54789,9.087222
54810,9.143519
54831,9.110679
54852,9.110679
54873,9.150557
54894,9.044999
54915,9.087222
54936,9.030925
54957,9.030925
54978,9.035616
54999,9.042653
55020,8.948824
55041,8.876106
55062,8.8245
55083,8.873761
55104,8.866723
55125,8.894873
55146,8.843266
55167,8.955861
55188,8.880798
55209,8.906601
55230,8.930058
55251,8.8245
55272,8.941787
55293,8.697831
55314,8.801044
55335,8.826846
55356,8.831537
55377,8.655608
55398,8.639189
55419,8.657954
55440,8.496099
55461,8.53363
55482,8.345972
55503,8.303749
55524,8.235723
55545,8.214611
55566,8.245107
55587,8.322515
55608,8.371776
55629,8.320169
55650,8.36943
55671,8.409307
55692,8.397578
55713,8.367084
55734,8.599311
55755,8.681411
55776,8.864378
55797,8.862032
55818,8.981664
55839,9.178705
55860,9.345251
55881,9.448463
55902,9.561059
55923,9.478958
55944,9.455501
55965,9.401549
55986,9.53291
56007,9.715877
56028,9.877731
56049,9.725259
56070,9.535255
56091,9.58217
56112,9.450809
56133,9.378092
56154,9.450809
56175,9.432044
56196,9.162285
56217,9.150557
56238,9.476612
56259,9.220928
56280,9.030925
56301,9.237348
56322,9.523527
56343,9.324141
56364,8.988701
56385,9.059073
56406,9.284263
56427,9.199817
56448,8.962898
56469,9.019196
56490,9.25846
56511,9.199817
56532,9.080185
56553,9.148211
56574,9.272534
56595,9.300683
56616,9.267843
56637,9.50007
56658,9.502416
56679,9.401549
56700,9.579824
56721,9.915263
56742,10.1123
56763,10.18268
56784,10.11934
56805,10.3633
56826,10.62836
56847,10.96146
56868,11.0459
56889,10.89109
56910,10.90751
56931,11.17257
56952,11.28751
56973,11.3485
56994,11.39776
57015,11.32739
57036,11.34616
57057,11.40011
57078,11.27578
57099,11.25936
57120,11.33443
57141,11.23591
57162,11.25467
57183,11.22183
57204,11.18665
57225,11.24998
57246,11.32035
57267,11.34381
57288,11.25936
57309,11.2922
57330,11.32974
57351,11.2922
57372,11.32035
57393,11.32974
57414,11.47986
57435,11.5432
57456,11.50566
57477,11.49159
57498,11.55962
57519,11.60888
57540,11.64172
57561,11.73086
57582,11.54085
57603,11.47283
57624,11.45875
57645,11.41184
57666,11.21245
57687,11.128
57708,11.03887
57729,10.97553
57750,10.97319
57771,11.02948
57792,11.00368
57813,10.95677
57834,10.97084
57855,11.02479
57876,11.0459
57897,10.98961
57918,10.98257
57939,11.07874
57960,11.07171
57981,11.01306
58002,11.08578
58023,11.02245
58044,10.94738
58065,11.01306
58086,11.01541
58107,10.98022
58128,10.86997
58149,10.68232
58170,10.64478
58191,10.53923
58212,10.50873
58233,10.26008
58254,10.13811
58275,10.1123
58296,9.936375
58317,9.901189
58338,10.02317
58359,9.711185
58380,9.671308
58401,9.706493
58422,9.708839
58443,9.844892
58464,9.720568
58485,9.699456
58506,9.755754
58527,9.809706
58548,9.957487
58569,9.903535
58590,9.80736
58611,9.880077
58632,10.00909
58653,10.04897
58674,9.964523
58695,10.04193
58716,10.01613
58737,10.07946
58758,10.22725
58779,10.1686
58800,10.12638
58821,10.16391
58842,10.15922
58863,10.30465
58884,10.37268
58905,10.27885
58926,10.17798
58947,10.20848
58968,10.32107
58989,10.11934
59010,10.02786
59031,9.955141
59052,9.957487
59073,9.990326
59094,9.741679
59115,9.835509
59136,9.948103
59157,9.887115
59178,9.936375
59199,9.955141
59220,9.908226
59241,9.814397
59262,9.729951
59283,9.769828
59304,9.868348
59325,9.826125
59346,9.79094
59367,9.657233
59388,9.725259
59409,9.779211
59430,9.661925
59451,9.58217
59472,9.64785
59493,9.368709
59514,9.436735
59535,9.537601
59556,9.239694
59577,9.127099
59598,9.253768
59619,9.04969
59640,9.059073
59661,9.021542
59682,8.993393
59703,9.08253
59724,9.054381
59745,8.960552
59766,8.770549
59787,8.79166
59808,8.730671
59829,8.765858
59850,8.768204
59871,8.815118
59892,8.716597
59913,8.84092
59934,8.79166
59955,8.747091
59976,8.801044
59997,8.812772
60018,8.718943
60039,8.733017
60060,8.751783
60081,8.777586
60102,8.789314
60123,8.784623
60144,8.782278
60165,8.789314
60186,8.697831
60207,8.686103
60228,8.737708
60249,8.622768
60270,8.554742
60291,8.531285
60312,8.559433
60333,8.575853
60354,8.486716
60375,8.381159
60396,8.378813
60417,8.472641
60438,8.336589
60459,8.479678
60480,8.62746
60501,8.655608
60522,8.613385
60543,8.747091
60564,8.831537
60585,8.880798
60606,8.72598
60627,8.852649
60648,8.850304
60669,8.831537
60690,8.723634
60711,8.575853
60732,8.580544
60753,8.460913
60774,8.399924
60795,8.277946
60816,8.22634
60837,8.130166
60858,8.188808
60879,8.214611
60900,8.207574
60921,8.362392
60942,8.449184
60963,8.360046
60984,8.432764
61005,8.547705
61026,8.667336
61047,8.782278
61068,8.817463
61089,8.974627
61110,8.965244
61131,8.908947
61152,9.218582
61173,9.277225
61194,9.028579
61215,9.368709
61236,9.561059
61257,9.535255
61278,9.485995
61299,9.593899
61320,9.589207
61341,9.497724
61362,9.511798
61383,9.371055
61404,9.38982
61425,9.35698
61446,9.042653
61467,9.070802
61488,9.171668
61509,9.19278
61530,9.141173
61551,9.009813
61572,9.007467
61593,9.141173
61614,9.263151
61635,9.319448
61656,9.232656
61677,9.113025
61698,9.216236
61719,9.272534
61740,9.396858
61761,9.460192
61782,9.593899
61803,9.432044
61824,9.525873
61845,9.694765
61866,9.755754
61887,9.795631
61908,9.711185
61929,9.816743
61950,9.915263
61971,9.919954
61992,9.943413
62013,10.02082
62034,10.10292
62055,10.20613
62076,10.20379
62097,10.23897
62118,10.33046
62139,10.2507
62160,10.41256
62181,10.45713
62202,10.52281
62223,10.56738
62244,10.67528
62265,10.79022
62286,10.81368
62307,10.78318
62328,10.91454
62349,10.84652
62370,10.83479
62391,10.90281
62412,10.82071
62433,10.83713
62454,10.85355
62475,10.69404
62496,10.52281
62517,10.45478
62538,10.35861
62559,10.45947
62580,10.497
62601,10.47355
62622,10.48058
62643,10.50873
62664,10.45713
62685,10.40317
62706,10.39379
62727,10.42898
62748,10.43836
62769,10.52515
62790,10.54861
62811,10.63775
62832,10.71516
62853,10.7175
62874,10.77614
62895,10.81133
62916,10.7738
62937,10.84417
62958,10.80429
62979,10.72219
63000,10.83479
63021,10.9122
63042,10.80429
63063,10.68232
63084,10.67293
63105,10.72219
63126,10.75738
63147,10.67997
63168,10.56972
63189,10.6096
63210,10.67997
63231,10.73861
63252,10.79491
63273,10.86528
63294,10.8817
63315,10.88874
63336,10.93565
63357,11.00603
63378,10.89343
63399,11.10455
63420,10.97788
63441,11.03183
63462,11.01306
63483,10.97788
63504,11.07405
63525,10.98257
63546,11.03183
63567,10.93096
63588,10.87936
63609,10.80429
63630,10.78787
63651,10.71281
63672,10.58614
63693,10.4149
63714,10.31404
63735,10.37972
63756,10.31169
63777,10.31873
63798,10.19675
63819,10.15922
63840,10.0865
63861,10.0607
63882,10.17095
63903,10.12403
63924,10.0865
63945,10.11934
63966,10.26712
63987,10.22959
64008,10.20144
64029,10.28823
64050,10.21786
64071,10.2765
64092,10.28589
64113,10.40552
64134,10.39848
64155,10.38675
64176,10.45947
64197,10.39145
64218,10.4454
64239,10.38675
64260,10.26947
64281,10.33515
64302,10.37503
64323,10.28354
64344,10.19206
64365,10.11934
64386,10.22725
64407,10.16156
64428,10.05132
64449,10.03959
64470,10.02551
64491,10.02551
64512,10.04662
64533,9.861312
64554,9.793285
64575,9.729951
64596,9.729951
64617,9.819089
64638,9.727605
64659,9.685382
64680,9.650196
64701,9.493032
64722,9.502416
64743,9.50007
64764,9.364017
64785,9.317103
64806,9.347597
64827,9.349943
64848,9.373401
64869,9.087222
64890,9.061419
64911,9.199817
64932,9.25846
64953,9.333523
64974,9.272534
64995,9.277225
65016,9.2092
65037,9.34056
65058,9.464884
65079,9.378092
65100,9.371055
65121,9.40624
65142,9.387475
65163,9.328832
65184,9.349943
65205,9.420315
65226,9.568096
65247,9.41797
65268,9.303029
65289,9.474266
65310,9.600936
65331,9.596244
65352,9.572787
65373,9.460192
65394,9.260805
65415,9.324141
65436,9.27488
65457,9.260805
65478,9.096604
65499,9.052036
65520,8.976973
65541,9.068456
65562,8.974627
65583,8.899564
65604,8.878452
65625,8.847958
65646,8.704868
65667,8.709559
65688,8.775241
65709,8.770549
65730,8.707214
65751,8.740054
65772,8.740054
65793,8.723634
65814,8.850304
65835,8.805735
65856,8.876106
65877,8.847958
65898,8.829192
65919,8.974627
65940,8.979319
65961,9.014504
65982,8.864378
66003,8.869069
66024,8.892527
66045,8.747091
66066,8.632151
66087,8.608693
66108,8.575853
66129,8.474987
66150,8.474987
66171,8.432764
66192,8.270909
66213,8.36943
66234,8.399924
66255,8.367084
66276,8.378813
66297,8.416345
66318,8.458567
66339,8.399924
66360,8.371776
66381,8.327207
66402,8.388196
66423,8.517211
66444,8.571162
66465,8.526593
66486,8.479678
66507,8.496099
66528,8.636843
66549,8.763512
66570,8.735363
66591,8.688448
66612,8.618076
66633,8.629806
66654,8.496099
66675,8.538322
66696,8.423381
66717,8.195846
66738,8.141894
66759,8.092634
66780,8.083251
66801,8.116092
66822,8.137203
66843,8.104362
66864,8.174734
66885,8.17708
66906,8.378813
66927,8.56647
66948,8.641534
66969,8.777586
66990,9.047344
67011,9.260805
67032,9.331178
67053,9.50007
67074,9.441426
67095,9.685382
67116,9.800323
67137,9.708839
67158,9.772174
67179,9.866002
67200,9.826125
67221,10.04193
67242,10.15218
67263,10.08416
67284,10.15453
67305,10.21552
67326,10.21083
67347,10.3328
67368,10.25774
67389,10.29996
67410,10.2765
67431,10.37503
67452,10.25774
67473,10.11465
67494,10.26478
67515,10.3633
67536,10.22959
67557,10.0044
67578,10.14045
67599,10.29292
67620,10.2249
67641,10.13576
67662,10.06305
67683,10.35861
67704,10.26478
67725,10.28823
67746,10.39614
67767,10.25774
67788,10.23897
67809,10.33749
67830,10.39614
67851,10.45009
67872,10.28354
67893,10.26947
67914,10.35391
67935,10.36564
67956,10.39145
67977,10.36564
67998,10.30231
68019,10.36095
68040,10.3328
68061,10.35626
68082,10.31873
68103,10.29996
68124,10.29527
68145,10.33515
68166,10.30935
68187,10.43836
68208,10.45244
68229,10.42429
68250,10.39848
68271,10.39614
68292,10.37503
68313,10.54392
68334,10.4712
68355,10.44774
68376,10.44305
68397,10.49935
68418,10.49466
68439,10.45947
68460,10.43836
68481,10.33046
68502,10.34922
68523,10.33984
68544,10.36095
68565,10.35861
68586,10.38441
68607,10.43367
68628,10.41021
68649,10.47355
68670,10.33749
68691,10.46416
68712,10.45244
68733,10.59787
68754,10.52984
68775,10.54157
68796,10.63071
68817,10.65651
68838,10.77849
68859,10.67293
68880,10.85121
68901,10.82541
68922,10.85121
68943,10.80899
68964,10.86294
68985,10.96849
69006,11.00603
69027,10.95442
69048,10.92862
69069,10.93565
69090,10.75738
69111,10.95442
69132,10.82071
69153,10.73627
69174,10.7738
69195,10.82071
69216,10.84652
69237,10.73627
69258,10.77614
69279,10.81368
69300,10.89812
69321,10.87467
69342,10.92627
69363,10.8559
69384,10.81368
69405,10.81837
69426,10.83713
69447,10.81602
69468,10.78553
69489,10.71281
69510,10.69874
69531,10.64009
69552,10.7175
69573,10.57676
69594,10.62367
69615,10.57207
69636,10.53688
69657,10.42429
69678,10.40083
69699,10.3633
69720,10.37503
69741,10.32107
69762,10.21317
69783,10.17564
69804,10.14045
69825,10.06773
69846,10.00206
69867,9.990326
69888,9.894152
69909,9.875386
69930,9.934029
69951,9.962177
69972,9.929338
69993,9.978598
70014,9.997364
70035,10.2249
70056,10.13811
70077,10.16156
70098,10.26008
70119,10.21083
70140,10.27885
70161,10.42663
70182,10.40787
70203,10.32342
70224,10.40083
70245,10.26243
70266,10.21786
70287,10.22725
70308,10.21083
70329,10.13811
70350,10.27181
70371,10.23428
70392,10.2812
70413,10.38675
70434,10.46416
70455,10.42429
70476,10.38441
70497,10.45009
70518,10.54861
70539,10.50873
70560,10.31404
70581,10.19206
70602,10.17564
70623,10.24132
70644,10.18971
70665,9.884768
70686,9.870694
70707,10.03489
70728,9.697111
70749,9.840199
70770,9.797977
70791,9.858966
70812,9.882422
70833,9.844892
70854,9.699456
70875,9.485995
70896,9.530564
70917,9.591553
70938,9.612664
70959,9.403895
70980,9.35698
71001,9.495378
71022,9.342906
71043,9.263151
71064,8.859686
71085,9.101295
71106,9.195126
71127,9.054381
71148,8.883143
71169,8.850304
71190,8.953515
71211,9.110679
71232,9.162285
71253,9.08253
71274,9.286609
71295,9.286609
71316,9.204508
71337,9.01685
71358,8.941787
71379,8.923021
71400,8.815118
71421,8.864378
71442,8.772895
71463,8.700177
71484,8.84092
71505,8.756474
71526,8.716597
71547,8.775241
71568,8.815118
71589,8.847958
71610,8.784623
71631,8.772895
71652,8.965244
71673,8.883143
71694,8.93475
71715,9.073148
71736,9.089567
71757,9.162285
71778,9.176359
71799,9.185742
71820,9.204508
71841,9.24204
71862,9.220928
71883,9.23031
71904,9.206854
71925,9.178705
71946,9.204508
71967,9.239694
71988,9.263151
72009,9.24204
72030,9.24204
72051,9.136482
72072,9.227965
72093,9.150557
72114,9.148211
72135,9.103642
72156,9.061419
72177,9.202163
72198,9.157594
72219,9.166977
72240,9.143519
72261,9.136482
72282,9.120062
72303,9.077839
72324,9.08253
72345,9.138828
72366,9.040307
72387,9.009813
72408,9.00043
72429,9.087222
72450,9.091913
72471,9.124753
72492,9.08253
72513,9.021542
72534,8.899564
72555,9.030925
72576,9.002776
72597,8.897219
72618,8.815118
72639,8.843266
72660,8.998084
72681,8.772895
72702,8.805735
72723,8.763512
72744,8.697831
72765,8.564125
72786,8.618076
72807,8.538322
72828,8.613385
72849,8.531285
72870,8.470296
72891,8.489061
72912,8.672029
72933,8.557088
72954,8.592274
72975,8.62746
72996,8.962898
73017,8.892527
73038,8.747091
73059,8.974627
73080,9.127099
73101,9.199817
73122,9.206854
73143,9.326486
73164,9.239694
73185,9.345251
73206,9.453156
73227,9.453156
73248,9.507107
73269,9.539948
73290,9.485995
73311,9.410933
73332,9.387475
73353,9.446118
73374,9.603281
73395,9.640813
73416,9.551676
73437,9.699456
73458,9.678345
73479,9.760445
73500,9.891806
73521,9.858966
73542,9.744025
73563,9.950449
73584,9.884768
73605,9.633776
73626,9.589207
73647,9.823779
73668,10.03959
73689,9.673654
73710,9.572787
73731,9.823779
73752,9.941067
73773,9.851928
73794,9.760445
73815,9.889461
73836,9.917608
73857,9.945757
73878,10.24132
73899,10.28354
73920,10.10292
73941,10.14984
73962,10.2507
73983,10.31873
74004,10.31169
74025,10.24836
74046,10.29527
74067,10.28823
74088,10.48997
74109,10.56034
74130,10.57207
74151,10.59787
74172,10.51342
74193,10.57676
74214,10.59552
74235,10.59552
74256,10.52281
74277,10.49231
74298,10.5275
74319,10.45009
74340,10.44774
74361,10.43367
74382,10.40317
74403,10.45713
74424,10.42898
74445,10.41021
74466,10.48058
74487,10.39614
74508,10.33749
74529,10.40083
74550,10.36095
74571,10.36799
74592,10.42898
74613,10.55565
74634,10.5533
74655,10.59552
74676,10.67762
74697,10.73158
74718,10.75972
74739,10.87232
74760,10.84417
74781,10.87701
74802,10.88874
74823,10.83479
74844,10.89812
74865,11.05294
74886,10.99195
74907,10.76676
74928,10.7996
74949,10.91689
74970,10.7175
74991,10.80664
75012,10.82541
75033,10.83713
75054,10.77849
75075,10.77614
75096,10.85121
75117,10.79256
75138,10.76911
75159,10.81368
75180,10.7996
75201,10.84652
75222,10.91454
75243,10.91454
75264,10.92862
75285,10.8817
75306,10.90985
75327,10.8559
75348,11.00368
75369,10.94269
75390,10.96615
75411,10.90985
75432,10.94035
75453,10.82775
75474,10.78318
75495,10.7175
75516,10.57441
75537,10.52281
75558,10.33984
75579,10.32811
75600,10.38441
75621,10.39145
75642,10.30231
75663,10.34453
75684,10.38675
75705,10.35391
75726,10.39379
75747,10.30465
75768,10.25539
75789,10.36564
75810,10.48293
75831,10.54157
75852,10.60725
75873,10.63071
75894,10.70812
75915,10.7175
75936,10.90751
75957,10.88405
75978,10.93331
75999,10.95911
76020,10.87936
76041,10.86528
76062,10.71985
76083,10.7175
76104,10.66355
76125,10.54392
76146,10.61898
76167,10.54861
76188,10.53923
76209,10.62836
76230,10.55096
76251,10.47589
76272,10.54626
76293,10.55799
76314,10.55096
76335,10.37503
76356,10.5838
76377,10.48293
76398,10.43367
76419,10.42898
76440,10.307
76461,10.20848
76482,10.03724
76503,9.957487
76524,9.7581
76545,9.718222
76566,9.87304
76587,9.910572
76608,9.826125
76629,9.762791
76650,9.840199
76671,10.09354
76692,9.999709
76713,10.03489
76734,10.00206
76755,9.997364
76776,9.863657
76797,9.736988
76818,9.819089
76839,9.697111
76860,9.469575
76881,9.169322
76902,8.976973
76923,8.965244
76944,8.721289
76965,8.786969
76986,8.392887
77007,8.343626
77028,8.458567
77049,8.474987
77070,8.449184
77091,8.442147
77112,8.411653
77133,8.406961
77154,8.367084
77175,8.30844
77196,8.489061
77217,8.442147
77238,8.498445
77259,8.381159
77280,8.439801
77301,8.521902
77322,8.596965
77343,8.641534
77364,8.510174
77385,8.421036
77406,8.517211
77427,8.510174
77448,8.545359
77469,8.615731
77490,8.664991
77511,8.587582
77532,8.672029
77553,8.770549
77574,8.714252
77595,8.761166
77616,8.852649
77637,8.878452
77658,8.885489
77679,8.906601
77700,9.028579
77721,8.927712
77742,8.981664
77763,9.04969
77784,9.094258
77805,9.012158
77826,9.063765
77847,9.157594
77868,9.030925
77889,8.960552
77910,8.967589
77931,8.981664
77952,8.948824
77973,9.096604
77994,8.967589
78015,8.862032
78036,8.939441
78057,8.859686
78078,8.918329
78099,9.105988
78120,8.937096
78141,8.960552
78162,9.042653
78183,8.986356
78204,9.002776
78225,9.035616
78246,9.007467
78267,8.969935
78288,8.920675
78309,9.01685
78330,9.019196
78351,9.040307
78372,9.00043
78393,8.962898
78414,8.95117
78435,8.944133
78456,8.95117
78477,8.744746
78498,8.657954
78519,8.965244
78540,8.608693
78561,8.967589
78582,8.545359
78603,8.538322
78624,8.519556
78645,8.578199
78666,8.463259
78687,8.444492
78708,8.629806
78729,8.622768
78750,8.69314
78771,8.735363
78792,8.871415
78813,8.838574
78834,9.063765
78855,9.117716
78876,9.101295
78897,9.260805
78918,9.260805
78939,9.387475
78960,9.631431
78981,9.828471
79002,9.77452
79023,9.779211
79044,10.1123
79065,10.38206
79086,10.48058
79107,10.64478
79128,10.67059
79149,10.67059
79170,10.65651
79191,10.51108
79212,10.37503
79233,10.04193
79254,10.08885
79275,10.16156
79296,10.25539
79317,10.16626
79338,10.18502
79359,10.05132
79380,9.926992
79401,9.98329
79422,10.24836
79443,10.25539
79464,10.12403
79485,9.966869
79506,10.09119
79527,10.20848
79548,10.09119
79569,9.924646
79590,9.882422
79611,9.98329
79632,9.833163
79653,9.819089
79674,9.776865
79695,9.830817
79716,9.762791
79737,9.687728
79758,9.713531
79779,9.851928
79800,9.926992
79821,9.87304
79842,9.7581
79863,9.87304
79884,10.01378
79905,9.945757
79926,10.04897
79947,10.01613
79968,10.07946
79989,10.21317
80010,10.1123
80031,10.18268
80052,10.11465
80073,10.15453
80094,10.24601
80115,10.14045
80136,10.19206
80157,10.18971
80178,10.19675
80199,10.18268
80220,10.18502
80241,10.22021
80262,10.25774
80283,10.25305
80304,10.32576
80325,10.43367
80346,10.30935
80367,10.39614
80388,10.39145
80409,10.45713
80430,10.45009
80451,10.5275
80472,10.52515
80493,10.49466
80514,10.58145
80535,10.48762
80556,10.60022
80577,10.52046
80598,10.51811
80619,10.57207
80640,10.47589
80661,10.55799
80682,10.46416
80703,10.52046
80724,10.52281
80745,10.52046
80766,10.49466
80787,10.34219
80808,10.29762
80829,10.3633
80850,10.34922
80871,10.33515
80892,10.3633
80913,10.29058
80934,10.44774
80955,10.41959
80976,10.35861
80997,10.45244
81018,10.40787
81039,10.39379
81060,10.47824
81081,10.42429
81102,10.3891
81123,10.43132
81144,10.35861
81165,10.39848
81186,10.32576
81207,10.31638
81228,10.33984
81249,10.41021
81270,10.3633
81291,10.29292
81312,10.21552
81333,10.23194
81354,10.2249
81375,10.25305
81396,10.18971
81417,10.27181
81438,10.28823
81459,10.31638
81480,10.45009
81501,10.32576
81522,10.33515
81543,10.16626
81564,10.26947
81585,10.29292
81606,10.27885
81627,10.3633
81648,10.35626
81669,10.37972
81690,10.32811
81711,10.20848
81732,10.27181
81753,10.22725
81774,10.20379
81795,10.14984
81816,10.12638
81837,10.07712
81858,10.11465
81879,10.2765
81900,9.976252
81921,10.04193
81942,10.07243
81963,10.04193
81984,10.18502
82005,10.26478
82026,10.20848
82047,10.25539
82068,10.30231
82089,10.36799
82110,10.44305
82131,10.46182
82152,10.45009
82173,10.63306
82194,10.60725
82215,10.61898
82236,10.72454
82257,10.68232
82278,10.74565
82299,10.62367
82320,10.58145
82341,10.58849
82362,10.50169
82383,10.72454
82404,10.56503
82425,10.43836
82446,10.33749
82467,10.37503
82488,10.33984
82509,10.33046
82530,10.21552
82551,10.10058
82572,10.19206
82593,10.17564
82614,10.17095
82635,10.12872
82656,10.12403
82677,10.16626
82698,10.13107
82719,10.25539
82740,10.28823
82761,10.18033
82782,10.18502
82803,10.25305
82824,10.21317
82845,10.10058
82866,10.07008
82887,10.22255
82908,10.25305
82929,10.19441
82950,10.35861
82971,10.3891
82992,10.36564
83013,10.40787
83034,10.29762
83055,10.24132
83076,10.26478
83097,10.13342
83118,10.05132
83139,10.04193
83160,10.09354
83181,10.27885
83202,10.06539
83223,9.969215
83244,9.736988
83265,9.744025
83286,9.687728
83307,9.586862
83328,9.530564
83349,9.462538
83370,9.485995
83391,9.368709
83412,9.382783
83433,9.413278
83454,9.328832
83475,9.19278
83496,9.213891
83517,9.38982
83538,9.333523
83559,9.178705
83580,9.246731
83601,9.328832
83622,9.429698
83643,9.227965
83664,9.211545
83685,9.202163
83706,9.394512
83727,9.331178
83748,9.138828
83769,9.152903
83790,9.150557
83811,9.216236
83832,9.317103
83853,9.281918
83874,9.270188
83895,9.059073
83916,9.13179
83937,9.171668
83958,9.235003
83979,9.162285
84000,9.24204
84021,9.256114
84042,9.314757
84063,9.270188
84084,9.206854
84105,9.27488
84126,9.349943
84147,9.281918
84168,9.284263
84189,9.150557
84210,9.171668
84231,9.120062
84252,9.08253
84273,9.183396
84294,9.152903
84315,9.059073
84336,9.047344
84357,9.068456
84378,9.028579
84399,8.979319
84420,8.906601
84441,8.873761
84462,8.883143
84483,8.796351
84504,8.894873
84525,8.887836
84546,8.953515
84567,8.986356
84588,9.044999
84609,8.993393
84630,9.120062
84651,9.089567
84672,8.974627
84693,9.089567
84714,9.122408
84735,9.25846
84756,9.328832
84777,9.213891
84798,9.143519
84819,9.150557
84840,9.077839
84861,9.037962
84882,9.054381
84903,8.98401
84924,8.988701
84945,9.052036
84966,9.054381
84987,9.028579
85008,9.122408
85029,9.070802
85050,9.220928
85071,9.2092
85092,9.101295
85113,9.181051
85134,9.279572
85155,9.246731
85176,9.310066
85197,9.420315
85218,9.58217
85239,9.783903
85260,9.666616
85281,9.591553
85302,9.704147
85323,9.779211
85344,9.767483
85365,9.633776
85386,9.711185
85407,9.661925
85428,9.676
85449,9.514144
85470,9.420315
85491,9.401549
85512,9.443772
85533,9.446118
85554,9.385129
85575,9.425007
85596,9.270188
85617,9.166977
85638,9.239694
85659,9.324141
85680,9.293646
85701,9.422661
85722,9.497724
85743,9.476612
85764,9.420315
85785,9.622047
85806,9.626739
85827,9.453156
85848,9.521181
85869,9.711185
85890,9.870694
85911,9.64785
85932,9.650196
85953,9.694765
85974,9.607973
85995,9.624393
86016,9.657233
86037,9.720568
86058,9.568096
86079,9.441426
86100,9.380438
86121,9.178705
86142,9.012158
86163,9.284263
86184,9.138828
86205,8.969935
86226,8.775241
86247,8.955861
86268,8.794006
86289,8.683757
86310,8.782278
86331,8.754128
86352,8.852649
86373,8.836229
86394,8.866723
86415,8.932404
86436,8.941787
86457,9.030925
86478,9.044999
86499,9.105988
86520,9.084876
86541,8.869069
86562,8.892527
86583,8.873761
86604,8.974627
86625,9.023888
86646,9.197471
86667,9.197471
86688,9.138828
86709,9.19278
86730,9.237348
86751,9.413278
86772,9.50007
86793,9.485995
86814,9.518835
86835,9.551676
86856,9.546985
86877,9.699456
86898,9.751062
86919,9.802669
86940,9.802669
86961,9.962177
86982,9.854274
87003,9.924646
87024,9.962177
87045,10.04193
87066,10.06773
87087,10.07712
87108,10.23897
87129,10.38206
87150,10.38675
87171,10.35391
87192,10.35157
87213,10.43836
87234,10.33749
87255,10.37503
87276,10.46416
87297,10.43367
87318,10.47824
87339,10.49466
87360,10.54626
87381,10.57441
87402,10.63775
87423,10.56034
87444,10.5275
87465,10.46182
87486,10.46651
87507,10.42663
87528,10.30935
87549,10.28823
87570,10.21786
87591,10.32342
87612,10.32107
87633,10.22255
87654,10.33046
87675,10.24366
87696,10.31638
87717,10.34453
87738,10.42194
87759,10.44305
87780,10.56972
87801,10.61664
87822,10.74565
87843,10.59787
87864,10.55799
87885,10.65182
87906,10.72454
87927,10.68935
87948,10.74565
87969,10.68232
87990,10.67059
88011,10.69404
88032,10.64478
88053,10.6917
88074,10.74096
88095,10.7738
88116,10.82071
88137,10.91923
88158,10.95207
88179,11.06936
88200,11.02245
88221,11.02479
88242,11.02714
88263,11.12097
88284,11.21714
88305,11.19134
88326,11.16788
88347,11.6253
88368,11.58307
88389,11.43999
88410,11.50332
88431,11.47283
88452,11.43295
88473,11.43295
88494,11.40011
88515,11.33677
88536,11.47752
88557,11.30159
88578,11.11862
88599,11.1843
88620,11.19603
88641,11.24763
88662,11.22887
88683,11.15615
88704,11.08109
88725,11.09282
88746,11.15381
88767,11.06936
88788,11.01775
88809,11.08109
88830,11.0764
88851,11.14912
88872,11.13504
88893,11.06701
88914,11.07405
88935,10.95442
88956,11.04825
88977,10.93096
88998,10.98961
89019,10.9122
89040,10.97553
89061,10.87232
89082,10.88874
89103,10.94269
89124,10.83948
89145,10.85824
89166,10.82306
89187,10.72219
89208,10.50169
89229,10.50404
89250,10.34453
89271,10.21552
89292,10.1686
89313,10.20379
89334,10.29996
89355,10.12403
89376,10.05366
89397,10.0607
89418,10.15922
89439,10.29058
89460,10.18502
89481,9.882422
89502,9.697111
89523,9.687728
89544,9.694765
89565,9.645505
89586,9.371055
89607,9.120062
89628,9.113025
89649,9.066111
89670,9.052036
89691,8.937096
89712,8.667336
89733,8.505482
89754,8.528939
89775,8.505482
89796,8.601656
89817,8.554742
89838,8.313132
89859,8.411653
89880,8.442147
89901,8.587582
89922,8.592274
89943,8.53363
89964,8.465604
89985,8.625113
90006,8.79166
90027,8.798697
90048,8.815118
90069,8.8245
90090,8.777586
90111,8.878452
90132,8.979319
90153,8.979319
90174,8.995738
90195,8.976973
90216,9.047344
90237,8.962898
90258,8.878452
90279,8.899564
90300,8.962898
90321,8.918329
90342,8.850304
90363,8.852649
90384,8.866723
90405,8.815118
90426,8.815118
90447,8.826846
90468,8.8245
90489,8.897219
90510,8.90191
90531,8.831537
90552,8.857341
90573,8.866723
90594,8.923021
90615,8.878452
90636,8.986356
90657,9.09895
90678,9.124753
90699,9.110679
90720,9.103642
90741,9.288955
90762,9.333523
90783,9.181051
90804,9.145865
90825,9.185742
90846,9.223273
90867,9.091913
90888,9.087222
90909,9.023888
90930,8.960552
90951,8.972281
90972,8.873761
90993,8.751783
91014,8.758821
91035,8.7424
91056,8.695485
91077,8.716597
91098,8.733017
91119,8.72598
91140,8.594619
91161,8.608693
91182,8.669683
91203,8.721289
91224,8.749437
91245,8.657954
91266,8.632151
91287,8.634497
91308,8.681411
91329,8.700177
91350,8.679066
91371,8.718943
91392,8.707214
91413,8.686103
91434,8.639189
91455,8.512519
91476,8.561779
91497,8.439801
91518,8.362392
91539,8.249798
91560,8.083251
91581,8.038682
91602,8.071522
91623,8.06214
91644,7.872136
91665,7.829913
91686,7.773615
91707,7.83695
91728,7.998805
91749,8.116092
91770,8.188808
91791,8.22634
91812,8.317823
91833,8.423381
91854,8.587582
91875,8.859686
91896,8.955861
91917,8.960552
91938,9.042653
91959,9.335869
91980,9.38982
92001,9.410933
92022,9.577478
92043,9.643159
92064,9.659579
92085,9.725259
92106,9.87304
92127,10.04428
92148,9.861312
92169,10.0302
92190,10.09588
92211,10.08416
92232,10.00206
92253,10.0607
92274,10.18502
92295,10.16391
92316,10.26478
92337,10.3633
92358,10.32107
92379,10.50404
92400,10.44774
92421,10.54157
92442,10.49935
92463,10.45713
92484,10.62133
92505,10.59318
92526,10.45947
92547,10.56503
92568,10.57207
92589,10.57676
92610,10.46651
92631,10.50404
92652,10.63775
92673,10.69874
92694,10.69874
92715,10.59552
92736,10.58614
92757,10.59552
92778,10.65651
92799,10.73627
92820,10.85355
