8831,8.829192
8852,8.988701
8873,9.042653
8894,9.115371
8915,8.857341
8936,8.991047
8957,9.101295
8978,8.913638
8999,8.981664
9020,8.998084
9041,8.90191
9062,8.876106
9083,8.930058
9104,8.885489
9125,8.770549
9146,8.6603
9167,8.653263
9188,8.716597
9209,8.749437
9230,8.650917
9251,8.667336
9272,8.69314
9293,8.784623
9314,8.786969
9335,8.8245
9356,8.798697
9377,8.845612
9398,8.925366
9419,8.953515
9440,8.986356
9461,9.066111
9482,9.052036
9503,9.15994
9524,9.237348
9545,9.279572
9566,9.303029
9587,9.183396
9608,9.284263
9629,9.382783
9650,9.345251
9671,9.396858
9692,9.30772
9713,9.364017
9734,9.2913
9755,9.415624
9776,9.204508
9797,9.061419
9818,9.044999
9839,9.028579
9860,9.070802
9881,9.063765
9902,8.862032
9923,8.796351
9944,8.911292
9965,8.962898
9986,9.00043
10007,8.960552
10028,8.880798
10049,8.833883
10070,9.052036
10091,9.150557
10112,9.127099
10133,8.955861
10154,9.188088
10175,9.450809
10196,9.460192
10217,9.190434
10238,9.052036
10259,9.349943
10280,9.474266
10301,9.474266
10322,9.420315
10343,9.446118
10364,9.530564
10385,9.713531
10406,9.683037
10427,9.654888
10448,9.676
10469,9.729951
10490,9.715877
10511,9.830817
10532,9.687728
10553,9.718222
10574,9.631431
10595,9.715877
10616,9.711185
10637,9.546985
10658,9.579824
10679,9.586862
10700,9.720568
10721,9.729951
10742,9.51649
10763,9.631431
10784,9.74637
10805,9.685382
10826,9.966869
10847,9.722914
10868,9.537601
10889,9.861312
10910,9.969215
10931,10.01613
10952,10.0607
10973,10.0865
10994,9.995018
11015,10.15922
11036,10.17095
11057,10.307
11078,10.37503
11099,10.41725
11120,10.48058
11141,10.62367
11162,10.5838
11183,10.52046
11204,10.49466
11225,10.53219
11246,10.58614
11267,10.65886
11288,10.55096
11309,10.65182
11330,10.70812
11351,10.54157
11372,10.51811
11393,10.59318
11414,10.78553
11435,10.78318
11456,10.67293
11477,10.64244
11498,10.55565
11519,10.41959
11541,10.52281
11562,10.52046
11583,10.49231
11604,10.48997
11625,10.47589
11646,10.3891
11667,10.43132
11688,10.45947
11709,10.497
11730,10.50639
11751,10.47355
11772,10.50404
11793,10.46416
11814,10.52515
11835,10.60022
11856,10.62602
11877,10.53923
11898,10.51811
11919,10.54626
11940,10.61898
11961,10.69639
11982,10.75738
12003,10.73627
12024,10.64947
12045,10.64009
12066,10.60022
12087,10.59318
12108,10.64244
12129,10.5791
12150,10.66121
12171,10.50873
12192,10.53923
12213,10.49466
12234,10.43601
12255,10.39379
12276,10.48997
12297,10.45713
12318,10.31404
12339,10.34453
12360,10.20144
12381,10.25774
12402,10.19441
12423,10.23194
12444,10.28354
12465,10.2249
12486,10.11934
12507,10.28589
12528,10.2765
12549,10.26478
12570,10.22255
12591,10.20613
12612,10.15687
12633,10.18268
12654,10.14749
12675,10.10761
12696,10.1123
12717,10.05601
12738,9.957487
12759,10.12169
12780,9.934029
12801,9.781557
12822,9.79094
12843,9.654888
12864,9.633776
12885,9.537601
12906,9.38982
12927,9.35698
12948,9.284263
12969,9.368709
12990,9.164631
13011,8.939441
13032,9.178705
13053,9.202163
13074,9.220928
13095,9.138828
13116,9.124753
13137,9.321795
13158,9.382783
13179,9.518835
13200,9.497724
13221,9.502416
13242,9.485995
13263,9.511798
13284,9.38982
13305,9.312411
13326,9.347597
13347,9.305374
13368,9.169322
13389,9.054381
13410,9.113025
13431,9.134136
13452,9.08253
13473,8.564125
13494,9.143519
13515,9.047344
13536,7.792381
13557,8.838574
13578,8.718943
13599,8.707214
13620,8.72598
13641,8.925366
13662,8.838574
13683,8.878452
13704,8.754128
13725,8.857341
13746,8.930058
13767,8.890181
13788,8.979319
13809,9.01685
13830,9.164631
13851,8.920675
13872,8.737708
13893,8.618076
13914,8.711905
13935,8.500791
13956,8.554742
13977,8.36943
13998,8.289675
14019,8.423381
14040,8.463259
14061,8.423381
14082,8.463259
14103,8.561779
14124,8.587582
14145,8.700177
14166,8.679066
14187,8.761166
14208,8.585237
14230,8.620422
14251,8.730671
14272,8.864378
14293,8.965244
14314,8.904256
14335,8.90191
14356,8.894873
14377,8.915984
14398,8.892527
14419,8.941787
14440,9.014504
14461,8.981664
14482,8.988701
14503,9.04969
14524,9.25846
14545,8.899564
14566,8.866723
14587,8.894873
14608,8.657954
14629,8.688448
14650,8.826846
14671,8.887836
14692,8.852649
14713,8.84092
14734,8.740054
14755,8.897219
14776,9.19278
14797,9.190434
14818,9.223273
14839,9.40624
14860,9.497724
14881,9.546985
14902,9.59859
14923,9.755754
14944,9.753407
14965,9.915263
14986,10.06773
15007,10.23663
15028,10.25305
15049,10.18033
15070,10.1686
15091,10.13811
15112,10.23897
15133,10.22959
15154,10.16156
15175,10.25774
15196,10.2812
15217,10.11934
15238,10.08885
15259,9.964523
15280,10.27416
15301,10.09354
15322,10.26008
15343,9.969215
15364,10.04193
15385,10.03724
15406,10.02551
15427,9.952795
15448,10.06773
15469,10.11934
15490,9.978598
15511,9.957487
15532,9.995018
15553,9.952795
15574,9.917608
15595,10.02082
15616,9.98798
15637,9.9223
15658,9.959831
15679,9.980944
15700,9.926992
15721,9.990326
15742,9.992672
15763,9.880077
15784,9.908226
15805,9.882422
15826,9.753407
15847,9.739333
15868,9.819089
15889,9.835509
15910,9.842546
15931,9.880077
15952,9.783903
15973,9.783903
15994,9.751062
16015,9.814397
16036,9.880077
16057,9.814397
16078,9.797977
16099,9.842546
16120,9.851928
16141,9.966869
16162,10.09119
16183,10.1428
16204,10.14749
16225,10.1686
16246,10.2765
16267,10.20613
16288,10.21786
16309,10.29996
16330,10.21786
16351,10.29292
16372,10.2765
16393,10.18502
16414,10.15687
16435,10.08416
16456,10.22959
16477,10.09119
16498,10.29058
16519,10.34453
16540,10.29058
16561,10.32576
16582,10.37503
16603,10.37737
16624,10.44305
16645,10.47589
16666,10.54861
16687,10.55565
16708,10.52515
16729,10.63775
16750,10.70108
16771,10.70577
16792,10.72219
16813,10.73861
16834,10.71516
16855,10.75034
16876,10.78787
16897,10.82775
16918,10.85355
16939,10.72219
16960,10.64478
16981,10.63071
17002,10.51342
17023,10.41959
17044,10.22959
17065,10.23194
17086,10.08885
17107,10.11934
17128,9.969215
17149,10.0302
17170,9.971561
17191,9.943413
17212,9.847238
17233,9.877731
17254,9.962177
17275,9.919954
17296,10.00909
17317,9.919954
17338,9.995018
17359,10.06305
17380,10.13811
17401,10.13811
17422,10.15218
17443,10.21786
17464,10.2765
17485,10.18737
17506,10.15687
17527,10.16391
17548,10.20613
17569,10.14749
17590,10.20848
17611,10.22725
17632,10.12403
17653,10.11934
17674,10.13107
17695,10.13811
17716,10.09119
17737,10.04897
17758,10.03724
17779,10.02082
17800,9.945757
17821,9.826125
17842,9.751062
17863,9.769828
17884,9.734642
17905,9.636122
17926,9.650196
17947,9.462538
17968,9.303029
17989,9.171668
18010,9.075493
18031,9.044999
18052,9.084876
18073,9.199817
18094,9.204508
18115,9.174014
18136,9.265497
18157,9.385129
18178,9.422661
18199,9.286609
18220,9.425007
18241,9.455501
18262,9.596244
18283,9.413278
18304,9.41797
18325,9.561059
18346,9.48834
18367,9.521181
18388,9.511798
18409,9.584516
18430,9.464884
18451,9.460192
18472,9.453156
18493,9.420315
18514,9.25846
18535,9.30772
18556,9.211545
18577,9.216236
18598,9.185742
18619,9.127099
18640,9.136482
18661,9.115371
18682,9.080185
18703,8.965244
18724,8.908947
18745,8.955861
18766,9.021542
18787,9.044999
18808,9.00043
18829,8.808081
18850,8.786969
18871,8.862032
18892,8.930058
18913,9.03327
18934,8.95117
18955,8.8245
18976,8.859686
18997,8.993393
19018,9.044999
19039,9.009813
19060,8.948824
19081,8.965244
19102,9.044999
19123,9.056727
19144,9.138828
19165,9.035616
19186,9.056727
19207,9.101295
19228,9.232656
19249,9.148211
19270,9.117716
19291,9.075493
19312,9.204508
19333,9.134136
19354,9.113025
19375,9.120062
19396,9.188088
19417,9.138828
19438,9.070802
19459,9.176359
19480,9.009813
19501,9.007467
19522,9.030925
19543,9.009813
19564,8.937096
19586,8.976973
19608,9.120062
19629,9.152903
19650,9.03327
19671,9.026234
19692,9.15994
19713,9.246731
19734,9.157594
19755,9.188088
19776,9.225619
19797,9.19278
19818,9.19278
19839,9.455501
19860,9.331178
19881,9.303029
19902,9.286609
19923,9.319448
19944,9.371055
19965,9.105988
19986,9.176359
20007,9.305374
20028,9.457847
20049,9.474266
20070,9.471921
20091,9.589207
20112,9.654888
20133,9.744025
20154,9.805015
20175,9.840199
20196,9.858966
20217,9.955141
20238,10.07008
20259,9.995018
20280,10.00675
20301,9.948103
20322,9.934029
20343,10.10996
20364,10.01378
20385,10.12403
20406,9.851928
20427,9.889461
20448,9.915263
20469,9.931683
20490,9.854274
20511,9.903535
20532,9.938721
20553,10.11465
20574,10.19441
20595,10.117
20616,10.09588
20637,10.0302
20658,10.0865
20679,10.15453
20700,10.0865
20721,10.15453
20742,10.05601
20763,10.08181
20784,10.03959
20805,10.05366
20826,10.04193
20847,10.01144
20868,10.01613
20889,9.98329
20910,10.14749
20931,10.05132
20952,10.02082
20973,10.00206
20994,9.882422
21015,9.990326
21036,10.12169
21057,10.13576
21078,10.20848
21099,10.31873
21120,10.21317
21141,10.18502
21162,10.37268
21183,10.35391
21204,10.3891
21225,10.33984
21246,10.33749
21267,10.32811
21288,10.5275
21309,10.56738
21330,10.56034
21351,10.56503
21372,10.52046
21393,10.57676
21414,10.64244
21435,10.75972
21456,10.78318
21477,10.74096
21498,10.81602
21519,10.78084
21540,10.82071
21561,10.86763
21582,10.93565
21603,10.89343
21624,10.94035
21645,10.9943
21666,10.98726
21687,11.09517
21708,11.08343
21729,11.00837
21750,11.09047
21771,11.00837
21792,10.86059
21813,10.75503
21834,10.74096
21855,10.6917
21876,10.53219
21897,10.47355
21918,10.50404
21939,10.44305
21960,10.44071
21981,10.39379
22002,10.3328
22023,10.39145
22044,10.27181
22065,10.32576
22086,10.22021
22107,10.24836
22128,10.20848
22149,10.28823
22170,10.16391
22191,10.1991
22212,10.25539
22233,10.16626
22254,10.23194
22275,10.29527
22296,10.39614
22317,10.3328
22338,10.35861
22359,10.17095
22380,10.22725
22401,10.18033
22422,10.28589
22443,10.20613
22464,10.08416
22485,10.05601
22506,9.995018
22527,9.903535
22548,9.861312
22569,9.98329
22590,9.882422
22611,9.704147
22632,9.530564
22653,9.617355
22674,9.551676
22695,9.448463
22716,9.422661
22737,9.415624
22758,9.551676
22779,9.455501
22800,9.349943
22821,9.333523
22842,9.366363
22863,9.408587
22884,9.415624
22905,9.41797
22926,9.432044
22947,9.481303
22968,9.385129
22989,9.342906
23010,9.497724
23031,9.410933
23052,9.305374
23073,9.324141
23094,9.514144
23115,9.427352
23136,9.331178
23157,9.371055
23178,9.446118
23199,9.220928
23220,9.368709
23241,9.403895
23262,9.34056
23283,9.41797
23304,9.204508
23325,9.246731
23346,9.251423
23367,9.2913
23388,9.25846
23409,9.235003
23430,9.143519
23451,9.239694
23472,9.169322
23493,9.204508
23514,9.080185
23535,9.052036
23556,8.986356
23577,9.120062
23598,9.061419
23619,8.988701
23640,9.002776
23661,9.007467
23682,9.047344
23703,9.012158
23724,9.04969
23745,8.976973
23766,8.976973
23787,8.932404
23808,9.01685
23829,9.08253
23850,9.059073
23871,9.042653
23892,8.958207
23913,9.13179
23934,9.13179
23955,9.073148
23976,9.023888
23997,9.117716
24018,9.113025
24039,9.197471
24060,9.143519
24081,9.166977
24102,9.183396
24123,9.295992
24144,9.265497
24165,9.113025
24186,9.09895
24207,9.120062
24228,9.047344
24249,9.152903
24270,9.077839
24291,9.08253
24312,9.101295
24333,9.002776
24354,9.007467
24375,9.061419
24396,9.113025
24417,9.068456
24438,9.09895
24459,9.152903
24480,9.232656
24501,9.227965
24522,9.162285
24543,9.218582
24564,9.15994
24585,9.148211
24606,9.195126
24627,9.371055
24648,9.364017
24669,9.385129
24690,9.34056
24711,9.375746
24732,9.30772
24753,9.38982
24774,9.443772
24795,9.41797
24816,9.432044
24837,9.530564
24858,9.554022
24879,9.570441
24900,9.38982
24921,9.530564
24942,9.497724
24963,9.514144
24984,9.572787
25005,9.617355
25026,9.504761
25047,9.474266
25068,9.464884
25089,9.546985
25110,9.633776
25131,9.474266
25152,9.563404
25173,9.561059
25194,9.495378
25215,9.570441
25236,9.568096
25257,9.546985
25278,9.816743
25299,9.704147
25320,9.701802
25341,9.748716
25362,9.847238
25383,9.901189
25404,9.931683
25425,9.786248
25446,9.861312
25467,10.10058
25488,10.08181
25509,10.05132
25530,9.80736
25551,9.990326
25572,10.20379
25593,10.12169
25614,10.07243
25635,10.0044
25656,10.24601
25677,10.14045
25698,10.25774
25719,10.26712
25740,10.21552
25761,10.10761
25782,10.20379
25803,10.37503
25824,10.29996
25845,10.2507
25866,10.30465
25887,10.39379
25908,10.34219
25929,10.18737
25950,10.22725
25971,10.39614
25992,10.37503
26013,10.32576
26034,10.34688
26055,10.31169
26076,10.36564
26097,10.32107
26118,10.34453
26139,10.23428
26160,10.26008
26181,10.39379
26202,10.39848
26223,10.47589
26244,10.32342
26265,10.3328
26286,10.35861
26307,10.48997
26328,10.497
26349,10.50169
26370,10.45478
26391,10.3891
26412,10.34688
26433,10.3328
26454,10.4712
26475,10.48293
26496,10.51811
26517,10.48058
26538,10.45947
26559,10.52281
26580,10.2812
26601,10.37033
26622,10.40317
26643,10.4712
26664,10.39848
26685,10.36564
26706,10.35861
26727,10.30465
26748,10.1428
26769,10.11934
26790,10.14749
26811,10.20613
26832,10.22021
26853,10.16156
26874,10.18033
26895,10.0865
26916,10.117
26937,10.16626
26958,10.16391
26979,10.18737
27000,10.24366
27021,10.31404
27042,10.2507
27063,10.25539
27084,10.31638
27105,10.29527
27126,10.33749
27147,10.40787
27168,10.32342
27189,10.29058
27210,10.30465
27231,10.3633
27252,10.42194
27273,10.33046
27294,10.36799
27315,10.32107
27336,10.29996
27357,10.22725
27378,10.33749
27399,10.28354
27420,10.26478
27441,10.29527
27462,10.27416
27483,10.20848
27504,10.05601
27525,10.13576
27546,10.08416
27567,10.04193
27588,10.18971
27609,10.15922
27630,10.00909
27651,10.08416
27672,10.05366
27693,10.0865
27714,10.10292
27735,10.12872
27756,10.10761
27777,10.03959
27798,10.11465
27819,10.09119
27840,10.22725
27861,10.24132
27882,10.25774
27903,10.28589
27924,10.25305
27945,10.1428
27966,10.13342
27987,10.08416
28008,10.12169
28029,10.05366
28050,10.00675
28071,9.964523
28092,9.898843
28113,9.802669
28134,9.741679
28155,9.734642
28176,9.715877
28197,9.713531
28218,9.858966
28239,9.715877
28260,9.612664
28281,9.652542
28302,9.638468
28323,9.638468
28344,9.755754
28365,9.666616
28386,9.441426
28407,9.485995
28428,9.645505
28449,9.528218
28470,9.441426
28491,9.687728
28512,9.556367
28533,9.420315
28554,9.413278
28575,9.399203
28596,9.434389
28617,9.338214
28638,9.143519
28659,9.13179
28680,9.206854
28701,9.13179
28722,9.012158
28743,8.890181
28764,9.021542
28785,8.911292
28806,8.90191
28827,8.953515
28848,9.028579
28869,8.864378
28890,8.876106
28911,8.859686
28932,8.958207
28953,8.894873
28974,8.981664
28995,8.969935
29016,8.862032
29037,8.904256
29058,8.915984
29079,8.845612
29100,8.880798
29121,8.772895
29142,8.768204
29163,8.836229
29184,8.683757
29205,8.822155
29226,8.822155
29247,8.796351
29268,8.650917
29289,8.64388
29310,8.657954
29331,8.817463
29352,8.960552
29373,8.927712
29394,8.93475
29415,9.066111
29436,8.981664
29457,9.028579
29478,9.124753
29499,9.075493
29520,9.15994
29541,9.34056
29562,9.392166
29583,9.514144
29604,9.450809
29625,9.464884
29646,9.476612
29667,9.495378
29688,9.502416
29709,9.497724
29730,9.462538
29751,9.321795
29772,9.378092
29793,9.328832
29814,9.232656
29835,9.218582
29856,9.263151
29877,9.373401
29898,9.352288
29919,9.342906
29940,9.166977
29961,9.091913
29982,9.183396
30003,9.335869
30024,9.387475
30045,9.246731
30066,9.303029
30087,9.446118
30108,9.509453
30129,9.408587
30150,9.368709
30171,9.422661
30192,9.497724
30213,9.464884
30234,9.624393
30255,9.66427
30276,9.781557
30297,9.760445
30318,9.478958
30341,9.525873
30364,9.645505
30385,9.715877
30406,9.720568
30427,9.394512
30448,9.692419
30469,9.715877
30490,9.514144
30511,9.631431
30532,9.490686
30553,9.467229
30574,9.652542
30595,9.561059
30616,9.760445
30637,9.58217
30658,9.765137
30679,9.59859
30700,9.753407
30721,9.720568
30742,9.781557
30763,9.880077
30784,9.821435
30805,9.955141
30826,10.01144
30847,10.04662
30868,10.06773
30889,10.24366
30910,10.34453
30931,10.21552
30952,10.21786
30973,10.24601
30994,10.34219
31015,10.42429
31036,10.42429
31057,10.33046
31078,10.25774
31099,10.31169
31120,10.38206
31141,10.52515
31162,10.54157
31184,10.497
31205,10.43601
31226,10.41725
31247,10.54392
31268,10.52515
31289,10.56503
31310,10.62367
31331,10.69639
31352,10.68466
31373,10.68701
31394,10.56503
31415,10.61429
31436,10.52046
31457,10.75738
31478,10.56034
31499,10.59552
31520,10.7738
31541,10.85355
31562,10.61898
31583,10.61194
31604,10.55799
31625,10.50639
31646,10.70812
31667,10.70108
31688,10.71516
31709,10.73392
31730,10.65651
31751,10.71281
31772,10.73861
31793,10.68701
31814,10.73392
31835,10.73627
31856,10.70812
31877,10.74331
31898,10.69404
31919,10.62602
31940,10.62836
31961,10.64009
31982,10.70108
32003,10.72219
32024,10.71046
32045,10.79726
32066,10.73158
32087,10.68935
32108,10.65651
32129,10.74096
32150,10.6354
32171,10.63071
32192,10.5275
32213,10.47824
32234,10.54861
32255,10.38206
32276,10.37737
32297,10.32107
32318,10.18502
32339,10.12872
32360,10.17564
32381,10.10527
32402,9.912917
32423,10.03489
32444,9.952795
32465,9.877731
32486,9.924646
32507,9.957487
32528,9.882422
32549,9.98798
32570,9.945757
32591,9.952795
32612,10.05601
32633,10.08885
32654,10.04662
32675,9.945757
32696,10.04897
32717,10.12638
32738,10.14514
32759,10.04428
32780,10.12638
32801,10.11465
32822,9.964523
32843,10.05835
32864,10.18502
32885,10.09588
32906,10.00675
32927,9.934029
32948,9.788594
32969,9.826125
32990,9.840199
33011,9.727605
33032,9.640813
33053,9.725259
33074,9.744025
33095,9.579824
33116,9.48834
33137,9.570441
33158,9.539948
33179,9.546985
33200,9.546985
33221,9.434389
33242,9.50007
33263,9.441426
33284,9.483649
33305,9.457847
33326,9.373401
33347,9.439081
33368,9.387475
33389,9.385129
33410,9.382783
33431,9.394512
33452,9.349943
33473,9.361671
33494,9.361671
33515,9.260805
33536,9.338214
33557,9.364017
33578,9.385129
33599,9.281918
33620,9.277225
33641,9.25846
33662,9.084876
33683,9.054381
33704,9.005121
33725,9.030925
33746,9.056727
33767,9.044999
33788,9.03327
33809,8.98401
33830,8.911292
33851,8.892527
33872,9.054381
33893,8.955861
33914,8.857341
33935,8.704868
33956,8.740054
33977,8.887836
33998,8.908947
34019,8.803389
34040,8.681411
34061,8.580544
34082,8.737708
34103,8.805735
34124,8.772895
34145,8.674374
34166,8.594619
34187,8.733017
34208,8.84092
34229,8.93475
34250,8.892527
34271,8.754128
34292,8.892527
34313,9.00043
34334,9.068456
34355,9.063765
34376,9.084876
34397,9.077839
34418,9.253768
34439,9.326486
34460,9.206854
34481,9.25846
34502,9.281918
34523,9.347597
34544,9.349943
34565,9.380438
34586,9.453156
34607,9.429698
34628,9.401549
34649,9.354634
34670,9.387475
34691,9.371055
34712,9.41797
34733,9.321795
34754,9.277225
34775,9.300683
34796,9.41797
34817,9.385129
34838,9.408587
34859,9.34056
34880,9.422661
34901,9.476612
34922,9.561059
34943,9.600936
34964,9.605627
34985,9.748716
35006,9.589207
35027,9.413278
35048,9.460192
35069,9.645505
35090,9.537601
35111,9.622047
35132,9.495378
35153,9.715877
35174,9.74637
35195,9.622047
35216,9.612664
35237,9.558713
35258,9.596244
35279,9.497724
35300,9.729951
35321,9.776865
35342,9.643159
35363,9.887115
35384,9.59859
35405,9.544639
35426,9.58217
35447,9.652542
35468,9.683037
35489,9.795631
35510,9.504761
35531,9.474266
35552,9.661925
35573,9.699456
35594,9.629085
35615,9.823779
35636,9.837853
35657,9.887115
35678,10.1428
35699,10.0865
35720,10.14045
35741,9.995018
35762,10.20144
35783,10.12403
35804,10.0044
35825,10.28589
35846,10.21786
35867,10.18033
35888,10.30465
35909,10.45947
35930,10.42898
35951,10.37033
35972,10.39848
35993,10.38675
36014,10.38206
36035,10.50639
36056,10.46651
36077,10.69639
36098,10.65651
36119,10.5791
36140,10.55799
36161,10.62602
36182,10.5791
36203,10.73861
36224,10.81133
36245,10.75034
36266,10.64713
36287,10.62602
36308,10.75269
36329,10.65651
36350,10.69639
36371,10.72923
36392,10.75503
36413,10.72688
36434,10.67059
36455,10.68701
36476,10.64713
36497,10.58849
36518,10.50169
36539,10.58614
36560,10.55799
36581,10.57676
36602,10.71516
36623,10.68701
36644,10.82306
36665,10.7738
36686,10.71281
36707,10.74096
36728,10.75738
36749,10.75972
36770,10.72219
36791,10.67528
36812,10.60491
36833,10.70343
36854,10.77849
36875,10.87467
36896,10.84886
36917,10.80664
36938,10.67293
36959,10.77614
36980,10.55096
37001,10.58614
37022,10.5838
37043,10.55096
37064,10.56972
37085,10.48058
37106,10.42194
37127,10.39379
37148,10.37503
37169,10.34219
37190,10.30935
37211,10.33749
37232,10.24836
37253,10.19206
37274,10.27416
37295,10.27181
37316,10.2812
37337,10.16626
37358,10.25305
37379,10.24366
37400,10.2507
37421,10.23897
37442,10.22959
37463,10.10527
37484,10.12169
37505,10.0865
37526,10.12872
37547,10.11465
37568,10.21786
37589,10.06305
37610,10.12872
37631,10.0607
37652,10.09588
37673,9.941067
37694,9.765137
37715,9.563404
37736,9.687728
37757,9.572787
37778,9.572787
37799,9.471921
37820,9.483649
37841,9.429698
37862,9.434389
37883,9.610318
37904,9.422661
37925,9.455501
37946,9.436735
37967,9.378092
37988,9.359325
38009,9.48834
38030,9.511798
38051,9.403895
38072,9.34056
38093,9.462538
38114,9.474266
38135,9.399203
38156,9.476612
38177,9.439081
38198,9.387475
38219,9.420315
38240,9.352288
38261,9.436735
38282,9.361671
38303,9.30772
38324,9.303029
38345,9.117716
38366,9.141173
38387,9.105988
38408,9.129445
38429,9.09895
38450,8.915984
38471,9.044999
38492,9.089567
38513,9.063765
38534,8.988701
38555,8.822155
38576,8.899564
38597,9.026234
38618,9.054381
38639,8.918329
38660,8.847958
38681,8.887836
38702,9.005121
38723,9.044999
38744,8.953515
38765,8.862032
38786,8.965244
38807,9.021542
38828,8.90191
38849,8.8245
38870,8.796351
38891,8.871415
38912,8.854995
38933,8.84092
38954,8.915984
38975,8.852649
38996,8.948824
39017,8.906601
39038,9.101295
39059,9.023888
39080,8.918329
39101,8.958207
39122,8.906601
39143,9.056727
39164,9.183396
39185,9.148211
39206,9.188088
39227,9.195126
39248,9.206854
39269,9.27488
39290,9.213891
39311,9.265497
39332,9.288955
39353,9.368709
39374,9.364017
39395,9.385129
39416,9.256114
39437,9.2913
39458,9.197471
39479,9.281918
39500,9.251423
39521,9.185742
39542,9.347597
39563,9.227965
39584,9.303029
39605,9.197471
39626,9.164631
39647,9.279572
39668,9.272534
39689,9.213891
39710,9.385129
39731,9.25846
39752,9.387475
39773,9.256114
39794,9.239694
39815,9.385129
39836,9.394512
39857,9.312411
39878,9.497724
39899,9.769828
39920,9.661925
39941,9.382783
39962,9.678345
39983,9.467229
40004,9.539948
40025,9.469575
40046,9.361671
40067,9.617355
40088,9.622047
40109,9.61501
40130,9.624393
40151,9.715877
40172,9.570441
40193,9.708839
40214,9.793285
40235,9.694765
40256,9.793285
40277,9.840199
40298,9.877731
40319,9.783903
40340,9.744025
40361,9.85662
40382,9.894152
40403,9.908226
40424,9.98329
40445,9.863657
40466,9.938721
40487,10.09119
40508,10.24132
40529,10.22959
40550,10.21552
40571,10.31404
40592,10.26008
40613,10.30935
40634,10.34219
40655,10.48528
40676,10.43132
40697,10.49935
40718,10.55799
40739,10.61194
40760,10.48293
40781,10.51108
40802,10.47355
40823,10.50639
40844,10.58145
40865,10.53453
40886,10.57676
40907,10.59083
40928,10.62367
40949,10.51811
40970,10.38675
40991,10.42194
41012,10.42429
41033,10.56503
41054,10.83713
41075,10.83713
41096,10.87701
41117,10.85121
41138,10.90281
41159,10.76207
41180,10.71046
41201,10.73861
41222,10.94269
41243,10.99195
41264,10.99664
41285,10.89578
41306,10.70343
41327,10.5275
41348,10.51811
41369,10.54626
41390,10.5838
41411,10.78787
41432,10.75972
41453,10.80899
41474,10.70343
41495,10.68232
41516,10.78553
41537,10.84886
41558,10.83479
41579,10.84417
41600,10.71985
41621,10.67293
41642,10.72923
41663,10.78318
41684,10.75269
41705,10.82071
41726,10.64009
41747,10.60256
41768,10.66824
41789,10.66824
41810,10.58145
41831,10.58849
41852,10.47355
41873,10.26947
41894,10.18502
41915,10.1686
41936,10.05132
41957,10.01613
41978,9.98798
41999,9.976252
42020,9.891806
42041,9.952795
42062,10.07243
42083,10.01613
42104,10.02786
42125,10.03959
42146,10.24601
42167,10.16626
42188,10.03724
42209,10.02317
42230,10.03959
42251,9.990326
42272,10.03959
42293,10.07008
42314,10.37737
42335,10.01378
42356,10.09119
42377,9.877731
42398,10.04897
42419,10.01613
42440,9.654888
42461,9.751062
42482,9.903535
42503,9.837853
42524,9.591553
42545,9.59859
42566,9.59859
42587,9.436735
42608,9.446118
42629,9.497724
42650,9.354634
42671,9.497724
42692,9.399203
42713,9.509453
42734,9.544639
42755,9.469575
42776,9.27488
42797,9.319448
42818,9.267843
42839,9.185742
42860,9.244386
42881,9.141173
42902,9.19278
42923,9.164631
42944,9.084876
42965,9.091913
42986,8.937096
43007,8.913638
43028,8.95117
43049,9.009813
43070,8.920675
43091,8.890181
43112,8.822155
43133,8.852649
43154,8.812772
43175,8.801044
43196,8.829192
43217,8.836229
43238,8.810426
43259,8.761166
43280,8.890181
43301,8.873761
43322,8.908947
43343,8.915984
43364,8.948824
43385,9.070802
43406,9.073148
43427,9.103642
43448,9.073148
43469,9.094258
43490,9.155248
43511,9.183396
43532,9.113025
43553,9.15994
43574,9.084876
43595,9.152903
43616,9.134136
43637,9.061419
43658,9.073148
43679,9.04969
43700,8.953515
43721,9.117716
43742,9.035616
43763,8.979319
43784,8.967589
43805,9.091913
43826,9.063765
43847,9.084876
43868,9.122408
43889,9.115371
43910,9.15994
43931,9.164631
43952,9.129445
43973,9.195126
43994,9.174014
44015,9.157594
44036,9.272534
44057,9.270188
44078,9.239694
44099,9.213891
44120,9.2913
44141,9.162285
44162,9.171668
44183,9.312411
44204,9.300683
44225,9.25846
44246,9.35698
44267,9.298337
44288,9.244386
44309,9.150557
44330,9.174014
44351,9.27488
44372,9.122408
44393,9.19278
44414,9.075493
44435,9.061419
44456,9.096604
44477,9.2092
44498,9.09895
44519,9.070802
44540,9.164631
44561,9.286609
44582,9.342906
44603,9.380438
44624,9.303029
44645,9.35698
44666,9.453156
44687,9.523527
44708,9.453156
44729,9.56575
44750,9.697111
44771,9.657233
44792,9.537601
44813,9.666616
44834,9.708839
44855,9.711185
44876,9.673654
44897,9.741679
44918,9.805015
44939,9.891806
44960,9.973906
44981,9.917608
45002,9.9223
45023,10.05132
45044,10.03255
45065,10.04662
45086,10.08885
45107,10.24366
45128,10.14984
45149,10.16626
45170,10.28354
45191,10.20144
45212,10.32342
45233,10.37972
45254,10.48528
45275,10.39379
45296,10.23428
45317,10.30465
45338,10.32342
45359,10.30935
45380,10.34688
45401,10.26478
45422,10.37972
45443,10.43836
45464,10.19206
45485,10.29996
45506,10.52984
45527,10.40552
45548,10.28354
45569,10.3633
45590,10.37503
45611,10.3891
45632,10.34453
45653,10.26712
45674,10.26478
45695,10.38675
45716,10.25305
45737,10.28823
45758,10.30465
45779,10.2812
45800,10.25774
45821,10.2249
45842,10.24132
45863,10.15687
45884,10.1428
45905,10.18033
45926,10.22021
45947,10.21786
45968,10.10058
45989,10.10527
46010,10.09823
46031,10.05366
46052,9.919954
46073,9.957487
46094,9.915263
46115,9.903535
46136,9.903535
46157,9.936375
46178,9.915263
46199,9.891806
46220,9.877731
46241,9.917608
46262,9.910572
46283,9.973906
46304,10.01378
46325,9.948103
46346,9.926992
46367,9.976252
46388,10.04193
46409,10.07712
46430,10.07008
46451,10.19675
46472,10.15922
46493,10.13811
46514,10.27181
46535,10.30465
46556,10.22021
46577,10.24601
46598,10.31638
46619,10.30231
46640,10.4454
46661,10.38675
46682,10.42429
46703,10.40317
46724,10.42898
46745,10.47589
46766,10.38441
46787,10.42194
46808,10.35626
46829,10.35391
46850,10.4149
46871,10.33984
46892,10.33046
46913,10.32342
46934,10.44305
46955,10.37737
46976,10.39145
46997,10.39379
47018,10.41256
47039,10.38206
47060,10.48528
47081,10.49231
47102,10.46885
47123,10.49935
47144,10.51108
47165,10.51108
47186,10.55799
47207,10.50404
47228,10.59083
47249,10.56034
47270,10.45947
47291,10.36095
47312,10.40787
47333,10.31169
47354,10.30935
47375,10.22959
47396,10.29292
47417,10.20613
47438,10.23194
47459,10.13107
47480,10.06773
47501,10.07946
47522,9.997364
47543,9.931683
47564,9.995018
47585,9.959831
47606,9.941067
47627,9.950449
47648,9.98329
47669,9.919954
47690,9.973906
47711,9.887115
47732,9.955141
47753,9.98798
47774,9.964523
47795,9.98329
47816,10.05601
47837,10.03724
47858,9.851928
47879,9.919954
47900,9.842546
47921,9.793285
47942,9.722914
47963,9.704147
47984,9.640813
48005,9.666616
48026,9.678345
48047,9.779211
48068,9.638468
48089,9.636122
48110,9.680691
48131,9.671308
48152,9.678345
48173,9.631431
48194,9.570441
48215,9.624393
48236,9.678345
48257,9.619701
48278,9.539948
48299,9.537601
48320,9.631431
48341,9.678345
48362,9.539948
48383,9.570441
48404,9.551676
48425,9.610318
48446,9.50007
48467,9.462538
48488,9.457847
48509,9.2913
48530,9.23031
48551,9.101295
48572,9.213891
48593,9.030925
48614,8.991047
48635,8.897219
48656,8.754128
48677,8.730671
48698,8.7424
48719,8.657954
48740,8.67672
48761,8.608693
48782,8.557088
48803,8.472641
48824,8.491407
48845,8.486716
48866,8.507828
48887,8.56647
48908,8.557088
48929,8.594619
48950,8.526593
48971,8.585237
48992,8.547705
49013,8.604002
49034,8.728326
49055,8.69314
49076,8.733017
49097,8.550051
49118,8.512519
49139,8.397578
49160,8.350664
49181,8.472641
49202,8.538322
49223,8.383504
49244,8.625113
49265,8.331898
49286,8.432764
49307,8.367084
49328,8.331898
49349,8.376467
49370,8.289675
49391,8.442147
49412,8.547705
49433,8.575853
49454,8.641534
49475,8.761166
49496,8.669683
49517,8.847958
49538,8.857341
49559,8.908947
49580,8.843266
49601,8.95117
49622,9.023888
49643,9.152903
49664,9.188088
49685,9.2092
49706,9.251423
49727,9.218582
49748,9.35698
49769,9.349943
49790,9.40624
49811,9.584516
49832,9.600936
49853,9.645505
49874,9.654888
49895,9.643159
49916,9.77452
49937,9.884768
49958,9.875386
49979,9.999709
50000,10.00675
50021,10.21552
50042,10.38441
50063,10.38206
50084,10.42429
50105,10.37737
50126,10.33046
50147,10.35391
50168,10.47589
50189,10.40552
50210,10.50169
50231,10.47355
50252,10.44305
50273,10.56738
50294,10.45244
50315,10.54861
50336,10.48058
50357,10.46651
50378,10.42663
50399,10.44071
50420,10.50639
50441,10.5533
50462,10.53453
50483,10.60256
50504,10.53219
50525,10.47589
50546,10.59552
50567,10.48293
50588,10.71985
50609,10.69404
50630,10.69874
50651,10.72454
50672,10.60256
50693,10.47589
50714,10.51108
50735,10.48293
50756,10.45713
50777,10.51342
50798,10.48293
50819,10.38441
50840,10.3633
50861,10.34688
50882,10.26243
50903,10.23897
50924,10.26243
50945,10.35626
50966,10.39145
50987,10.33984
51008,10.3891
51029,10.43836
51050,10.42898
51071,10.45713
51092,10.45947
51113,10.51342
51134,10.5791
51155,10.68466
51176,10.67059
51197,10.61194
51218,10.66824
51239,10.69639
51260,10.74565
51281,10.79256
51302,10.80664
51323,10.79491
51344,10.86997
51365,10.87467
51386,10.85824
51407,10.83948
51428,10.77614
51449,10.60725
51470,10.57441
51491,10.47355
51512,10.46182
51533,10.29762
51554,10.20379
51575,10.11934
51596,10.10761
51617,10.08181
51638,9.926992
51659,10.00675
51680,9.896498
51701,9.997364
51722,9.936375
51743,9.912917
51764,10.04193
51785,10.00206
51806,10.01848
51827,9.917608
51851,9.992672
51876,10.1428
51897,9.943413
51918,9.854274
51939,9.945757
51960,9.999709
51981,9.926992
52002,9.844892
52023,9.957487
52044,9.880077
52065,9.835509
52086,10.01848
52107,9.901189
52128,9.87304
52149,9.793285
52170,9.751062
52191,9.842546
52212,9.908226
52233,9.739333
52254,9.74637
52275,9.708839
52296,9.657233
52317,9.58217
52338,9.586862
52359,9.561059
52380,9.467229
52401,9.455501
52422,9.471921
52443,9.298337
52464,9.399203
52485,9.40624
52506,9.281918
52527,9.298337
52548,9.364017
52569,9.495378
52590,9.429698
52611,9.251423
52632,9.403895
52653,9.427352
52674,9.347597
52695,9.326486
52716,9.539948
52737,9.439081
52758,9.429698
52779,9.535255
52800,9.629085
52821,9.760445
52842,9.319448
52863,9.427352
52884,9.626739
52905,9.485995
52926,9.410933
52947,9.401549
52968,9.474266
52989,9.476612
53010,9.303029
53031,9.225619
53052,9.267843
53073,9.371055
53094,9.328832
53115,9.162285
53136,9.284263
53157,9.101295
53178,9.127099
53199,9.122408
53220,9.124753
53241,8.981664
53262,9.01685
53283,8.958207
53304,9.056727
53325,9.105988
53346,9.068456
53367,9.04969
53388,9.002776
53409,9.009813
53430,9.068456
53451,9.028579
53472,9.012158
53493,9.01685
53515,9.009813
53536,9.211545
53557,9.2092
53578,9.197471
53599,9.166977
53620,9.185742
53641,9.218582
53662,9.244386
53683,9.195126
53704,9.260805
53725,9.300683
53746,9.288955
53767,9.295992
53788,9.270188
53809,9.2092
53830,9.181051
53851,9.27488
53872,9.270188
53893,9.171668
53914,9.141173
53935,9.009813
53956,9.103642
53977,9.127099
53998,9.00043
54019,8.991047
54040,8.920675
54061,8.876106
54082,8.960552
54103,9.037962
54124,8.988701
54145,8.967589
54166,9.007467
54187,9.047344
54208,9.120062
54229,9.127099
54250,9.012158
54271,9.037962
54292,9.01685
54313,9.251423
54334,9.2913
54355,9.267843
54376,9.25846
54397,9.378092
54418,9.277225
54439,9.272534
54460,9.256114
54481,9.378092
54502,9.460192
54523,9.558713
54544,9.645505
54565,9.542293
54586,9.568096
54607,9.502416
54628,9.607973
54649,9.579824
54670,9.633776
54691,9.699456
54712,9.605627
54733,9.638468
54754,9.77452
54775,9.680691
54796,9.617355
54817,9.617355
54838,9.610318
54859,9.645505
54880,9.704147
54901,9.887115
54922,9.814397
54943,9.788594
54964,9.917608
54985,10.05601
55006,10.00909
55027,10.09588
55048,10.10761
55069,9.936375
55090,10.08181
55111,10.21083
55132,10.16156
55153,9.908226
55174,9.966869
55195,10.00675
55216,9.98329
55237,10.20379
55258,10.10527
55279,9.87304
55300,9.870694
55321,9.957487
55342,9.938721
55363,9.861312
55384,9.809706
55405,9.795631
55426,9.7581
55447,9.77452
55468,9.755754
55489,9.668962
55510,9.673654
55531,9.584516
55552,9.699456
55573,9.659579
55594,9.800323
55615,9.727605
55636,9.659579
55657,9.666616
55678,9.861312
55699,9.851928
55720,9.654888
55741,9.591553
55762,9.661925
55783,9.734642
55804,9.732296
55825,9.687728
55846,9.697111
55867,9.690074
55888,9.624393
55909,9.596244
55930,9.542293
55951,9.568096
55972,9.619701
55993,9.593899
56014,9.633776
56035,9.636122
56056,9.572787
56077,9.568096
56098,9.697111
56119,9.976252
56140,9.950449
56161,10.01613
56182,10.09588
56203,10.19206
56224,10.32811
56245,10.19441
56266,10.20613
56287,10.58849
56308,10.67293
56329,10.17095
56350,10.43132
56371,10.46182
56392,10.23663
56413,10.29292
56434,10.23897
56455,10.16156
56476,10.2812
56497,10.31638
56518,10.30935
56539,10.33984
56560,10.35391
56581,10.45713
56602,10.45713
56623,10.53453
56644,10.57441
56665,10.61194
56686,10.65886
56707,10.69874
56728,10.84183
56749,10.86294
56770,10.81837
56791,10.85121
56812,10.92393
56833,10.89812
56854,10.94269
56875,11.05529
56896,11.0764
56917,11.11393
56938,11.06701
56959,10.88405
56980,10.91689
57001,10.75738
57022,10.65417
57043,10.46885
57064,10.52046
57085,10.4149
57106,10.33984
57127,10.23897
57148,10.19206
57169,10.06539
57190,10.09354
57211,10.03724
57232,9.957487
57253,9.936375
57274,9.833163
57295,9.809706
57316,9.821435
57337,9.884768
57358,9.85662
57379,9.779211
57400,9.797977
57421,9.79094
57442,9.713531
57463,9.713531
57484,9.727605
57505,9.751062
57526,9.732296
57547,9.568096
57568,9.551676
57589,9.591553
57610,9.671308
57631,9.568096
57652,9.521181
57673,9.584516
57694,9.715877
57715,9.671308
57736,9.680691
57757,9.607973
57778,9.725259
57799,9.661925
57820,9.718222
57841,9.607973
57862,9.692419
57883,9.708839
57904,9.80736
57925,9.699456
57946,9.699456
57967,9.636122
57988,9.706493
58009,9.697111
58030,9.66427
58051,9.687728
58072,9.666616
58093,9.683037
58114,9.683037
58135,9.699456
58156,9.722914
58177,9.729951
58198,9.844892
58219,9.795631
58240,9.844892
58261,9.800323
58282,9.851928
58303,9.887115
58324,9.753407
58345,9.711185
58366,9.79094
58387,9.781557
58408,9.74637
58429,9.760445
58450,9.776865
58471,9.711185
58492,9.769828
58513,9.793285
58534,9.908226
58555,9.781557
58576,9.729951
58597,9.685382
58618,9.690074
58639,9.680691
58660,9.699456
58681,9.697111
58702,9.668962
58723,9.511798
58744,9.551676
58765,9.474266
58786,9.422661
58807,9.425007
58828,9.235003
58849,9.117716
58870,9.105988
58891,9.117716
58912,9.101295
58933,9.044999
58954,8.873761
58975,8.843266
58996,8.859686
59017,8.831537
59038,8.955861
59059,8.749437
59080,8.716597
59101,8.744746
59122,8.709559
59143,8.700177
59164,8.805735
59185,8.7424
59206,8.784623
59227,8.714252
59248,8.765858
59269,8.805735
59290,8.796351
59311,8.829192
59332,8.908947
59353,8.880798
59374,8.918329
59395,8.880798
59416,8.704868
59437,8.8245
59458,8.648571
59479,8.489061
59500,8.500791
59521,8.514865
59542,8.40227
59563,8.496099
59584,8.442147
59605,8.493753
59626,8.531285
59647,8.486716
59668,8.477333
59689,8.606348
59710,8.599311
59731,8.667336
59752,8.681411
59773,8.782278
59794,8.808081
59815,8.812772
59836,8.852649
59857,8.873761
59878,9.021542
59899,9.141173
59920,9.181051
59941,9.169322
59962,9.143519
59983,9.183396
60004,9.136482
60025,9.155248
60046,9.237348
60067,9.235003
60088,9.155248
60109,9.19278
60130,9.2092
60151,9.251423
60172,9.138828
60193,9.220928
60214,9.272534
60235,9.359325
60256,9.525873
60277,9.607973
60298,9.612664
60319,9.593899
60340,9.589207
60361,9.619701
60382,9.715877
60403,9.767483
60424,9.755754
60445,9.781557
60466,9.694765
60487,9.788594
60508,9.950449
60529,10.02082
60550,9.926992
60571,10.00909
60592,10.03255
60613,10.20613
60634,10.24601
60655,10.117
60676,10.0044
60697,10.14749
60718,10.13576
60739,10.16626
60760,10.18268
60781,10.02317
60802,10.01613
60823,10.09588
60844,10.30465
60865,10.1991
60886,10.07243
60907,9.866002
60928,10.11465
60949,10.29996
60970,10.15218
60991,10.12403
61012,9.957487
61033,10.07008
61054,10.07008
61075,10.14749
61096,10.23428
61117,10.12403
61138,10.18033
61159,10.24836
61180,10.01613
61201,9.938721
61222,9.973906
61243,9.870694
61264,10.05366
61285,10.11465
61306,10.13576
61327,10.20144
61348,10.39614
61369,10.42898
61390,10.63071
61411,10.47589
61432,10.63071
61453,10.7175
61474,10.82541
61495,11.01541
61516,11.11158
61537,11.11862
61558,11.10689
61579,11.09751
61600,11.26875
61621,11.28048
61642,11.43529
61663,11.39073
61684,11.51036
61705,11.4611
61726,11.39776
61747,11.42826
61768,11.43295
61789,11.35319
61810,11.24998
61831,11.20541
61852,11.13035
61873,10.88639
61894,10.82306
61915,10.74096
61936,10.75269
61957,10.62836
61978,10.50873
61999,10.48997
62020,10.33515
62041,10.29762
62062,10.20613
62083,10.26008
62104,10.09354
62125,9.858966
62146,10.15218
62167,9.760445
62188,9.882422
62209,9.80736
62230,9.708839
62251,9.814397
62272,10.08181
62293,9.727605
62314,9.837853
62335,10.13811
62356,9.657233
62377,9.793285
62398,9.950449
62419,9.894152
62440,10.01848
62461,9.821435
62482,10.75503
62503,9.596244
62524,9.835509
62545,9.910572
62566,9.593899
62587,9.720568
62608,9.722914
62629,9.586862
62650,9.661925
62671,9.687728
62692,9.783903
62713,9.640813
62734,9.523527
62755,9.59859
62776,9.776865
62797,9.704147
62818,9.654888
62839,9.610318
62860,9.619701
62881,9.678345
62902,9.676
62923,9.697111
62944,9.539948
62965,9.584516
62986,9.586862
63007,9.497724
63028,9.441426
63049,9.448463
63070,9.471921
63091,9.460192
63112,9.352288
63133,9.420315
63154,9.481303
63175,9.382783
63196,9.382783
63217,9.378092
63238,9.335869
63259,9.312411
63280,9.354634
63301,9.333523
63322,9.328832
63343,9.326486
63364,9.293646
63385,9.213891
63406,9.295992
63427,9.117716
63448,9.110679
63469,9.181051
63490,9.185742
63511,9.13179
63532,9.044999
63553,8.923021
63574,8.873761
63595,8.871415
63616,8.852649
63637,8.972281
63658,8.913638
63679,8.930058
63700,8.920675
63721,8.930058
63742,9.009813
63763,8.866723
63784,8.871415
63805,8.838574
63826,8.892527
63847,8.995738
63868,8.953515
63889,8.969935
63910,8.897219
63931,9.073148
63952,8.939441
63973,8.93475
63994,9.007467
64015,9.04969
64036,9.101295
64057,9.101295
64078,9.188088
64099,9.190434
64120,9.232656
64141,9.223273
64162,9.347597
64183,9.122408
64204,9.094258
64225,9.047344
64246,8.991047
64267,9.03327
64288,8.897219
64309,8.831537
64330,8.927712
64351,9.005121
64372,8.876106
64393,8.775241
64414,8.796351
64435,8.777586
64456,8.838574
64477,8.805735
64498,8.915984
64519,8.948824
64540,8.925366
64561,8.911292
64582,8.981664
64603,9.096604
64624,9.012158
64645,9.129445
64666,9.171668
64687,9.293646
64708,9.314757
64729,9.300683
64750,9.232656
64771,9.13179
64792,9.277225
64813,9.382783
64834,9.361671
64855,9.293646
64876,9.481303
64897,9.483649
64918,9.40624
64939,9.345251
64960,9.281918
64981,9.448463
65002,9.53291
65023,9.415624
65044,9.455501
65065,9.467229
65086,9.523527
65107,9.511798
65128,9.542293
65149,9.579824
65170,9.561059
65191,9.59859
65212,9.676
65233,9.652542
65254,9.636122
65275,9.659579
65296,9.673654
65317,9.483649
65338,9.650196
65359,9.854274
65380,9.948103
65401,9.823779
65422,9.699456
65443,9.833163
65464,9.854274
65485,9.699456
65506,9.765137
65527,9.861312
65548,9.978598
65569,9.762791
65590,10.03959
65611,10.08885
65632,10.07243
65653,10.08181
65674,10.18033
65695,10.13342
65716,10.10996
65737,10.14984
65758,10.14045
65779,10.09588
65800,10.24366
65821,10.21786
65842,10.33749
65863,10.37972
65884,10.21786
65905,10.18971
65926,10.24601
65947,10.17564
65968,10.22255
65989,10.19206
66010,10.15453
66031,10.08885
66052,10.07243
66073,10.02082
66094,9.985635
66115,10.0302
66136,10.12872
66157,10.14045
66178,10.12169
66199,10.07008
66220,10.15453
66241,10.05132
66262,9.997364
66283,9.962177
66304,9.959831
66325,10.07477
66346,10.08885
66367,10.19206
66388,10.04193
66409,10.01378
66430,9.934029
66451,10.05366
66472,10.21083
66493,10.40787
66514,10.37972
66535,10.39614
66556,10.4454
66577,10.40787
66598,10.46651
66619,10.32811
66640,10.307
66661,10.307
66682,10.27416
66703,10.23663
66724,10.21317
66745,10.0865
66766,10.10058
66787,10.01848
66808,10.05601
66829,10.05835
66850,10.0044
66871,10.20848
66892,10.23428
66913,10.28589
66934,10.26478
66955,10.31169
66976,10.35157
66997,10.4149
67018,10.42194
67039,10.4149
67060,10.41256
67081,10.40787
67102,10.35861
67123,10.33515
67144,10.37033
67165,10.40317
67186,10.34688
67207,10.43132
67228,10.42194
67249,10.3328
67270,10.18971
67291,10.23897
67312,10.10058
67333,10.04193
67354,10.03959
67375,9.976252
67396,9.882422
67417,9.80736
67438,9.685382
67459,9.690074
67480,9.708839
67501,9.59859
67522,9.612664
67543,9.736988
67564,9.572787
67585,9.605627
67606,9.680691
67627,9.788594
67648,9.844892
67669,9.769828
67690,9.854274
67711,10.02082
67732,10.02082
67753,10.00675
67774,9.999709
67795,10.08416
67816,9.995018
67837,10.0865
67858,10.08885
67879,10.09354
67900,10.17329
67921,10.14749
67942,10.29527
67963,10.17564
67984,10.1428
68005,10.22255
68026,10.21786
68047,10.22725
68068,10.10058
68089,9.980944
68110,9.948103
68131,9.908226
68152,9.908226
68173,9.772174
68194,9.762791
68215,9.690074
68236,9.645505
68257,9.762791
68278,9.619701
68299,9.572787
68320,9.474266
68341,9.427352
68362,9.525873
68383,9.462538
68404,9.474266
68425,9.734642
68446,9.478958
68467,9.359325
68488,9.530564
68509,9.467229
68530,9.403895
68551,9.511798
68572,9.394512
68593,9.38982
68614,9.450809
68635,9.364017
68656,9.382783
68677,9.396858
68698,9.239694
68719,9.295992
68740,9.216236
68761,9.169322
68782,9.04969
68803,8.991047
68824,9.028579
68845,8.960552
68866,8.974627
68887,9.047344
68908,9.040307
68929,9.124753
68950,9.023888
68971,9.002776
68992,8.95117
69013,9.138828
69034,9.059073
69055,8.941787
69076,9.023888
69097,8.998084
69118,8.925366
69139,8.946478
69160,8.955861
69181,8.784623
69202,8.740054
69223,8.758821
69244,8.862032
69265,8.805735
69286,8.754128
69307,8.880798
69328,8.876106
69349,8.953515
69370,8.833883
69391,8.836229
69412,8.885489
69433,9.026234
69454,8.897219
69475,8.993393
69496,9.002776
69517,9.028579
69538,9.066111
69559,9.108333
69580,9.096604
69601,9.080185
69622,9.185742
69643,9.19278
69664,9.225619
69685,9.265497
69706,9.333523
69727,9.225619
69748,9.117716
69769,9.23031
69790,9.185742
69811,9.054381
69832,9.087222
69853,9.012158
69874,9.059073
69895,8.869069
69916,8.866723
69937,8.981664
69958,8.883143
69979,8.84092
70000,8.944133
70021,9.014504
70042,9.007467
70063,8.969935
70084,8.974627
70105,9.15994
70126,9.094258
70147,9.115371
70168,9.166977
70189,9.298337
70210,9.361671
70231,9.401549
70252,9.382783
70273,9.474266
70294,9.507107
70315,9.596244
70336,9.636122
70357,9.56575
70378,9.589207
70399,9.671308
70420,9.685382
70441,9.685382
70462,9.809706
70483,9.732296
70504,9.680691
70525,9.699456
70546,9.720568
70567,9.624393
70588,9.328832
70609,9.53291
70630,9.56575
70651,9.673654
70672,9.56575
70693,9.59859
70714,9.654888
70735,9.622047
70756,9.61501
70777,9.624393
70798,9.729951
70819,9.727605
70840,9.755754
70861,9.744025
70882,9.713531
70903,9.805015
70924,10.02082
70945,10.01613
70966,10.01613
70987,9.917608
71008,9.908226
71029,10.05132
71050,10.05835
71071,10.0607
71092,10.08885
71113,9.959831
71134,10.00675
71155,10.03255
71176,10.09588
71197,10.1686
71218,10.117
71239,10.01378
71260,9.917608
71281,9.98798
71302,10.23897
71323,10.29996
71344,10.19441
71365,10.11934
71386,10.13342
71407,10.18737
71428,10.31873
71449,10.3633
71470,10.37033
71491,10.38206
71512,10.307
71533,10.35157
71554,10.20379
71575,10.27416
71596,10.24836
71617,10.22725
71638,10.28823
71659,10.25774
71680,10.32811
71701,10.30231
71722,10.32107
71743,10.2812
71764,10.32811
71785,10.39145
71806,10.51811
71827,10.59083
71848,10.49466
71869,10.5533
71890,10.52281
71911,10.56268
71932,10.57676
71953,10.67293
71974,10.60256
71995,10.64713
72016,10.748
72037,10.78318
72058,10.64009
72079,10.6917
72100,10.79022
72121,10.76676
72142,10.75738
72163,10.6096
72184,10.54626
72205,10.64244
72226,10.48997
72247,10.43836
72268,10.40787
72289,10.29527
72310,10.22255
72331,10.23897
72352,10.10996
72373,10.07477
72394,10.11465
72415,10.10527
72436,10.22021
72457,10.04897
72478,10.04428
72499,10.09588
72520,10.25539
72541,10.08181
72562,10.23897
72583,10.21317
72604,10.26947
72625,10.16156
72646,10.20144
72667,10.28589
72688,10.39379
72709,10.41256
72730,10.34219
72751,10.31873
72772,10.25539
72793,10.3633
72814,10.2765
72835,10.24366
72856,10.22725
72877,10.09354
72898,10.09823
72919,10.12169
72940,10.1123
72961,10.02082
72982,10.02317
73003,9.978598
73024,9.849584
73045,9.821435
73066,9.87304
73087,9.887115
73108,9.701802
73129,9.692419
73150,9.640813
73171,9.772174
73192,9.699456
73213,9.626739
73234,9.584516
73255,9.643159
73276,9.676
73297,9.586862
73318,9.539948
73339,9.51649
73360,9.563404
73381,9.556367
73402,9.711185
73423,9.622047
73444,9.636122
73465,9.633776
73486,9.631431
73507,9.680691
73528,9.732296
73549,9.715877
73570,9.657233
73591,9.711185
73612,9.643159
73633,9.739333
73654,9.530564
73675,9.704147
73696,9.645505
73717,9.600936
73738,9.673654
73759,9.556367
73780,9.48834
73801,9.542293
73822,9.467229
73843,9.439081
73864,9.288955
73885,9.27488
73906,9.129445
73927,9.091913
73948,9.068456
73969,9.047344
73990,8.962898
74011,8.955861
74032,8.838574
74053,8.866723
74074,8.810426
74095,8.796351
74116,8.805735
74137,8.690794
74158,8.718943
74179,8.690794
74200,8.768204
74221,8.709559
74242,8.775241
74263,8.812772
74284,8.779932
74305,8.779932
74326,8.8245
74347,8.864378
74368,8.845612
74389,8.885489
74410,8.90191
74431,8.897219
74452,8.838574
74473,8.843266
74494,8.770549
74515,8.953515
74536,8.986356
74557,8.854995
74578,8.700177
74599,8.812772
74620,8.817463
74641,8.763512
74662,8.672029
74683,8.662645
74704,8.688448
74725,8.730671
74746,8.79166
74767,8.756474
74788,8.737708
74809,8.808081
74830,8.655608
74851,8.714252
74872,8.805735
74893,8.920675
74914,8.944133
74935,9.002776
74956,9.225619
74977,9.164631
74998,9.246731
75019,9.206854
75040,9.305374
75061,9.286609
75082,9.436735
75103,9.577478
75124,9.572787
75145,9.535255
75166,9.54933
75187,9.537601
75208,9.685382
75229,9.769828
75250,9.837853
75271,9.600936
75292,9.697111
75313,9.551676
75334,9.624393
75355,9.457847
75376,9.640813
75397,9.858966
75418,9.741679
75439,9.478958
75460,9.631431
75481,9.713531
75502,9.708839
75523,9.767483
75544,9.797977
75565,9.915263
75586,10.06773
75607,10.0044
75628,10.01613
75649,10.00206
75670,10.0607
75691,10.06773
75712,10.12638
75733,10.08885
75754,10.11465
75775,10.06773
75796,10.01613
75817,10.07477
75838,10.07712
75859,9.978598
75880,9.912917
75901,9.880077
75922,9.98329
75943,9.955141
75964,10.09588
75985,10.05366
76006,9.964523
76027,9.941067
76048,9.866002
76069,10.0302
76090,10.0865
76111,9.978598
76132,10.05601
76153,10.03959
76174,10.12169
76195,10.1123
76216,10.16391
76237,10.04428
76258,10.11465
76279,10.12403
76300,10.22725
76321,10.12403
76342,10.27181
76363,10.23194
76384,10.22725
76405,10.34453
76426,10.31169
76447,10.32576
76468,10.29762
76489,10.21083
76510,10.3633
76531,10.38675
76552,10.39145
76573,10.46182
76594,10.45009
76615,10.43836
76636,10.47589
76657,10.47355
76678,10.50169
76699,10.52515
76720,10.62367
76741,10.61194
76762,10.52984
76783,10.51577
76804,10.61194
76825,10.68701
76846,10.77614
76867,10.9943
76888,10.88874
76909,10.78553
76930,10.77145
76951,10.74565
76972,10.69639
76993,10.71516
77014,10.64009
77035,10.57441
77056,10.49935
77077,10.46182
77098,10.47824
77119,10.52046
77140,10.43836
77161,10.34922
77182,10.42663
77203,10.46885
77224,10.45947
77245,10.42429
77266,10.46416
77287,10.52515
77308,10.50639
77329,10.61898
77350,10.68935
77371,10.62602
77392,10.60491
77413,10.68232
77434,10.54392
77455,10.64713
77476,10.76442
77497,10.76676
77518,10.75503
77539,10.79256
77560,10.69639
77581,10.65417
77602,10.60256
77623,10.497
77644,10.48997
77665,10.48293
77686,10.40317
77707,10.35861
77728,10.24601
77749,10.18737
77770,10.08181
77791,10.09354
77812,10.03255
77833,10.01613
77854,9.903535
77875,9.952795
77896,10.01378
77917,9.868348
77938,9.847238
77959,9.781557
77980,9.657233
78001,9.523527
78022,9.596244
78043,9.551676
78064,9.563404
78085,9.392166
78106,9.518835
78127,9.24204
78148,9.256114
78169,9.385129
78190,9.338214
78211,9.25846
78232,9.169322
78253,9.636122
78274,9.007467
78295,8.979319
78316,9.392166
78337,9.005121
78358,9.134136
78379,9.005121
78400,9.199817
78421,9.19278
78442,9.166977
78463,9.066111
78484,9.251423
78505,9.305374
78526,9.2092
78547,9.152903
78568,9.145865
78589,9.113025
78610,9.176359
78631,9.070802
78652,9.021542
78673,9.09895
78694,8.883143
78715,8.819809
78736,8.873761
78757,8.768204
78778,8.763512
78799,8.758821
78820,8.737708
78841,8.779932
78862,8.777586
78883,8.798697
78904,8.737708
78925,8.679066
78946,8.761166
78967,8.6603
78988,8.704868
79009,8.740054
79030,8.772895
79051,8.803389
79072,8.779932
79093,8.747091
79114,8.845612
79135,8.784623
79156,8.833883
79177,8.869069
79198,8.779932
79219,8.866723
79240,8.953515
79261,8.967589
79282,8.812772
79303,8.681411
79324,8.604002
79345,8.559433
79366,8.552396
79387,8.587582
79408,8.559433
79429,8.599311
79450,8.526593
79471,8.510174
79492,8.428073
79513,8.362392
79534,8.489061
79555,8.592274
79576,8.460913
79597,8.46795
79618,8.531285
79639,8.728326
79660,8.838574
79681,8.817463
79702,8.918329
79723,8.930058
79744,8.960552
79765,9.023888
79786,9.30772
79807,9.457847
79828,9.542293
79849,9.410933
79870,9.467229
79891,9.504761
79912,9.727605
79933,9.828471
79954,9.877731
79975,9.924646
79996,9.812052
80017,9.765137
80038,9.861312
80059,9.908226
80080,9.955141
80101,9.847238
80122,9.812052
80143,9.704147
80164,9.722914
80185,10.04897
80206,10.11465
80227,10.06773
80248,10.0044
80269,9.973906
80290,9.995018
80311,10.02551
80332,10.0302
80353,9.950449
80374,10.03255
80395,9.894152
80416,10.02082
80437,10.13811
80458,10.14749
80479,10.1686
80500,10.08181
80521,9.941067
80542,10.05835
80563,10.20144
80584,10.18268
80605,10.03255
80626,9.840199
80647,9.971561
80668,10.04897
80689,10.1991
80710,10.18971
80731,10.15218
80752,10.10058
80773,10.05835
80794,10.10761
80815,10.14984
80836,10.22725
80857,10.26243
80878,10.33046
80899,10.17329
80920,10.22255
80941,10.22725
80962,10.10058
80983,10.09588
81004,10.07008
81025,10.04897
81046,10.22725
81067,10.16626
81088,10.1686
81109,10.14514
81130,10.117
81151,10.22021
81172,10.11465
81193,10.23428
81214,10.39614
81235,10.31873
81256,10.44305
81277,10.40787
81298,10.42429
81319,10.42663
81340,10.53688
81361,10.64713
81382,10.7175
81403,10.62133
81424,10.59318
81445,10.55096
81466,10.70343
81487,10.84652
81508,10.85121
81529,10.95442
81550,10.91454
81571,10.92862
81592,10.82306
81613,10.82071
81634,10.82541
81655,10.70577
81676,10.59787
81697,10.48528
81718,10.87467
81739,11.24529
81760,10.13107
81781,10.36095
81802,10.43367
81823,9.903535
81844,10.33515
81865,10.05835
81886,10.28354
81907,9.992672
81928,10.13576
81949,10.13107
81970,10.14045
81991,10.15218
82012,10.18971
82033,10.12872
82054,10.10761
82075,10.10527
82096,10.12872
82117,10.1123
82138,10.13342
82159,10.0865
82180,10.07712
82201,10.0607
82222,10.0302
82243,10.03255
82264,10.1123
82285,10.10527
82306,9.978598
82327,10.00909
82348,10.01848
82369,9.826125
82390,9.896498
82411,9.812052
82432,9.877731
82453,9.842546
82474,9.835509
82495,9.788594
82516,9.779211
82537,9.87304
82558,9.835509
82579,9.842546
82600,9.945757
82621,9.966869
82642,10.07946
82663,10.07008
82684,10.0044
82705,10.00909
82726,9.875386
82747,9.901189
82768,9.962177
82789,9.751062
82810,9.809706
82831,9.98798
82852,9.898843
82873,9.851928
82894,9.842546
82915,9.910572
82936,9.783903
82957,9.600936
82978,9.671308
82999,9.624393
83020,9.629085
83041,9.652542
83062,9.744025
83083,9.464884
83104,9.342906
83125,9.654888
83146,9.570441
83167,9.345251
83188,9.528218
83209,9.375746
83230,9.342906
83251,9.476612
83272,9.385129
83293,9.267843
83314,9.232656
83335,9.136482
83356,9.244386
83377,9.178705
83398,9.073148
83419,8.873761
83440,8.859686
83461,8.770549
83482,8.716597
83503,8.789314
83524,8.812772
83545,8.836229
83566,8.8245
83587,8.695485
83608,8.728326
83629,8.79166
83650,8.744746
83671,8.721289
83692,8.681411
83713,8.709559
83734,8.664991
83755,8.763512
83776,8.845612
83797,8.803389
83818,8.754128
83839,8.859686
83860,8.885489
83881,8.937096
83902,8.852649
83923,8.880798
83944,8.815118
83965,8.937096
83986,8.948824
84007,9.019196
84028,8.95117
84049,8.847958
84070,8.904256
84091,8.782278
84112,8.667336
84133,8.733017
84154,8.730671
84175,8.721289
84196,8.803389
84217,8.801044
84238,8.674374
84259,8.585237
84280,8.477333
84301,8.737708
84322,8.864378
84343,8.869069
84364,8.650917
84385,8.721289
84406,8.920675
84427,8.955861
84448,8.953515
84469,8.991047
84490,9.047344
84511,9.178705
84532,9.211545
84553,9.164631
84574,9.070802
84595,9.035616
84616,9.037962
84637,9.080185
84658,9.223273
84679,9.528218
84700,9.554022
84721,9.277225
84742,9.237348
84763,9.293646
84784,9.54933
84805,9.507107
84826,9.542293
84847,9.643159
84868,9.624393
84889,9.603281
84910,9.685382
84931,9.586862
84952,9.683037
84973,9.926992
84994,9.962177
85015,10.00206
85036,9.990326
85057,10.01848
85078,10.1428
85099,10.10292
85120,10.12638
85141,10.2249
85162,10.19675
85183,10.1428
85204,10.1428
85225,10.2249
85246,10.32107
85267,10.29527
85288,10.27416
85309,10.40552
85330,10.48762
85351,10.39379
85372,10.25539
85393,10.35391
85414,10.26947
85435,10.47589
85456,10.41725
85477,10.35391
85498,10.31169
85519,10.39145
85540,10.46416
85561,10.33984
85582,10.39614
85603,10.33984
85624,10.37503
85645,10.41256
85666,10.40083
85687,10.26008
85708,10.37268
85729,10.26243
85750,10.31873
85771,10.20379
85792,10.2507
85813,10.33515
85834,10.19675
85855,10.08416
85876,9.948103
85897,9.941067
85918,10.16156
85939,9.973906
85960,10.04662
85981,9.910572
86002,9.901189
86023,9.903535
86044,9.915263
86065,10.01378
86086,10.0302
86107,9.915263
86128,9.957487
86149,9.952795
86170,10.0607
86191,10.05835
86212,10.00206
86233,10.12169
86254,10.04428
86275,10.19441
86296,10.18033
86317,10.16626
86338,10.19675
86359,10.37737
86380,10.32107
86401,10.24601
86422,10.28823
86443,10.38441
86464,10.26478
86485,10.26947
86506,10.26712
86527,10.40787
86548,10.30465
86569,10.28589
86590,10.30935
86611,10.30935
86632,10.36799
86653,10.34688
86674,10.32342
86695,10.34922
86716,10.32576
86737,10.37737
86758,10.39614
86779,10.40787
86800,10.46416
86821,10.48058
86842,10.46651
86863,10.53219
86884,10.52046
86905,10.64713
86926,10.61664
86947,10.52984
86968,10.56268
86989,10.62133
87010,10.62133
87031,10.72454
87052,10.52984
87073,10.62602
87094,10.50639
87115,10.53688
87136,10.54157
87157,10.34453
87178,10.40317
87199,10.33749
87220,10.33515
87241,10.15687
87262,10.08885
87283,10.26008
87304,10.04897
87325,10.10527
87346,10.12872
87367,10.21083
87388,10.18502
87409,10.37033
87430,10.42898
87451,10.53453
87472,10.37033
87493,10.43132
87514,10.48528
87535,10.56268
87556,10.69639
87577,10.53219
87598,10.55565
87619,10.61898
87640,10.70812
87661,10.71046
87682,10.72219
87703,10.76911
87724,10.61664
87745,10.58849
87766,10.23663
87787,10.20848
87808,10.13342
87829,9.926992
87850,9.779211
87871,9.624393
87892,9.525873
87913,9.436735
87934,9.162285
87955,9.352288
87976,8.890181
87997,9.101295
88018,9.178705
88039,8.948824
88060,8.7424
88081,8.857341
88102,8.794006
88123,8.819809
88144,8.878452
88165,8.777586
88186,8.707214
88207,8.625113
88228,8.779932
88249,8.700177
88270,8.72598
88291,8.711905
88312,8.662645
88333,8.744746
88354,8.507828
88375,8.723634
88396,8.69314
88417,8.700177
88438,8.620422
88459,8.641534
88480,8.688448
88501,8.700177
88522,8.672029
88543,8.728326
88564,8.688448
88585,8.770549
88606,8.681411
88627,8.648571
88648,8.716597
88669,8.786969
88690,8.779932
88711,8.79166
88732,8.761166
88753,8.733017
88774,8.829192
88795,8.808081
88816,8.763512
88837,8.786969
88858,8.765858
88879,8.775241
88900,8.873761
88921,8.801044
88942,8.709559
88963,8.826846
88984,8.937096
89005,8.84092
89026,8.62746
89047,8.84092
89068,8.833883
89089,8.862032
89110,8.747091
89131,8.747091
89152,8.843266
89173,8.836229
89194,8.79166
89215,8.915984
89236,8.965244
89257,8.962898
89278,8.876106
89299,8.981664
89320,9.021542
89341,9.127099
89362,9.206854
89383,9.195126
89404,9.15994
89425,9.281918
89446,9.432044
89467,9.478958
89488,9.453156
89509,9.281918
89530,9.579824
89551,9.814397
89572,9.934029
89593,9.736988
89614,9.805015
89635,10.11934
89656,10.2507
89677,10.03724
89698,10.09588
89719,10.22725
89740,10.14749
89761,10.0865
89782,9.973906
89803,10.21317
89824,10.09119
89845,10.09588
89866,10.06539
89887,10.16391
89908,10.13811
89929,10.04897
89950,10.07477
89971,10.10761
89992,10.17798
90013,10.06539
90034,10.13342
90055,10.26478
90076,10.18502
90097,10.10058
90118,10.16156
90139,10.34219
90160,10.2765
90181,10.34688
90202,10.39145
90223,10.3891
90244,10.51108
90265,10.4712
90286,10.3891
90307,10.31169
90328,10.32342
90349,10.43132
90370,10.36564
90391,10.40787
90412,10.37972
90433,10.22255
90454,10.36799
90475,10.33749
90496,10.29292
90517,10.21552
90538,10.23663
90559,10.18268
90580,10.18033
90601,10.24601
90622,10.21786
90643,10.35157
90664,10.3328
90685,10.37503
90706,10.36564
90727,10.26947
90748,10.29292
90769,10.23897
90790,10.44774
90811,10.39379
90832,10.49231
90853,10.51811
90874,10.52515
90895,10.62367
90916,10.60022
90937,10.50873
90958,10.51342
90979,10.61429
91000,10.62367
91021,10.63775
91042,10.75972
91063,10.69404
91084,10.78318
91105,10.72923
91126,10.71985
91147,10.79726
91168,10.84417
91189,10.77849
91210,10.80195
91231,10.80429
91252,10.76442
91273,10.73861
91294,10.73861
91315,10.74096
91336,10.75034
91357,10.71281
91378,10.6917
91399,10.62367
91420,10.64947
91441,10.56034
91462,10.49231
91483,10.41959
91504,10.36564
91525,10.35391
91546,10.37737
91567,10.28354
91588,10.23194
91609,10.10292
91630,10.12872
91651,10.15218
91672,10.15218
91693,10.04193
91714,10.03959
91735,9.990326
91756,9.98798
91777,10.05835
91798,10.10761
91819,10.04428
91840,9.997364
91861,9.98329
91882,10.01144
91903,10.18971
91924,10.07008
91945,10.01848
91966,10.0044
91987,10.09119
92008,10.20613
92029,10.02786
92050,10.18502
92071,10.02786
92092,9.978598
92113,10.13342
92134,10.00909
92155,9.98329
92176,10.06773
92197,10.06539
92218,9.999709
92239,9.908226
92260,10.02551
92281,10.06773
92302,10.0302
92323,9.962177
92344,9.945757
92365,9.868348
92386,9.889461
92407,9.788594
92428,9.772174
92449,9.786248
92470,9.668962
92491,9.622047
92512,9.725259
92533,9.570441
92554,9.699456
92575,9.554022
92596,9.455501
92617,9.453156
92638,9.603281
92659,9.396858
92680,9.434389
92701,9.453156
92722,9.295992
92743,9.24204
92764,9.321795
92785,9.366363
92806,9.270188
92827,9.286609
