8847,10.20613
8868,10.25539
8889,10.25774
8910,10.2507
8931,10.25305
8952,10.26947
8973,10.31638
8994,10.24366
9015,10.26712
9036,10.27885
9057,10.22959
9078,10.27885
9099,10.22255
9120,10.24836
9141,10.26947
9162,10.26712
9183,10.24836
9204,10.08181
9225,10.15687
9246,10.04193
9267,10.10527
9288,10.07008
9309,9.896498
9330,9.861312
9351,9.858966
9372,9.955141
9393,9.788594
9414,9.851928
9435,9.713531
9456,9.875386
9477,9.912917
9498,9.765137
9519,9.884768
9540,9.992672
9561,10.01378
9582,10.05132
9603,10.05132
9624,9.964523
9645,10.02317
9666,10.02786
9687,10.02317
9708,10.03255
9729,10.07243
9750,10.15687
9771,10.05835
9792,9.964523
9813,10.117
9834,10.15453
9855,9.926992
9876,9.9223
9897,10.14514
9918,9.934029
9939,9.708839
9960,9.79094
9981,9.779211
10002,9.732296
10023,9.593899
10044,9.657233
10065,9.551676
10086,9.563404
10107,9.507107
10128,9.502416
10149,9.38982
10170,9.41797
10191,9.432044
10212,9.408587
10233,9.434389
10254,9.443772
10275,9.349943
10296,9.338214
10317,9.354634
10338,9.495378
10359,9.523527
10380,9.364017
10401,9.544639
10422,9.523527
10443,9.554022
10464,9.403895
10485,9.462538
10506,9.521181
10527,9.511798
10548,9.600936
10569,9.619701
10590,9.511798
10611,9.460192
10632,9.542293
10653,9.572787
10674,9.485995
10695,9.415624
10716,9.577478
10737,9.530564
10758,9.450809
10779,9.453156
10800,9.591553
10821,9.58217
10842,9.504761
10863,9.410933
10884,9.535255
10905,9.563404
10926,9.54933
10947,9.485995
10968,9.53291
10989,9.511798
11010,9.378092
11031,9.631431
11052,9.66427
11073,9.453156
11094,9.366363
11115,9.422661
11136,9.385129
11157,9.427352
11178,9.321795
11199,9.319448
11220,9.331178
11241,9.328832
11262,9.335869
11283,9.387475
11304,9.319448
11325,9.253768
11346,9.295992
11367,9.30772
11388,9.314757
11409,9.335869
11430,9.321795
11451,9.328832
11472,9.27488
11493,9.195126
11514,9.875386
11535,10.0044
11557,9.169322
11578,9.204508
11599,9.422661
11620,9.392166
11641,9.53291
11662,9.41797
11683,9.457847
11704,9.544639
11725,9.366363
11746,9.394512
11767,9.462538
11788,9.420315
11809,9.352288
11830,9.25846
11851,9.342906
11872,9.392166
11893,9.326486
11914,9.41797
11935,9.300683
11956,9.25846
11977,9.352288
11998,9.314757
12019,9.380438
12040,9.338214
12061,9.462538
12082,9.471921
12103,9.469575
12124,9.354634
12145,9.35698
12166,9.387475
12187,9.392166
12208,9.34056
12229,9.335869
12250,9.359325
12271,9.410933
12292,9.40624
12313,9.429698
12334,9.427352
12355,9.432044
12376,9.319448
12397,9.319448
12418,9.453156
12439,9.48834
12460,9.342906
12481,9.183396
12502,9.117716
12523,9.23031
12544,9.199817
12565,9.136482
12586,9.08253
12607,9.150557
12628,9.171668
12649,9.08253
12670,9.136482
12691,9.120062
12712,9.054381
12733,9.178705
12754,9.166977
12775,9.223273
12796,9.24204
12817,9.225619
12838,9.246731
12859,9.2913
12880,9.35698
12901,9.385129
12922,9.392166
12943,9.521181
12964,9.457847
12985,9.493032
13006,9.530564
13027,9.64785
13048,9.685382
13069,9.575133
13090,9.699456
13111,9.514144
13132,9.657233
13153,9.793285
13174,9.734642
13195,9.701802
13216,9.626739
13237,9.812052
13258,9.926992
13279,9.938721
13300,9.699456
13321,9.793285
13342,10.46885
13363,9.676
13384,10.08885
13405,10.18502
13426,10.15922
13447,10.27181
13468,10.22725
13489,10.21317
13510,10.36095
13531,10.43601
13552,10.35626
13573,10.40787
13594,10.44071
13615,10.3891
13636,10.4712
13657,10.58145
13678,10.53453
13699,10.43367
13720,10.37737
13741,10.43601
13762,10.38206
13783,10.34453
13804,10.41725
13825,10.37503
13846,10.22959
13867,10.20613
13888,10.2507
13909,10.21786
13930,10.16156
13951,10.0607
13972,9.936375
13993,9.887115
14014,9.943413
14035,10.05132
14056,10.07712
14077,10.06773
14098,10.09354
14119,10.07477
14140,9.957487
14161,10.117
14182,9.976252
14203,9.999709
14224,10.05132
14246,10.21317
14267,10.15453
14288,10.15922
14309,10.07008
14330,9.980944
14351,9.948103
14372,9.98798
14393,10.16391
14414,10.0865
14435,10.15218
14456,10.0865
14477,10.05601
14498,10.05601
14519,10.15453
14540,10.1991
14561,10.29996
14582,10.28589
14603,10.20144
14624,10.23194
14645,10.1991
14666,10.30465
14687,10.26947
14708,10.37972
14729,10.43132
14750,10.39848
14771,10.26478
14792,10.4712
14813,10.36799
14834,10.45478
14855,10.41256
14876,10.46182
14897,10.47824
14918,10.37737
14939,10.35391
14960,10.28823
14981,10.18033
15002,10.14514
15023,10.09588
15044,10.05132
15065,9.931683
15086,9.929338
15107,9.847238
15128,9.861312
15149,9.809706
15170,9.788594
15191,9.814397
15212,9.837853
15233,9.767483
15254,9.80736
15275,9.79094
15296,9.912917
15317,9.997364
15338,9.936375
15359,10.03489
15380,9.98798
15401,10.01848
15422,10.05601
15443,10.0865
15464,10.06305
15485,10.08181
15506,10.18737
15527,10.22255
15548,10.23428
15569,10.17329
15590,10.27885
15611,10.33046
15632,10.23428
15653,10.24366
15674,10.19441
15695,10.307
15716,10.11465
15737,10.24366
15758,10.22255
15779,10.01848
15800,10.07243
15821,10.14984
15842,10.10527
15863,9.908226
15884,10.09823
15905,10.1123
15926,10.02082
15947,9.917608
15968,10.07946
15989,10.11465
16010,9.997364
16031,10.04428
16052,10.09588
16073,10.19206
16094,10.18502
16115,9.826125
16136,9.833163
16157,9.997364
16178,9.783903
16199,9.457847
16220,9.429698
16241,9.523527
16262,9.453156
16283,9.34056
16304,9.324141
16325,9.232656
16346,9.176359
16367,9.040307
16388,9.235003
16409,9.08253
16430,8.878452
16451,8.90191
16472,9.129445
16493,9.15994
16514,8.998084
16535,8.937096
16556,9.08253
16577,9.094258
16598,9.03327
16619,9.115371
16640,9.152903
16661,9.136482
16682,9.181051
16703,9.113025
16724,9.063765
16745,9.028579
16766,9.037962
16787,8.939441
16808,8.991047
16829,8.939441
16850,8.95117
16871,9.075493
16892,9.002776
16913,9.056727
16934,9.120062
16955,8.918329
16976,8.979319
16997,9.066111
17018,9.068456
17039,8.944133
17060,9.028579
17081,8.965244
17102,8.892527
17123,8.815118
17144,8.913638
17165,8.915984
17186,8.948824
17207,8.991047
17228,8.808081
17249,9.312411
17270,9.537601
17291,9.181051
17312,9.366363
17333,9.145865
17354,9.293646
17375,9.718222
17396,9.220928
17417,8.932404
17438,9.211545
17459,9.063765
17480,9.087222
17501,9.047344
17522,8.892527
17543,8.84092
17564,8.913638
17585,8.969935
17606,9.021542
17627,9.040307
17648,9.023888
17669,9.178705
17690,9.164631
17711,9.127099
17732,9.174014
17753,9.152903
17774,9.232656
17795,9.2913
17816,9.2092
17837,9.246731
17858,9.199817
17879,9.157594
17900,9.272534
17921,9.152903
17942,9.204508
17963,9.199817
17984,9.19278
18005,9.246731
18026,9.270188
18047,9.265497
18068,9.305374
18089,9.401549
18110,9.281918
18131,9.218582
18152,9.103642
18173,9.03327
18194,8.915984
18215,8.854995
18236,8.765858
18257,8.646226
18278,8.540668
18299,8.552396
18320,8.573507
18341,8.528939
18362,8.589928
18383,8.552396
18404,8.531285
18425,8.557088
18446,8.758821
18467,8.817463
18488,8.761166
18509,8.899564
18530,9.066111
18551,9.023888
18572,8.948824
18593,9.190434
18614,9.24204
18635,9.073148
18656,9.169322
18677,9.27488
18698,9.375746
18719,9.19278
18740,9.319448
18761,9.471921
18782,9.366363
18803,9.497724
18824,9.469575
18845,9.523527
18866,9.455501
18887,9.464884
18908,9.471921
18929,9.387475
18950,9.312411
18971,9.38982
18992,9.392166
19013,9.352288
19034,9.314757
19055,9.279572
19076,9.270188
19097,9.446118
19118,9.295992
19139,9.265497
19160,9.354634
19181,9.408587
19202,9.326486
19223,9.392166
19244,9.448463
19265,9.50007
19286,9.53291
19307,9.51649
19328,9.586862
19349,9.570441
19370,9.537601
19391,9.420315
19412,9.605627
19433,9.713531
19454,9.685382
19475,9.485995
19496,9.511798
19517,9.50007
19538,9.551676
19559,9.612664
19580,9.617355
19602,9.521181
19624,9.448463
19645,9.575133
19666,9.64785
19687,9.572787
19708,9.493032
19729,9.575133
19750,9.708839
19771,9.741679
19792,9.809706
19813,9.66427
19834,9.687728
19855,9.680691
19876,9.762791
19897,9.819089
19918,9.751062
19939,9.629085
19960,9.558713
19981,9.66427
20002,9.797977
20023,9.732296
20044,9.694765
20065,9.732296
20086,9.812052
20107,9.795631
20128,9.866002
20149,9.812052
20170,9.847238
20191,9.903535
20212,9.952795
20233,9.985635
20254,9.995018
20275,9.854274
20296,9.809706
20317,9.945757
20338,9.926992
20359,10.07243
20380,9.915263
20401,10.00206
20422,10.00909
20443,10.0607
20464,10.14045
20485,10.20613
20506,10.29292
20527,10.26243
20548,10.32107
20569,10.26947
20590,10.32576
20611,10.26712
20632,10.1991
20653,9.866002
20674,10.117
20695,9.912917
20716,9.863657
20737,9.77452
20758,9.715877
20779,9.706493
20800,9.765137
20821,9.788594
20842,9.729951
20863,9.769828
20884,9.882422
20905,9.9223
20926,10.08416
20947,10.04897
20968,10.0865
20989,10.09119
21010,10.1428
21031,10.08181
21052,10.07477
21073,10.10058
21094,10.11934
21115,10.19441
21136,10.0607
21157,10.20144
21178,10.21552
21199,10.24836
21220,10.28589
21241,10.31873
21262,10.29996
21283,10.26008
21304,10.24366
21325,10.26243
21346,10.07712
21367,9.995018
21388,9.861312
21409,9.744025
21430,9.814397
21451,9.502416
21472,9.525873
21493,9.511798
21514,9.427352
21535,9.563404
21556,9.396858
21577,9.48834
21598,9.563404
21619,9.657233
21640,9.568096
21661,9.622047
21682,9.821435
21703,9.779211
21724,9.772174
21745,9.877731
21766,9.844892
21787,9.950449
21808,10.05132
21829,10.117
21850,10.06773
21871,10.13342
21892,10.22959
21913,10.15453
21934,10.13811
21955,10.15218
21976,10.03255
21997,10.02786
22018,10.05132
22039,9.957487
22060,9.74637
22081,9.692419
22102,9.819089
22123,9.666616
22144,9.767483
22165,9.694765
22186,9.643159
22207,9.610318
22228,9.455501
22249,9.382783
22270,9.349943
22291,9.333523
22312,9.143519
22333,9.263151
22354,9.195126
22375,9.101295
22396,9.101295
22417,9.326486
22438,9.23031
22459,9.253768
22480,9.2092
22501,9.265497
22522,9.300683
22543,9.256114
22564,9.392166
22585,9.338214
22606,9.127099
22627,9.23031
22648,9.401549
22669,9.380438
22690,9.152903
22711,9.270188
22732,9.467229
22753,9.317103
22774,9.239694
22795,9.403895
22816,9.425007
22837,9.251423
22858,9.345251
22879,9.450809
22900,9.349943
22921,9.202163
22942,9.27488
22963,9.382783
22984,9.476612
23005,9.483649
23026,9.35698
23047,9.387475
23068,9.364017
23089,7.764232
23110,9.265497
23131,9.523527
23152,9.354634
23173,9.157594
23194,9.166977
23215,9.195126
23236,9.141173
23257,9.25846
23278,9.113025
23299,9.075493
23320,9.122408
23341,9.110679
23362,9.030925
23383,9.056727
23404,9.070802
23425,9.021542
23446,8.937096
23467,8.995738
23488,9.023888
23509,8.871415
23530,8.953515
23551,8.998084
23572,8.979319
23593,8.946478
23614,9.040307
23635,9.105988
23656,9.174014
23677,9.347597
23698,8.887836
23719,9.314757
23740,9.227965
23761,9.162285
23782,9.19278
23803,9.028579
23824,9.073148
23845,9.080185
23866,8.894873
23887,8.784623
23908,8.786969
23929,8.69314
23950,8.714252
23971,8.763512
23992,8.735363
24013,8.805735
24034,8.866723
24055,8.878452
24076,8.925366
24097,8.948824
24118,8.946478
24139,8.948824
24160,9.01685
24181,9.056727
24202,9.068456
24223,9.052036
24244,9.005121
24265,9.117716
24286,9.155248
24307,9.059073
24328,9.09895
24349,9.164631
24370,9.155248
24391,9.202163
24412,9.225619
24433,9.25846
24454,9.211545
24475,9.218582
24496,9.162285
24517,9.218582
24538,9.026234
24559,8.958207
24580,8.84092
24601,8.932404
24622,8.786969
24643,8.754128
24664,8.812772
24685,8.749437
24706,8.592274
24727,8.613385
24748,8.667336
24769,8.784623
24790,8.751783
24811,8.768204
24832,8.864378
24853,8.958207
24874,9.068456
24895,9.244386
24916,9.216236
24937,9.213891
24958,9.310066
24979,9.525873
25000,9.722914
25021,9.668962
25042,9.509453
25063,9.521181
25084,9.762791
25105,9.694765
25126,9.58217
25147,9.537601
25168,9.561059
25189,9.612664
25210,9.455501
25231,9.558713
25252,9.471921
25273,9.413278
25294,9.617355
25315,9.61501
25336,9.530564
25357,9.345251
25378,9.436735
25399,9.50007
25420,9.530564
25441,9.396858
25462,9.471921
25483,9.511798
25504,9.48834
25525,9.471921
25546,9.528218
25567,9.483649
25588,9.605627
25609,9.77452
25630,9.722914
25651,9.694765
25672,9.694765
25693,9.880077
25714,9.9223
25735,10.04193
25756,9.917608
25777,10.06539
25798,10.10058
25819,10.01144
25840,9.875386
25861,10.0044
25882,10.13576
25903,10.0865
25924,9.919954
25945,9.971561
25966,10.08416
25987,10.17095
26008,10.05366
26029,10.04897
26050,10.07712
26071,10.16626
26092,10.10527
26113,10.10996
26134,10.12403
26155,10.18737
26176,10.31404
26197,10.33515
26218,10.15687
26239,10.06539
26260,10.10996
26281,10.11465
26302,10.05132
26323,10.03489
26344,9.990326
26365,9.945757
26386,9.903535
26407,9.891806
26428,9.931683
26449,9.985635
26470,10.04193
26491,9.950449
26512,10.04662
26533,9.971561
26554,10.02551
26575,10.0865
26596,10.1991
26617,10.21786
26638,10.13342
26659,10.21317
26680,10.20379
26701,10.29762
26722,10.31169
26743,10.39145
26764,10.36095
26785,10.47824
26806,10.44305
26827,10.54157
26848,10.60256
26869,10.67528
26890,10.61664
26911,10.64713
26932,10.64009
26953,10.52984
26974,10.46651
26995,10.34219
27016,10.1991
27037,10.24366
27058,10.05132
27079,9.969215
27100,10.21083
27121,9.973906
27142,9.964523
27163,10.00206
27184,9.941067
27205,9.995018
27226,10.07946
27247,10.09119
27268,10.02786
27289,10.10058
27310,10.1991
27331,10.17798
27352,10.27885
27373,10.28354
27394,10.24601
27415,10.31873
27436,10.29996
27457,10.34922
27478,10.26243
27499,10.29996
27520,10.32107
27541,10.2249
27562,10.18268
27583,10.17095
27604,10.08181
27625,10.01144
27646,10.03255
27667,9.891806
27688,9.896498
27709,9.713531
27730,9.727605
27751,9.586862
27772,9.622047
27793,9.600936
27814,9.720568
27835,9.54933
27856,9.514144
27877,9.600936
27898,9.736988
27919,9.657233
27940,9.570441
27961,9.711185
27982,9.755754
28003,9.704147
28024,9.772174
28045,9.849584
28066,9.760445
28087,9.767483
28108,9.828471
28129,9.744025
28150,9.732296
28171,9.718222
28192,9.720568
28213,9.622047
28234,9.847238
28255,9.732296
28276,9.577478
28297,9.556367
28318,9.593899
28339,9.563404
28360,9.546985
28381,9.483649
28402,9.385129
28423,9.317103
28444,9.263151
28465,9.413278
28486,9.338214
28507,9.272534
28528,9.328832
28549,9.324141
28570,9.2913
28591,9.321795
28612,9.429698
28633,9.345251
28654,9.382783
28675,9.373401
28696,9.27488
28717,9.176359
28738,9.354634
28759,9.371055
28780,9.237348
28801,9.310066
28822,9.392166
28843,9.453156
28864,9.474266
28885,9.427352
28906,9.439081
28927,9.34056
28948,9.413278
28969,9.34056
28990,9.354634
29011,9.246731
29032,9.089567
29053,9.288955
29074,9.267843
29095,9.044999
29116,9.13179
29137,9.213891
29158,9.300683
29179,9.166977
29200,9.143519
29221,9.249077
29242,9.251423
29263,9.176359
29284,9.385129
29305,9.30772
29326,9.263151
29347,9.284263
29368,9.342906
29389,9.331178
29410,9.279572
29431,9.244386
29452,9.227965
29473,9.174014
29494,9.23031
29515,9.223273
29536,9.077839
29557,9.162285
29578,8.972281
29599,8.993393
29620,8.976973
29641,8.925366
29662,9.044999
29683,9.04969
29704,8.991047
29725,9.040307
29746,9.061419
29767,9.070802
29788,9.021542
29809,8.897219
29830,8.878452
29851,8.852649
29872,8.937096
29893,8.932404
29914,8.871415
29935,8.803389
29956,8.789314
29977,8.908947
29998,8.812772
30019,8.843266
30040,8.913638
30061,9.00043
30082,8.98401
30103,9.012158
30124,8.965244
30145,9.09895
30166,9.012158
30187,8.93475
30208,8.810426
30229,8.890181
30250,8.765858
30271,9.035616
30292,8.930058
30313,8.873761
30334,8.690794
30357,8.833883
30380,8.735363
30401,8.831537
30422,8.894873
30443,8.803389
30464,8.854995
30485,9.063765
30506,9.145865
30527,9.199817
30548,9.338214
30569,9.476612
30590,9.596244
30611,9.652542
30632,9.77452
30653,9.908226
30674,9.919954
30695,9.868348
30716,9.842546
30737,9.969215
30758,10.04428
30779,9.950449
30800,9.976252
30821,9.793285
30842,9.90588
30863,9.762791
30884,9.654888
30905,9.645505
30926,9.539948
30947,9.633776
30968,9.509453
30989,9.319448
31010,9.392166
31031,9.474266
31052,9.51649
31073,9.457847
31094,9.333523
31115,9.324141
31136,9.575133
31157,9.493032
31178,9.392166
31200,9.448463
31221,9.460192
31242,9.619701
31263,9.453156
31284,9.563404
31305,9.439081
31326,9.514144
31347,9.462538
31368,9.54933
31389,9.685382
31410,9.544639
31431,9.525873
31452,9.469575
31473,9.544639
31494,9.661925
31515,9.683037
31536,9.619701
31557,9.56575
31578,9.708839
31599,9.584516
31620,9.687728
31641,9.645505
31662,9.797977
31683,9.812052
31704,9.762791
31725,9.837853
31746,9.929338
31767,10.0302
31788,10.00206
31809,9.924646
31830,9.980944
31851,10.12403
31872,10.22021
31893,10.23194
31914,10.2507
31935,10.13342
31956,10.08416
31977,10.09119
31998,10.00675
32019,10.01848
32040,9.924646
32061,9.992672
32082,10.07946
32103,10.10058
32124,10.05601
32145,10.19441
32166,10.17329
32187,10.27181
32208,10.22255
32229,10.27181
32250,10.35626
32271,10.29292
32292,10.23897
32313,10.32107
32334,10.24836
32355,10.33749
32376,10.3891
32397,10.34688
32418,10.35391
32439,10.41959
32460,10.43132
32481,10.55799
32502,10.41725
32523,10.62602
32544,10.69404
32565,10.45244
32586,10.45009
32607,10.4149
32628,10.39379
32649,10.39614
32670,10.30231
32691,10.16156
32712,10.09354
32733,10.04662
32754,9.931683
32775,9.98329
32796,9.80736
32817,9.919954
32838,9.854274
32859,9.793285
32880,9.821435
32901,9.915263
32922,9.966869
32943,10.04193
32964,10.16626
32985,10.13811
33006,10.08181
33027,10.09588
33048,10.04428
33069,10.0044
33090,10.07243
33111,10.13107
33132,10.08181
33153,10.12638
33174,10.07712
33195,10.14749
33216,10.14514
33237,10.13107
33258,10.18502
33279,10.14984
33300,10.09823
33321,9.997364
33342,10.02317
33363,10.01613
33384,9.952795
33405,9.797977
33426,9.79094
33447,9.793285
33468,9.776865
33489,9.77452
33510,9.788594
33531,9.819089
33552,9.788594
33573,9.694765
33594,9.833163
33615,9.87304
33636,9.926992
33657,9.866002
33678,10.02082
33699,10.02082
33720,9.973906
33741,10.13811
33762,10.13576
33783,10.09119
33804,10.10761
33825,10.23897
33846,10.20379
33867,10.117
33888,10.34219
33909,10.23663
33930,10.12403
33951,10.25305
33972,10.30231
33993,10.16626
34014,10.0607
34035,10.06539
34056,10.12872
34077,9.9223
34098,9.74637
34119,9.816743
34140,9.765137
34161,9.563404
34182,9.399203
34203,9.502416
34224,9.413278
34245,9.279572
34266,9.640813
34287,9.204508
34308,9.399203
34329,9.169322
34350,9.091913
34371,9.375746
34392,9.394512
34413,9.220928
34434,9.450809
34455,9.429698
34476,9.326486
34497,9.359325
34518,9.504761
34539,9.568096
34560,9.427352
34581,9.53291
34602,9.561059
34623,9.556367
34644,9.563404
34665,9.537601
34686,9.539948
34707,9.511798
34728,9.485995
34749,9.610318
34770,9.617355
34791,9.422661
34812,9.439081
34833,9.495378
34854,9.415624
34875,9.277225
34896,9.35698
34917,9.378092
34938,9.403895
34959,9.38982
34980,9.408587
35001,9.342906
35022,9.310066
35043,9.251423
35064,9.295992
35085,9.645505
35106,9.476612
35127,9.27488
35148,9.211545
35169,9.347597
35190,9.432044
35211,9.244386
35232,9.295992
35253,9.253768
35274,9.152903
35295,9.197471
35316,9.312411
35337,9.295992
35358,9.27488
35379,9.190434
35400,9.270188
35421,9.249077
35442,9.324141
35463,9.260805
35484,9.232656
35505,9.246731
35526,9.305374
35547,9.364017
35568,9.378092
35589,9.206854
35610,9.232656
35631,9.281918
35652,9.331178
35673,9.38982
35694,9.408587
35715,9.399203
35736,9.446118
35757,9.464884
35778,9.399203
35799,9.410933
35820,9.38982
35841,9.396858
35862,9.427352
35883,9.403895
35904,9.298337
35925,9.227965
35946,9.298337
35967,9.256114
35988,9.115371
36009,9.054381
36030,9.127099
36051,9.145865
36072,9.09895
36093,9.105988
36114,9.183396
36135,9.00043
36156,9.162285
36177,9.181051
36198,9.190434
36219,9.2092
36240,9.227965
36261,9.216236
36282,9.183396
36303,9.2913
36324,9.237348
36345,9.138828
36366,9.09895
36387,9.279572
36408,9.38982
36429,9.272534
36450,9.218582
36471,9.237348
36492,9.174014
36513,9.108333
36534,9.176359
36555,9.145865
36576,9.035616
36597,8.911292
36618,8.913638
36639,8.768204
36660,8.733017
36681,8.772895
36702,8.829192
36723,8.79166
36744,8.948824
36765,9.030925
36786,8.892527
36807,8.965244
36828,9.134136
36849,9.094258
36870,9.202163
36891,9.335869
36912,9.455501
36933,9.50007
36954,9.469575
36975,9.509453
36996,9.704147
37017,9.631431
37038,9.629085
37059,9.570441
37080,9.659579
37101,9.821435
37122,9.708839
37143,9.586862
37164,9.697111
37185,9.9223
37206,10.1123
37227,10.0607
37248,10.05835
37269,10.19441
37290,10.13107
37311,10.26712
37332,10.24601
37353,10.35626
37374,10.37503
37395,10.29996
37416,10.31638
37437,10.28354
37458,10.37972
37479,10.497
37500,10.48293
37521,10.31169
37542,10.30465
37563,10.43367
37584,10.57676
37605,10.49466
37626,10.12872
37647,10.33984
37668,10.41021
37689,10.3328
37710,10.23663
37731,10.15453
37752,10.08885
37773,10.16391
37794,10.32811
37815,10.37033
37836,10.23663
37857,10.14984
37878,10.20144
37899,10.10058
37920,10.16156
37941,10.24132
37962,10.28589
37983,10.32576
38004,10.33749
38025,10.24601
38046,10.50404
38067,10.24836
38088,10.34688
38109,10.34922
38130,10.34922
38151,10.497
38172,10.47824
38193,10.49466
38214,10.50639
38235,10.45713
38256,10.39848
38277,10.3328
38298,10.44071
38319,10.46182
38340,10.43367
38361,10.4712
38382,10.34922
38403,10.26712
38424,10.36095
38445,10.35391
38466,10.3633
38487,10.2765
38508,10.29058
38529,10.28589
38550,10.27885
38571,10.23663
38592,10.22959
38613,10.32342
38634,10.27416
38655,10.33749
38676,10.35626
38697,10.34219
38718,10.28823
38739,10.34453
38760,10.34688
38781,10.30935
38802,10.32811
38823,10.36799
38844,10.31169
38865,10.38675
38886,10.307
38907,10.3328
38928,10.30231
38949,10.20379
38970,10.18971
38991,10.17329
39012,10.20848
39033,10.18971
39054,10.11934
39075,10.21317
39096,10.04662
39117,10.01848
39138,10.12169
39159,10.04662
39180,9.966869
39201,10.00909
39222,9.962177
39243,9.934029
39264,9.912917
39285,9.912917
39306,9.9223
39327,9.919954
39348,9.950449
39369,9.903535
39390,9.903535
39411,9.948103
39432,9.976252
39453,9.889461
39474,9.896498
39495,9.971561
39516,9.945757
39537,9.924646
39558,9.950449
39579,9.917608
39600,9.877731
39621,9.877731
39642,9.889461
39663,10.00206
39684,9.866002
39705,9.887115
39726,9.896498
39747,9.919954
39768,9.849584
39789,9.955141
39810,9.840199
39831,9.751062
39852,9.793285
39873,9.816743
39894,9.80736
39915,9.725259
39936,9.866002
39957,9.79094
39978,9.706493
39999,9.870694
40020,9.995018
40041,10.09354
40062,10.07243
40083,9.880077
40104,9.929338
40125,9.87304
40146,9.842546
40167,9.912917
40188,9.903535
40209,9.861312
40230,10.05132
40251,9.995018
40272,9.783903
40293,9.849584
40314,9.889461
40335,9.821435
40356,9.819089
40377,9.830817
40398,9.85662
40419,9.833163
40440,9.718222
40461,9.678345
40482,9.619701
40503,9.497724
40524,9.570441
40545,9.668962
40566,9.603281
40587,9.622047
40608,9.612664
40629,9.568096
40650,9.483649
40671,9.462538
40692,9.523527
40713,9.563404
40734,9.544639
40755,9.589207
40776,9.556367
40797,9.54933
40818,9.493032
40839,9.464884
40860,9.654888
40881,9.563404
40902,9.436735
40923,9.481303
40944,9.495378
40965,9.476612
40986,9.481303
41007,9.439081
41028,9.394512
41049,9.40624
41070,9.354634
41091,9.371055
41112,9.476612
41133,9.396858
41154,9.300683
41175,9.249077
41196,9.239694
41217,9.300683
41238,9.298337
41259,9.178705
41280,9.249077
41301,9.2913
41322,9.225619
41343,9.293646
41364,9.2913
41385,9.342906
41406,9.281918
41427,9.342906
41448,9.267843
41469,9.312411
41490,9.324141
41511,9.263151
41532,9.223273
41553,9.263151
41574,9.267843
41595,9.235003
41616,9.19278
41637,9.127099
41658,9.084876
41679,9.089567
41700,9.122408
41721,9.063765
41742,9.103642
41763,9.171668
41784,9.174014
41805,9.089567
41826,9.171668
41847,9.174014
41868,9.197471
41889,9.260805
41910,9.152903
41931,9.181051
41952,9.164631
41973,9.260805
41994,9.260805
42015,9.260805
42036,9.181051
42057,9.251423
42078,9.347597
42099,9.281918
42120,9.239694
42141,9.197471
42162,9.141173
42183,9.284263
42204,9.256114
42225,9.284263
42246,9.244386
42267,9.108333
42288,9.190434
42309,9.256114
42330,9.136482
42351,9.117716
42372,9.094258
42393,9.047344
42414,9.080185
42435,9.143519
42456,9.195126
42477,9.223273
42498,9.115371
42519,9.227965
42540,9.305374
42561,9.265497
42582,9.216236
42603,9.303029
42624,9.439081
42645,9.35698
42666,9.399203
42687,9.657233
42708,9.521181
42729,9.502416
42750,9.575133
42771,9.657233
42792,9.596244
42813,9.692419
42834,9.708839
42855,9.828471
42876,9.760445
42897,9.739333
42918,9.765137
42939,9.823779
42960,9.887115
42981,9.870694
43002,9.692419
43023,9.61501
43044,9.706493
43065,9.751062
43086,9.802669
43107,9.591553
43128,9.673654
43149,9.816743
43170,9.929338
43191,9.875386
43212,9.814397
43233,9.844892
43254,10.00675
43275,10.04193
43296,9.931683
43317,9.847238
43338,9.969215
43359,10.03959
43380,9.971561
43401,10.09823
43422,10.00206
43443,10.09823
43464,10.06773
43485,10.09119
43506,10.06539
43527,9.964523
43548,10.03255
43569,10.02786
43590,10.13811
43611,9.948103
43632,10.03724
43653,10.08416
43674,10.04428
43695,10.06539
43716,10.05601
43737,10.15922
43758,10.12403
43779,10.17798
43800,10.04193
43821,10.17329
43842,10.20848
43863,10.13811
43884,10.12638
43905,10.14749
43926,10.08885
43947,10.14749
43968,10.22255
43989,10.26478
44010,9.980944
44031,10.57676
44052,9.837853
44073,9.962177
44094,10.16391
44115,10.2507
44136,10.13811
44157,9.976252
44178,10.03255
44199,10.13811
44220,9.98798
44241,9.9223
44262,10.01378
44283,10.0302
44304,10.07477
44325,10.04897
44346,10.03489
44367,10.07243
44388,10.03724
44409,10.08885
44430,10.09823
44451,10.14749
44472,10.02786
44493,10.10527
44514,10.12403
44535,10.16156
44556,10.11934
44577,10.16391
44598,10.14514
44619,10.24366
44640,10.14984
44661,10.22725
44682,10.21083
44703,10.23897
44724,10.15218
44745,10.13576
44766,10.14045
44787,10.12872
44808,10.15218
44829,10.0865
44850,10.13107
44871,10.08181
44892,10.09354
44913,10.1123
44934,10.03724
44955,10.18268
44976,10.10761
44997,10.18502
45018,10.20144
45039,10.12638
45060,10.1428
45081,10.2249
45102,10.17095
45123,10.24132
45144,10.27885
45165,10.27885
45186,10.33515
45207,10.47355
45228,10.42194
45249,10.48762
45270,10.38675
45291,10.34922
45312,10.38675
45333,10.48762
45354,10.41021
45375,10.41021
45396,10.46416
45417,10.35861
45438,10.32576
45459,10.29292
45480,10.24836
45501,10.27885
45522,10.24132
45543,10.26712
45564,10.25539
45585,10.22725
45606,10.30465
45627,10.23897
45648,10.03255
45669,10.10761
45690,10.31404
45711,10.22021
45732,10.21317
45753,10.33515
45774,10.307
45795,10.2812
45816,10.27885
45837,10.29996
45858,10.36095
45879,10.42663
45900,10.28823
45921,10.19206
45942,10.21786
45963,10.26243
45984,10.30465
46005,10.42663
46026,10.35157
46047,10.32342
46068,10.28823
46089,10.2765
46110,10.35391
46131,10.15218
46152,10.14749
46173,10.12872
46194,9.579824
46215,10.26712
46236,10.01613
46257,9.90588
46278,9.783903
46299,9.685382
46320,9.650196
46341,9.518835
46362,9.502416
46383,9.629085
46404,9.485995
46425,9.378092
46446,9.41797
46467,9.443772
46488,9.295992
46509,9.211545
46530,9.270188
46551,9.303029
46572,9.288955
46593,9.260805
46614,9.220928
46635,9.216236
46656,9.279572
46677,9.279572
46698,9.385129
46719,9.403895
46740,9.432044
46761,9.380438
46782,9.396858
46803,9.288955
46824,9.35698
46845,9.408587
46866,9.279572
46887,9.272534
46908,9.277225
46929,9.244386
46950,9.19278
46971,9.115371
46992,9.324141
47013,9.286609
47034,9.171668
47055,9.035616
47076,9.263151
47097,9.249077
47118,9.190434
47139,9.181051
47160,9.284263
47181,9.265497
47202,9.298337
47223,9.223273
47244,9.303029
47265,9.150557
47286,9.105988
47307,9.256114
47328,9.317103
47349,9.220928
47370,9.216236
47391,9.25846
47412,9.326486
47433,9.204508
47454,9.2913
47475,9.277225
47496,9.380438
47517,9.361671
47538,9.354634
47559,9.335869
47580,9.349943
47601,9.364017
47622,9.338214
47643,9.403895
47664,9.331178
47685,9.345251
47706,9.495378
47727,9.450809
47748,9.537601
47769,9.429698
47790,9.612664
47811,9.56575
47832,9.556367
47853,9.546985
47874,9.53291
47895,9.427352
47916,9.439081
47937,9.439081
47958,9.638468
47979,9.535255
48000,9.53291
48021,9.469575
48042,9.546985
48063,9.471921
48084,9.509453
48105,9.427352
48126,9.457847
48147,9.469575
48168,9.469575
48189,9.523527
48210,9.432044
48231,9.408587
48252,9.509453
48273,9.410933
48294,9.399203
48315,9.509453
48336,9.511798
48357,9.432044
48378,9.455501
48399,9.50007
48420,9.56575
48441,9.41797
48462,9.446118
48483,9.556367
48504,9.469575
48525,9.41797
48546,9.345251
48567,9.408587
48588,9.410933
48609,9.335869
48630,9.490686
48651,9.293646
48672,9.364017
48693,9.303029
48714,9.352288
48735,9.422661
48756,9.25846
48777,9.188088
48798,9.272534
48819,9.392166
48840,9.408587
48861,9.239694
48882,9.27488
48903,9.425007
48924,9.382783
48945,9.371055
48966,9.303029
48987,9.382783
49008,9.361671
49029,9.371055
49050,9.342906
49071,9.373401
49092,9.476612
49113,9.385129
49134,9.415624
49155,9.476612
49176,9.51649
49197,9.575133
49218,9.589207
49239,9.561059
49260,9.619701
49281,9.736988
49302,9.718222
49323,9.720568
49344,9.783903
49365,9.854274
49386,9.844892
49407,9.828471
49428,9.793285
49449,9.776865
49470,9.87304
49491,9.884768
49512,9.971561
49533,10.0044
49554,10.01848
49575,10.13811
49596,10.09823
49617,10.14045
49638,10.14749
49659,10.22255
49680,10.14984
49701,10.18502
49722,10.24601
49743,10.23897
49764,10.25774
49785,10.17095
49806,10.21786
49827,10.20848
49848,10.37972
49869,10.29058
49890,10.32811
49911,10.2765
49932,10.26947
49953,10.35391
49974,10.33515
49995,10.3328
50016,10.53688
50037,10.48997
50058,10.37033
50079,10.38441
50100,10.49231
50121,10.46651
50142,10.39145
50163,10.45009
50184,10.44305
50205,10.42663
50226,10.41959
50247,10.37268
50268,10.33046
50289,10.35157
50310,10.4712
50331,10.46182
50352,10.32576
50373,10.34922
50394,10.3891
50415,10.44071
50436,10.29527
50457,10.31638
50478,10.26712
50499,10.24601
50520,10.30935
50541,10.24366
50562,10.24132
50583,10.27416
50604,10.27416
50625,10.31169
50646,10.28354
50667,10.24601
50688,10.2765
50709,10.2249
50730,10.14749
50751,10.21786
50772,10.23428
50793,10.22725
50814,10.19441
50835,10.20613
50856,10.2249
50877,10.22959
50898,10.22255
50919,10.17798
50940,10.18737
50961,10.18971
50982,10.2765
51003,10.29058
51024,10.32342
51045,10.33046
51066,10.22021
51087,10.24601
51108,10.24366
51129,10.22255
51150,10.28823
51171,10.35861
51192,10.32576
51213,10.33984
51234,10.35157
51255,10.30231
51276,10.29996
51297,10.23897
51318,10.24836
51339,10.26243
51360,10.31638
51381,10.27416
51402,10.37033
51423,10.32107
51444,10.26243
51465,10.30231
51486,10.41959
51507,10.40552
51528,10.26478
51549,10.27416
51570,10.35626
51591,10.20848
51612,10.29292
51633,10.25539
51654,10.23663
51675,10.29527
51696,10.31169
51717,10.29762
51738,10.2765
51759,10.28589
51780,10.17564
51801,10.16156
51822,10.26243
51843,10.26712
51867,10.15687
51892,10.03959
51913,10.12169
51934,10.11934
51955,9.997364
51976,9.999709
51997,10.15922
52018,10.01144
52039,10.06305
52060,10.1123
52081,10.05601
52102,10.19206
52123,10.02317
52144,9.985635
52165,10.05132
52186,9.990326
52207,9.936375
52228,9.840199
52249,9.748716
52270,9.732296
52291,9.711185
52312,9.636122
52333,9.579824
52354,9.518835
52375,9.554022
52396,9.38982
52417,9.443772
52438,9.561059
52459,9.471921
52480,9.432044
52501,9.483649
52522,9.511798
52543,9.446118
52564,9.432044
52585,9.40624
52606,9.469575
52627,9.521181
52648,9.584516
52669,9.671308
52690,9.539948
52711,9.518835
52732,9.631431
52753,9.685382
52774,9.546985
52795,9.490686
52816,9.633776
52837,9.676
52858,9.58217
52879,9.427352
52900,9.66427
52921,9.697111
52942,9.413278
52963,9.495378
52984,9.535255
53005,9.546985
53026,9.485995
53047,9.441426
53068,9.378092
53089,9.342906
53110,9.324141
53131,9.41797
53152,9.324141
53173,9.25846
53194,9.120062
53215,9.239694
53236,9.342906
53257,9.347597
53278,9.277225
53299,9.366363
53320,9.288955
53341,9.298337
53362,9.359325
53383,9.312411
53404,9.267843
53425,9.220928
53446,9.279572
53467,9.450809
53488,9.51649
53509,9.373401
53531,9.2092
53552,9.204508
53573,9.354634
53594,9.34056
53615,9.286609
53636,9.284263
53657,9.324141
53678,9.387475
53699,9.380438
53720,9.410933
53741,9.371055
53762,9.270188
53783,9.293646
53804,9.422661
53825,9.368709
53846,9.434389
53867,9.396858
53888,9.359325
53909,9.305374
53930,9.48834
53951,9.2913
53972,9.41797
53993,9.375746
54014,9.434389
54035,9.54933
54056,9.537601
54077,9.483649
54098,9.364017
54119,9.396858
54140,9.523527
54161,9.507107
54182,9.502416
54203,9.420315
54224,9.434389
54245,9.450809
54266,9.50007
54287,9.474266
54308,9.429698
54329,9.373401
54350,9.382783
54371,9.607973
54392,9.399203
54413,9.462538
54434,9.396858
54455,9.338214
54476,9.347597
54497,9.425007
54518,9.448463
54539,9.403895
54560,9.387475
54581,9.364017
54602,9.371055
54623,9.394512
54644,9.469575
54665,9.408587
54686,9.382783
54707,9.422661
54728,9.460192
54749,9.502416
54770,9.408587
54791,9.446118
54812,9.50007
54833,9.474266
54854,9.413278
54875,9.443772
54896,9.380438
54917,9.429698
54938,9.525873
54959,9.575133
54980,9.425007
55001,9.511798
55022,9.652542
55043,9.596244
55064,9.600936
55085,9.497724
55106,9.61501
55127,9.680691
55148,9.704147
55169,9.56575
55190,9.622047
55211,9.612664
55232,9.59859
55253,9.694765
55274,9.671308
55295,9.687728
55316,9.683037
55337,9.56575
55358,9.699456
55379,9.776865
55400,9.814397
55421,9.833163
55442,9.668962
55463,9.661925
55484,9.772174
55505,9.847238
55526,9.870694
55547,9.934029
55568,9.870694
55589,9.744025
55610,9.734642
55631,10.0044
55652,10.07243
55673,10.09588
55694,9.969215
55715,9.919954
55736,10.07477
55757,10.26947
55778,10.1991
55799,10.12403
55820,10.14749
55841,10.18737
55862,10.20144
55883,10.29996
55904,10.24601
55925,10.37737
55946,10.307
55967,10.27181
55988,10.33046
56009,10.37503
56030,10.33984
56051,10.22255
56072,10.24601
56093,10.31404
56114,10.41959
56135,10.37033
56156,10.26243
56177,10.22255
56198,10.32811
56219,10.39145
56240,10.32342
56261,10.31169
56282,10.26947
56303,10.23897
56324,10.25774
56345,10.13342
56366,10.20613
56387,10.17095
56408,10.12169
56429,10.04662
56450,10.11934
56471,10.22725
56492,10.20613
56513,10.1686
56534,10.10761
56555,10.05601
56576,10.17095
56597,10.10761
56618,10.2507
56639,10.21786
56660,10.16626
56681,10.18268
56702,10.13107
56723,10.0607
56744,10.0865
56765,10.09119
56786,10.0865
56807,10.0865
56828,10.11465
56849,10.19441
56870,10.09588
56891,10.02082
56912,10.04193
56933,10.05132
56954,10.08885
56975,10.14514
56996,10.08181
57017,10.13811
57038,10.04662
57059,10.08181
57080,10.19206
57101,10.24132
57122,10.2249
57143,10.19675
57164,10.10292
57185,10.16156
57206,10.2507
57227,10.2765
57248,10.25305
57269,10.21786
57290,10.19206
57311,10.14984
57332,10.14045
57353,10.22021
57374,10.36799
57395,10.36799
57416,10.35391
57437,10.307
57458,10.3328
57479,10.26947
57500,10.24601
57521,10.27416
57542,10.32576
57563,10.26243
57584,10.26712
57605,10.307
57626,10.26947
57647,10.26008
57668,10.18268
57689,10.22021
57710,10.26243
57731,10.24601
57752,10.23897
57773,10.31169
57794,10.31638
57815,10.24132
57836,10.25774
57857,10.25305
57878,10.1991
57899,10.18502
57920,10.25305
57941,10.23663
57962,10.22959
57983,10.20144
58004,10.24366
58025,10.09823
58046,10.13576
58067,10.18737
58088,10.14514
58109,10.0865
58130,10.117
58151,10.10761
58172,10.08181
58193,10.05601
58214,10.01144
58235,9.950449
58256,9.90588
58277,9.891806
58298,9.910572
58319,9.844892
58340,9.945757
58361,9.833163
58382,9.910572
58403,9.950449
58424,9.837853
58445,9.931683
58466,9.896498
58487,9.713531
58508,9.80736
58529,9.912917
58550,9.903535
58571,9.819089
58592,9.936375
58613,9.870694
58634,9.863657
58655,9.816743
58676,9.713531
58697,9.781557
58718,9.666616
58739,9.610318
58760,9.668962
58781,9.66427
58802,9.661925
58823,9.591553
58844,9.626739
58865,9.572787
58886,9.53291
58907,9.441426
58928,9.558713
58949,9.575133
58970,9.568096
58991,9.514144
59012,9.607973
59033,9.563404
59054,9.563404
59075,9.572787
59096,9.610318
59117,9.744025
59138,9.844892
59159,9.830817
59180,9.830817
59201,9.722914
59222,9.612664
59243,9.715877
59264,9.692419
59285,9.683037
59306,9.622047
59327,9.622047
59348,9.643159
59369,9.673654
59390,9.678345
59411,9.727605
59432,9.697111
59453,9.525873
59474,9.464884
59495,9.603281
59516,9.706493
59537,9.589207
59558,9.483649
59579,9.485995
59600,9.589207
59621,9.546985
59642,9.464884
59663,9.457847
59684,9.659579
59705,9.570441
59726,9.483649
59747,9.469575
59768,9.502416
59789,9.448463
59810,9.347597
59831,9.474266
59852,9.434389
59873,9.474266
59894,9.528218
59915,9.352288
59936,9.455501
59957,9.35698
59978,9.387475
59999,9.366363
60020,9.328832
60041,9.387475
60062,9.288955
60083,9.260805
60104,9.359325
60125,9.335869
60146,9.305374
60167,9.342906
60188,9.321795
60209,9.41797
60230,9.335869
60251,9.30772
60272,9.279572
60293,9.251423
60314,9.298337
60335,9.305374
60356,9.366363
60377,9.364017
60398,9.378092
60419,9.34056
60440,9.310066
60461,9.359325
60482,9.469575
60503,9.324141
60524,9.364017
60545,9.399203
60566,9.443772
60587,9.380438
60608,9.352288
60629,9.293646
60650,9.399203
60671,9.314757
60692,9.368709
60713,9.453156
60734,9.288955
60755,9.2913
60776,9.373401
60797,9.361671
60818,9.361671
60839,9.281918
60861,9.295992
60882,9.253768
60903,9.364017
60924,9.328832
60945,9.27488
60966,9.27488
60987,9.314757
61008,9.265497
61029,9.227965
61050,9.41797
61071,9.432044
61092,9.366363
61113,9.2913
61134,9.284263
61155,9.375746
61176,9.317103
61197,9.385129
61218,9.40624
61239,9.378092
61260,9.497724
61281,9.443772
61302,9.399203
61323,9.328832
61344,9.546985
61365,9.605627
61386,9.471921
61407,9.61501
61428,9.685382
61449,9.626739
61470,9.629085
61491,9.736988
61512,9.659579
61533,9.589207
61554,9.490686
61575,9.66427
61596,9.694765
61617,9.568096
61638,9.401549
61659,9.509453
61680,9.687728
61701,9.596244
61722,9.474266
61743,9.48834
61764,9.410933
61785,9.622047
61806,9.591553
61827,9.596244
61848,9.626739
61869,9.668962
61890,9.713531
61911,9.739333
61932,9.7581
61953,9.842546
61974,9.863657
61995,9.868348
62016,9.814397
62037,9.90588
62058,9.995018
62079,10.07946
62100,9.917608
62121,9.894152
62142,9.992672
62163,10.0607
62184,9.985635
62205,9.903535
62226,9.9223
62247,9.90588
62268,9.884768
62289,9.969215
62310,10.09354
62331,10.16626
62352,10.0865
62373,10.06773
62394,9.964523
62415,10.09588
62436,10.18971
62457,10.45478
62478,10.1686
62499,10.04897
62520,10.07946
62541,10.2765
62562,10.35861
62583,10.31404
62604,10.26712
62625,10.13576
62646,10.2507
62667,10.29762
62688,10.24601
62709,10.19441
62730,10.1428
62751,10.15218
62772,10.24366
62793,10.18502
62814,10.22959
62835,10.23428
62856,10.18033
62877,10.24836
62898,10.21786
62919,10.32576
62940,10.25539
62961,10.22959
62982,10.36095
63003,10.38206
63024,10.29762
63045,10.33749
63066,10.2812
63087,10.32811
63108,10.37033
63129,10.3328
63150,10.4149
63171,10.38441
63192,10.37503
63213,10.26008
63234,10.38441
63255,10.37503
63276,10.38675
63297,10.32811
63318,10.31169
63339,10.28823
63360,10.40552
63381,10.50873
63402,10.55799
63423,10.53219
63444,10.61429
63465,10.33984
63486,10.41959
63507,10.38675
63528,10.35157
63549,10.39614
63570,10.5838
63591,10.56738
63612,10.57207
63633,10.35626
63654,10.46885
63675,10.4454
63696,10.4712
63717,10.44071
63738,10.48997
63759,10.50639
63780,10.38206
63801,10.43836
63822,10.38675
63843,10.32811
63864,10.41021
63885,10.41021
63906,10.41021
63927,10.28823
63948,10.29762
63969,10.307
63990,10.18971
64011,10.30465
64032,10.24601
64053,10.32811
64074,10.25539
64095,10.29996
64116,10.21552
64137,10.10996
64158,10.26712
64179,10.14514
64200,10.02551
64221,10.19441
64242,10.18033
64263,10.17564
64284,10.16391
64305,10.22021
64326,10.15453
64347,10.14514
64368,10.34922
64389,10.31638
64410,10.21552
64431,10.24366
64452,10.10058
64473,10.18033
64494,10.20613
64515,10.01613
64536,9.898843
64557,9.858966
64578,9.929338
64599,9.814397
64620,10.15922
64641,10.15218
64662,10.14045
64683,9.978598
64704,9.786248
64725,9.739333
64746,9.600936
64767,9.64785
64788,9.783903
64809,9.617355
64830,9.729951
64851,9.964523
64872,9.765137
64893,9.525873
64914,9.464884
64935,9.755754
64956,9.568096
64977,9.589207
64998,9.352288
65019,9.429698
65040,9.593899
65061,9.629085
65082,9.605627
65103,9.483649
65124,9.544639
65145,9.697111
65166,9.408587
65187,9.514144
65208,9.568096
65229,9.591553
65250,9.636122
65271,9.481303
65292,9.448463
65313,9.413278
65334,9.35698
65355,9.38982
65376,9.394512
65397,9.469575
65418,9.50007
65439,9.401549
65460,9.286609
65481,9.223273
65502,9.284263
65523,9.312411
65544,9.211545
65565,9.265497
65586,9.197471
65607,9.244386
65628,9.263151
65649,9.13179
65670,9.218582
65691,9.19278
65712,9.068456
65733,9.122408
65754,9.162285
65775,9.101295
65796,9.073148
65817,9.056727
65838,9.040307
65859,9.127099
65880,9.01685
65901,9.070802
65922,8.986356
65943,9.087222
65964,9.068456
65985,9.04969
66006,9.101295
66027,9.047344
66048,9.007467
66069,9.108333
66090,9.066111
66111,9.021542
66132,9.019196
66153,9.084876
66174,9.162285
66195,9.199817
66216,9.087222
66237,9.028579
66258,9.120062
66279,9.2913
66300,9.239694
66321,9.190434
66342,9.178705
66363,9.272534
66384,9.295992
66405,9.288955
66426,9.249077
66447,9.181051
66468,9.314757
66489,9.333523
66510,9.281918
66531,9.188088
66552,9.314757
66573,9.364017
66594,9.342906
66615,9.349943
66636,9.317103
66657,9.408587
66678,9.380438
66699,9.523527
66720,9.366363
66741,9.2913
66762,9.387475
66783,9.476612
66804,9.56575
66825,9.476612
66846,9.382783
66867,9.364017
66888,9.392166
66909,9.66427
66930,9.607973
66951,9.54933
66972,9.633776
66993,9.844892
67014,9.748716
67035,9.579824
67056,9.654888
67077,9.781557
67098,9.722914
67119,9.603281
67140,9.575133
67161,9.685382
67182,9.66427
67203,9.521181
67224,9.485995
67245,9.551676
67266,9.66427
67287,9.51649
67308,9.502416
67329,9.382783
67350,9.347597
67371,9.570441
67392,9.652542
67413,9.619701
67434,9.50007
67455,9.474266
67476,9.523527
67497,9.556367
67518,9.563404
67539,9.727605
67560,9.788594
67581,9.837853
67602,9.868348
67623,9.74637
67644,9.805015
67665,9.891806
67686,9.866002
67707,10.03724
67728,9.901189
67749,10.01848
67770,10.1428
67791,10.22725
67812,10.17564
67833,10.11465
67854,10.1428
67875,10.32576
67896,10.22725
67917,10.26008
67938,10.41256
67959,10.32342
67980,10.3633
68001,10.43836
68022,10.59083
68043,10.63775
68064,10.51342
68085,10.51342
68106,10.48058
68127,10.60256
68148,10.64713
68169,10.6096
68190,10.61194
68211,10.59787
68232,10.62836
68253,10.61898
68274,10.68232
68295,10.61429
68316,10.63775
68337,10.5838
68358,10.58849
68379,10.53923
68400,10.66824
68421,10.63775
68442,10.63775
68463,10.61898
68484,10.58145
68505,10.63071
68526,10.61898
68547,10.64713
68568,10.65651
68589,10.70343
68610,10.67059
68631,10.69404
68652,10.68466
68673,10.68232
68694,10.75972
68715,10.6917
68736,10.65651
68757,10.74096
68778,10.6659
68799,10.57207
68820,10.75034
68841,10.63306
68862,10.65886
68883,10.63071
68904,10.57676
68925,10.48528
68946,10.49935
68967,10.43836
68988,10.40787
69009,10.40083
69030,10.28589
69051,10.29996
69072,10.43836
69093,10.46416
69114,10.32811
69135,10.30935
69156,10.16626
69177,10.33515
69198,10.36095
69219,10.22255
69240,10.1428
69261,10.23428
69282,10.25774
69303,10.16626
69324,10.19441
69345,10.22959
69366,10.17564
69387,10.09119
69408,10.08181
69429,9.98329
69450,10.12872
69471,10.05835
69492,9.992672
69513,9.877731
69534,9.875386
69555,9.816743
69576,9.858966
69597,9.830817
69618,9.736988
69639,9.683037
69660,9.748716
69681,9.697111
69702,9.600936
69723,9.657233
69744,9.800323
69765,9.64785
69786,9.64785
69807,9.652542
69828,9.713531
69849,9.61501
69870,9.673654
69891,9.734642
69912,9.687728
69933,9.61501
69954,9.654888
69975,9.680691
69996,9.697111
70017,9.74637
70038,9.708839
70059,9.640813
70080,9.74637
70101,9.795631
70122,9.690074
70143,9.704147
70164,9.722914
70185,9.797977
70206,9.736988
70227,9.666616
70248,9.711185
70269,9.79094
70290,9.734642
70311,9.631431
70332,9.676
70353,9.711185
70374,9.685382
70395,9.755754
70416,9.732296
70437,9.650196
70458,9.673654
70479,9.748716
70500,9.844892
70521,9.765137
70542,9.741679
70563,9.783903
70584,9.734642
70605,9.666616
70626,9.704147
70647,9.765137
70668,9.751062
70689,9.676
70710,9.654888
70731,9.626739
70752,9.610318
70773,9.544639
70794,9.54933
70815,9.518835
70836,9.481303
70857,9.422661
70878,9.368709
70899,9.385129
70920,9.359325
70941,9.359325
70962,9.338214
70983,9.331178
71004,9.260805
71025,9.324141
71046,9.204508
71067,9.244386
71088,9.324141
71109,9.211545
71130,9.34056
71151,9.371055
71172,9.281918
71193,9.171668
71214,9.2913
71235,9.286609
71256,9.178705
71277,9.25846
71298,9.19278
71319,9.148211
71340,9.204508
71361,9.070802
71382,9.063765
71403,9.070802
71424,9.115371
71445,8.976973
71466,9.096604
71487,9.068456
71508,9.117716
71529,9.176359
71550,9.197471
71571,9.178705
71592,9.2092
71613,9.105988
71634,9.190434
71655,9.13179
71676,9.220928
71697,9.235003
71718,9.281918
71739,9.202163
71760,9.23031
71781,9.324141
71802,9.420315
71823,9.338214
71844,9.237348
71865,9.35698
71886,9.478958
71907,9.504761
71928,9.457847
71949,9.333523
71970,9.288955
71991,9.249077
72012,9.188088
72033,9.070802
72054,9.061419
72075,9.13179
72096,8.995738
72117,8.930058
72138,8.932404
72159,8.904256
72180,8.836229
72201,8.967589
72222,8.911292
72243,8.948824
72264,9.145865
72285,9.145865
72306,9.136482
72327,9.091913
72348,9.061419
72369,9.066111
72390,9.295992
72411,9.399203
72432,9.493032
72453,9.361671
72474,9.408587
72495,9.568096
72516,9.305374
72537,9.474266
72558,9.497724
72579,9.610318
72600,9.692419
72621,9.342906
72642,9.504761
72663,9.591553
72684,9.558713
72705,9.622047
72726,9.629085
72747,9.650196
72768,9.694765
72789,9.701802
72810,9.593899
72831,9.631431
72852,9.842546
72873,9.793285
72894,9.823779
72915,9.847238
72936,9.849584
72957,9.919954
72978,10.01144
72999,10.0607
73020,10.0865
73041,10.18737
73062,10.21552
73083,10.20379
73104,10.40317
73125,10.3328
73146,10.2812
73167,10.46885
73188,10.46651
73209,10.48762
73230,10.48528
73251,10.48997
73272,10.40083
73293,10.39379
73314,10.49935
73335,10.40317
73356,10.46182
73377,10.47355
73398,10.45947
73419,10.4712
73440,10.37503
73461,10.37972
73482,10.45244
73503,10.32576
73524,10.34688
73545,10.15687
73566,10.24836
73587,10.33749
73608,10.307
73629,10.28823
73650,10.26478
73671,10.17095
73692,10.05366
73713,10.117
73734,10.15453
73755,10.13576
73776,10.20848
73797,10.09823
73818,9.992672
73839,10.05601
73860,10.08416
73881,10.03724
73902,9.978598
73923,10.06305
73944,9.966869
73965,9.980944
73986,9.971561
74007,9.924646
74028,10.05132
74049,10.07946
74070,9.999709
74091,10.02317
74112,10.00206
74133,10.04428
74154,10.05366
74175,10.04662
74196,10.03489
74217,10.12403
74238,10.08416
74259,10.12169
74280,10.24366
74301,10.24366
74322,10.18737
74343,10.17564
74364,10.18737
74385,10.20613
74406,10.2765
74427,10.23194
74448,10.15922
74469,10.15922
74490,10.21317
74511,10.26243
74532,10.28823
74553,10.24366
74574,10.21552
74595,10.28823
74616,10.24601
74637,10.24601
74658,10.32811
74679,10.30231
74700,10.25774
74721,10.27181
74742,10.26712
74763,10.36564
74784,10.45947
74805,10.42194
74826,10.46416
74847,10.53453
74868,10.46416
74889,10.42429
74910,10.3633
74931,10.41256
74952,10.40317
74973,10.42663
74994,10.33984
75015,10.27181
75036,10.4149
75057,10.26947
75078,10.23428
75099,10.30231
75120,10.34219
75141,10.23428
75162,10.32576
75183,10.25539
75204,10.14749
75225,10.18971
75246,10.07946
75267,10.06305
75288,10.12169
75309,10.04428
75330,10.16626
75351,10.07008
75372,10.01378
75393,9.969215
75414,10.0302
75435,9.955141
75456,9.90588
75477,10.12403
75498,10.16626
75519,10.08181
75540,10.08416
75561,10.15687
75582,10.06773
75603,10.15453
75624,10.24366
75645,10.26008
75666,10.24132
75687,10.22255
75708,10.29058
75729,10.22255
75750,10.17798
75771,10.23663
75792,10.32342
75813,10.23194
75834,10.19206
75855,10.16626
75876,10.14514
75897,10.20379
75918,10.12169
75939,9.959831
75960,9.866002
75981,9.915263
76002,9.800323
76023,9.732296
76044,9.680691
76065,9.643159
76086,9.568096
76107,9.50007
76128,9.546985
76149,9.523527
76170,9.41797
76191,9.279572
76212,9.35698
76233,9.467229
76254,9.265497
76275,9.251423
76296,9.335869
76317,9.2913
76338,9.150557
76359,9.314757
76380,9.439081
76401,9.413278
76422,9.319448
76443,9.427352
76464,9.61501
76485,9.607973
76506,9.396858
76527,9.563404
76548,9.636122
76569,9.575133
76590,9.392166
76611,9.659579
76632,9.600936
76653,9.469575
76674,9.434389
76695,9.436735
76716,9.48834
76737,9.537601
76758,9.364017
76779,9.410933
76800,9.448463
76821,9.408587
76842,9.382783
76863,9.35698
76884,9.321795
76905,9.277225
76926,9.277225
76947,9.239694
76968,9.331178
76989,9.202163
77010,9.251423
77031,9.23031
77052,9.164631
77073,9.13179
77094,9.178705
77115,9.162285
77136,9.169322
77157,9.136482
77178,9.284263
77199,9.265497
77220,9.150557
77241,9.253768
77262,9.185742
77283,9.300683
77304,9.204508
77325,9.246731
77346,9.145865
77367,9.298337
77388,9.2913
77409,9.300683
77430,9.202163
77451,9.105988
77472,9.183396
77493,9.298337
77514,9.213891
77535,9.190434
77556,9.178705
77577,9.152903
77598,9.171668
77619,9.122408
77640,9.2092
77661,9.195126
77682,9.232656
77703,9.152903
77724,9.30772
77745,9.2913
77766,9.253768
77787,9.183396
77808,9.246731
77829,9.256114
77850,9.310066
77871,9.324141
77892,9.202163
77913,9.303029
77934,9.295992
77955,9.281918
77976,9.380438
77997,9.333523
78018,9.305374
78039,9.478958
78060,9.420315
78081,9.399203
78102,9.349943
78123,9.27488
78144,9.265497
78165,9.349943
78186,9.286609
78207,9.38982
78228,9.460192
78249,9.441426
78270,9.27488
78291,9.394512
78312,9.321795
78333,9.324141
78354,9.134136
78375,9.27488
78396,9.521181
78417,9.450809
78438,9.584516
78459,9.429698
78480,9.518835
78501,9.622047
78522,9.744025
78543,9.837853
78564,9.840199
78585,9.941067
78606,10.04193
78627,10.04193
78648,9.9223
78669,9.868348
78690,9.812052
78711,9.955141
78732,9.793285
78753,9.77452
78774,9.748716
78795,9.894152
78816,9.436735
78837,9.952795
78858,9.509453
78879,9.61501
78900,9.858966
78921,9.795631
78942,9.685382
78963,9.722914
78984,9.748716
79005,9.898843
79026,10.05366
79047,9.973906
79068,9.959831
79089,10.03959
79110,10.04428
79131,10.05601
79152,10.0044
79173,10.07712
79194,10.17329
79215,10.25305
79236,10.25539
79257,10.2507
79278,10.27885
79299,10.22959
79320,10.26947
79341,10.33749
79362,10.25539
79383,10.24601
79404,10.37972
79425,10.32107
79446,10.38675
79467,10.39848
79488,10.36564
79509,10.32811
79530,10.31169
79551,10.3891
79572,10.35391
79593,10.45009
79614,10.47589
79635,10.50404
79656,10.44774
79677,10.35861
79698,10.33749
79719,10.34688
79740,10.35861
79761,10.41021
79782,10.47355
79803,10.4454
79824,10.38675
79845,10.35861
79866,10.26712
79887,10.32342
79908,10.29058
79929,10.17564
79950,10.31404
79971,10.22255
79992,10.23897
80013,10.14984
80034,10.15453
80055,10.15218
80076,10.19675
80097,10.12403
80118,10.11934
80139,10.19441
80160,10.17798
80181,10.22255
80202,10.17564
80223,10.22255
80244,10.17798
80265,10.23663
80286,10.12169
80307,10.19206
80328,10.20144
80349,10.21786
80370,10.23428
80391,10.21083
80412,10.26947
80433,10.21552
80454,10.23194
80475,10.34922
80496,10.18971
80517,10.32342
80538,10.27885
80559,10.26947
80580,10.24366
80601,10.13576
80622,10.18033
80643,10.21317
80664,10.23428
80685,10.27885
80706,10.2249
80727,10.14749
80748,10.21552
80769,10.23428
80790,10.31169
80811,10.2507
80832,10.27181
80853,10.27181
80874,10.21083
80895,10.16626
80916,10.33749
80937,10.36095
80958,10.34688
80979,10.42663
81000,10.41021
81021,10.42429
81042,10.42194
81063,10.29996
81084,10.37503
81105,10.34688
81126,10.35157
81147,10.42194
81168,10.39614
81189,10.44305
81210,10.37737
81231,10.28823
81252,10.30231
81273,10.21083
81294,10.29762
81315,10.34219
81336,10.26008
81357,10.3633
81378,10.25539
81399,10.20848
81420,10.17798
81441,10.20613
81462,10.23428
81483,10.17329
81504,10.14749
81525,10.2765
81546,10.11934
81567,10.05835
81588,10.25305
81609,10.12872
81630,10.15687
81651,10.05835
81672,10.10996
81693,10.08885
81714,10.09823
81735,9.999709
81756,9.90588
81777,9.795631
81798,9.800323
81819,9.924646
81840,9.823779
81861,9.624393
81882,9.607973
81903,9.694765
81924,9.668962
81945,9.591553
81966,9.659579
81987,9.711185
82008,9.471921
82029,9.366363
82050,9.561059
82071,9.650196
82092,9.605627
82113,9.413278
82134,9.483649
82155,9.410933
82176,9.338214
82197,9.474266
82218,9.478958
82239,9.432044
82260,9.359325
82281,9.382783
82302,9.525873
82323,9.382783
82344,9.150557
82365,9.150557
82386,9.220928
82407,9.211545
82428,9.197471
82449,9.110679
82470,9.148211
82491,9.04969
82512,9.185742
82533,9.04969
82554,9.005121
82575,8.974627
82596,9.012158
82617,9.101295
82638,9.176359
82659,9.040307
82680,8.939441
82701,9.066111
82722,9.070802
82743,8.976973
82764,8.941787
82785,9.026234
82806,9.166977
82827,9.061419
82848,9.009813
82869,9.094258
82890,9.171668
82911,9.166977
82932,9.174014
82953,9.148211
82974,9.138828
82995,9.206854
83016,9.253768
83037,9.319448
83058,9.235003
83079,9.265497
83100,9.178705
83121,9.178705
83142,9.286609
83163,9.267843
83184,9.277225
83205,9.373401
83226,9.25846
83247,9.328832
83268,9.396858
83289,9.399203
83310,9.457847
83331,9.401549
83352,9.495378
83373,9.586862
83394,9.525873
83415,9.460192
83436,9.469575
83457,9.607973
83478,9.584516
83499,9.554022
83520,9.530564
83541,9.666616
83562,9.722914
83583,9.727605
83604,9.561059
83625,9.643159
83646,9.704147
83667,9.645505
83688,9.713531
83709,9.692419
83730,9.624393
83751,9.683037
83772,9.661925
83793,9.584516
83814,9.50007
83835,9.568096
83856,9.66427
83877,9.558713
83898,9.636122
83919,9.631431
83940,9.558713
83961,9.568096
83982,9.53291
84003,9.530564
84024,9.539948
84045,9.584516
84066,9.640813
84087,9.495378
84108,9.455501
84129,9.593899
84150,9.544639
84171,9.546985
84192,9.54933
84213,9.668962
84234,9.568096
84255,9.474266
84276,9.654888
84297,9.697111
84318,9.563404
84339,9.401549
84360,9.650196
84381,9.786248
84402,9.633776
84423,9.657233
84444,9.535255
84465,9.626739
84486,9.678345
84507,9.535255
84528,9.568096
84549,9.563404
84570,9.568096
84591,9.563404
84612,9.48834
84633,9.436735
84654,9.399203
84675,9.263151
84696,9.317103
84717,9.359325
84738,9.471921
84759,9.50007
84780,9.378092
84801,9.380438
84822,9.528218
84843,9.462538
84864,9.467229
84885,9.450809
84906,9.495378
84927,9.558713
84948,9.676
84969,9.636122
84990,9.736988
85011,9.732296
85032,9.884768
85053,9.952795
85074,9.919954
85095,9.995018
85116,9.884768
85137,9.941067
85158,10.09823
85179,10.15687
85200,10.16626
85221,10.12872
85242,10.22255
85263,10.19675
85284,10.24601
85305,10.2765
85326,10.25305
85347,10.26478
85368,10.26478
85389,10.36799
85410,10.43367
85431,10.31404
85452,10.33515
85473,10.31873
85494,10.32107
85515,10.32107
85536,10.33749
85557,10.4454
85578,10.40083
85599,10.3891
85620,10.40787
85641,10.31873
85662,10.35626
85683,10.33046
85704,10.26947
85725,10.38441
85746,10.35626
85767,10.37972
85788,10.40787
85809,10.18033
85830,10.30231
85851,10.31169
85872,10.29996
85893,10.25774
85914,10.26008
85935,10.20848
85956,10.17798
85977,10.18268
85998,10.12169
86019,10.09119
86040,10.3891
86061,10.19675
86082,10.14984
86103,10.10761
86124,10.21317
86145,10.17329
86166,10.18033
86187,10.15218
86208,10.19441
86229,10.14749
86250,10.24132
86271,10.21552
86292,10.10527
86313,10.17798
86334,10.14749
86355,10.20144
86376,10.17798
86397,10.1428
86418,10.16626
86439,10.21786
86460,10.16626
86481,10.26712
86502,10.24601
86523,10.29996
86544,10.20613
86565,10.2507
86586,10.20379
86607,10.24601
86628,10.25774
86649,10.30465
86670,10.3633
86691,10.35861
86712,10.37268
86733,10.34688
86754,10.26947
86775,10.30465
86796,10.29762
86817,10.33749
86838,10.35626
86859,10.33749
86880,10.24601
86901,10.22725
86922,10.26478
86943,10.33515
86964,10.32576
86985,10.29762
87006,10.19206
87027,10.31873
87048,10.18737
87069,10.14984
87090,10.12872
87111,10.24366
87132,10.1686
87153,10.08181
87174,10.18971
87195,10.19206
87216,10.11465
87237,10.16391
87258,10.08416
87279,10.14984
87300,10.17095
87321,10.10761
87342,10.13576
87363,10.14749
87384,10.1123
87405,10.04428
87426,10.07477
87447,10.10527
87468,10.09588
87489,10.1686
87510,10.10761
87531,10.04897
87552,10.117
87573,10.0865
87594,10.02551
87615,10.17329
87636,10.1123
87657,10.05835
87678,10.10527
87699,10.1428
87720,10.09119
87741,10.10527
87762,10.10996
87783,10.08181
87804,10.07712
87825,10.04662
87846,10.10292
87867,10.13811
87888,10.10996
87909,10.10058
87930,10.16626
87951,10.07477
87972,9.959831
87993,9.833163
88014,9.863657
88035,9.692419
88056,9.793285
88077,9.708839
88098,9.59859
88119,9.568096
88140,9.605627
88161,9.59859
88182,9.54933
88203,9.51649
88224,9.671308
88245,9.584516
88266,9.577478
88287,9.525873
88308,9.556367
88329,9.619701
88350,9.584516
88371,9.455501
88392,9.556367
88413,9.521181
88434,9.518835
88455,9.460192
88476,9.633776
88497,9.54933
88518,9.525873
88539,9.425007
88560,9.403895
88581,9.310066
88602,9.324141
88623,9.34056
88644,9.338214
88665,9.298337
88686,9.220928
88707,9.263151
88728,9.244386
88749,9.237348
88770,9.225619
88791,9.244386
88812,9.251423
88833,9.232656
88854,9.195126
88875,9.220928
88896,9.24204
88917,9.249077
88938,9.279572
88959,9.335869
88980,9.34056
89001,9.298337
89022,9.284263
89043,9.328832
89064,9.277225
89085,9.331178
89106,9.364017
89127,9.349943
89148,9.413278
89169,9.403895
89190,9.30772
89211,9.326486
89232,9.371055
89253,9.392166
89274,9.427352
89295,9.41797
89316,9.385129
89337,9.359325
89358,9.408587
89379,9.368709
89400,9.464884
89421,9.439081
89442,9.420315
89463,9.410933
89484,9.422661
89505,9.392166
89526,9.380438
89547,9.312411
89568,9.359325
89589,9.441426
89610,9.434389
89631,9.310066
89652,9.314757
89673,9.48834
89694,9.511798
89715,9.401549
89736,9.263151
89757,9.345251
89778,9.448463
89799,9.483649
89820,9.476612
89841,9.34056
89862,9.380438
89883,9.462538
89904,9.485995
89925,9.476612
89946,9.450809
89967,9.457847
89988,9.525873
90009,9.413278
90030,9.305374
90051,9.50007
90072,9.432044
90093,9.35698
90114,9.326486
90135,9.347597
90156,9.338214
90177,9.319448
90198,9.263151
90219,9.13179
90240,9.263151
90261,9.326486
90282,9.324141
90303,9.19278
90324,9.183396
90345,9.237348
90366,9.263151
90387,9.284263
90408,9.232656
90429,9.272534
90450,9.342906
90471,9.335869
90492,9.35698
90513,9.263151
90534,9.2913
90555,9.450809
90576,9.422661
90597,9.24204
90618,9.354634
90639,9.249077
90660,9.211545
90681,9.2913
90702,9.314757
90723,9.38982
90744,9.403895
90765,9.349943
90786,9.514144
90807,9.485995
90828,9.575133
90849,9.610318
90870,9.558713
90891,9.596244
90912,9.701802
90933,9.762791
90954,9.901189
90975,9.80736
90996,9.751062
91017,9.917608
91038,9.985635
91059,10.06773
91080,10.07008
91101,10.14045
91122,10.08181
91143,10.08416
91164,10.10996
91185,10.15687
91206,10.11465
91227,10.13107
91248,10.14984
91269,10.15687
91290,10.14984
91311,10.24601
91332,10.17564
91353,10.18268
91374,10.12403
91395,10.21786
91416,10.2249
91437,10.23194
91458,10.20379
91479,10.09119
91500,10.05366
91521,10.13342
91542,10.2812
91563,10.21786
91584,10.14984
91605,10.13342
91626,10.22725
91647,10.28589
91668,10.2249
91689,10.23663
91710,10.2765
91731,10.22959
91752,10.20379
91773,10.29292
91794,10.31404
91815,10.24132
91836,10.32342
91857,10.33046
91878,10.24132
91899,10.29292
91920,10.29292
91941,10.40552
91962,10.32576
91983,10.29762
92004,10.50404
92025,10.5533
92046,10.29762
92067,10.33749
92088,10.34219
92109,10.18033
92130,10.18502
92151,10.27181
92172,10.23897
92193,10.26243
92214,10.24601
92235,10.23194
92256,10.23663
92277,10.18033
92298,10.37972
92319,10.51577
92340,10.44071
92361,10.42194
92382,10.30465
92403,10.38441
92424,10.52281
92445,10.5838
92466,10.56503
92487,10.4712
92508,10.47824
92529,10.497
92550,10.43601
92571,10.53453
92592,10.40083
92613,10.44305
92634,10.38441
92655,10.41725
92676,10.45478
92697,10.39379
92718,10.45244
92739,10.42194
92760,10.41959
92781,10.29527
92802,10.33515
92823,10.37972
92844,10.38675
