8820,10.29527
8841,10.307
8862,10.34219
8883,10.43367
8904,10.36564
8925,10.52281
8946,10.62367
8967,10.5838
8988,10.61898
9009,10.60256
9030,10.63306
9051,10.5791
9072,10.67059
9093,10.64947
9114,10.82541
9135,10.83244
9156,10.67762
9177,10.66355
9198,10.73158
9219,10.58145
9240,10.59083
9261,10.58849
9282,10.59552
9303,10.55096
9324,10.60725
9345,10.52281
9366,10.5791
9387,10.51342
9408,10.66121
9429,10.67293
9450,10.63306
9471,10.73392
9492,10.72219
9513,10.75503
9534,10.68232
9555,10.75034
9576,10.66824
9597,10.7175
9618,10.81602
9639,10.80899
9660,10.86763
9681,10.76442
9702,10.74331
9723,10.81837
9744,10.69874
9765,10.60725
9786,10.53688
9807,10.55565
9828,10.45713
9849,10.35626
9870,10.35626
9891,10.25305
9912,10.12169
9933,10.15218
9954,10.00675
9975,9.962177
9996,10.10996
10017,9.952795
10038,9.985635
10059,9.997364
10080,10.01613
10101,10.05366
10122,10.04193
10143,10.13342
10164,10.10292
10185,10.04662
10206,10.24836
10227,10.26478
10248,10.29292
10269,10.23428
10290,10.28823
10311,10.25774
10332,10.22255
10353,10.15687
10374,10.10527
10395,10.12403
10416,10.06305
10437,10.09823
10458,10.20144
10479,10.07008
10500,10.05132
10521,9.941067
10542,9.889461
10563,10.12169
10584,10.07712
10605,10.04662
10626,10.12638
10647,9.973906
10668,9.959831
10689,10.06773
10710,10.02786
10731,9.938721
10752,9.912917
10773,9.854274
10794,9.877731
10815,9.976252
10836,10.03255
10857,10.03959
10878,10.03255
10899,10.12403
10920,10.10527
10941,10.12638
10962,10.09588
10983,10.1686
11004,10.24132
11025,10.20613
11046,10.23194
11067,10.33515
11088,10.26947
11109,10.31873
11130,10.0865
11151,10.02082
11172,9.931683
11193,9.840199
11214,9.699456
11235,9.591553
11256,9.483649
11277,9.467229
11298,9.40624
11319,9.298337
11340,9.314757
11361,9.326486
11382,9.361671
11403,9.394512
11424,9.392166
11445,9.347597
11466,9.432044
11487,9.460192
11508,9.514144
11530,9.415624
11551,9.415624
11572,9.354634
11593,9.408587
11614,9.502416
11635,9.558713
11656,9.394512
11677,9.413278
11698,9.244386
11719,9.450809
11740,9.40624
11761,9.24204
11782,9.080185
11803,9.035616
11824,9.136482
11845,9.166977
11866,9.145865
11887,9.063765
11908,9.105988
11929,9.249077
11950,9.148211
11971,9.148211
11992,9.134136
12013,9.122408
12034,9.270188
12055,9.256114
12076,9.314757
12097,9.338214
12118,9.40624
12139,9.464884
12160,9.443772
12181,9.457847
12202,9.502416
12223,9.467229
12244,9.51649
12265,9.539948
12286,9.502416
12307,9.469575
12328,9.485995
12349,9.439081
12370,9.448463
12391,9.368709
12412,9.422661
12433,9.443772
12454,9.378092
12475,9.387475
12496,9.35698
12517,9.432044
12538,9.441426
12559,9.446118
12580,9.392166
12601,9.387475
12622,9.509453
12643,9.382783
12664,9.34056
12685,9.429698
12706,9.439081
12727,9.434389
12748,9.485995
12769,9.420315
12790,9.474266
12811,9.568096
12832,9.558713
12853,9.579824
12874,9.403895
12895,9.478958
12916,9.382783
12937,9.403895
12958,9.380438
12979,9.349943
13000,9.328832
13021,9.345251
13042,9.298337
13063,9.148211
13084,9.202163
13105,9.120062
13126,9.223273
13147,9.162285
13168,9.178705
13189,9.195126
13210,9.094258
13231,9.127099
13252,9.108333
13273,9.164631
13294,9.206854
13315,9.138828
13336,9.164631
13357,9.303029
13378,9.251423
13399,9.227965
13420,9.305374
13441,9.30772
13462,9.324141
13483,9.319448
13504,9.425007
13525,9.446118
13546,9.345251
13567,9.366363
13588,9.422661
13609,9.387475
13630,9.38982
13651,9.321795
13672,9.277225
13693,9.326486
13714,9.288955
13735,9.288955
13756,9.295992
13777,9.2913
13798,9.117716
13819,9.075493
13840,9.117716
13861,9.164631
13882,9.143519
13903,9.38982
13924,9.415624
13945,9.420315
13966,9.392166
13987,9.535255
14008,9.666616
14029,9.612664
14050,9.575133
14071,9.753407
14092,9.736988
14113,9.727605
14134,9.786248
14155,9.844892
14176,9.877731
14198,9.760445
14219,9.685382
14240,9.645505
14261,9.51649
14282,9.321795
14303,9.469575
14324,9.546985
14345,9.457847
14366,9.481303
14387,9.366363
14408,9.284263
14429,9.251423
14450,9.338214
14471,9.2913
14492,9.30772
14513,9.244386
14534,9.211545
14555,9.253768
14576,9.253768
14597,9.293646
14618,9.38982
14639,9.420315
14660,9.202163
14681,9.223273
14702,9.319448
14723,9.382783
14744,9.420315
14765,9.40624
14786,9.298337
14807,9.380438
14828,9.537601
14849,9.478958
14870,9.446118
14891,9.58217
14912,9.544639
14933,9.481303
14954,9.464884
14975,9.413278
14996,9.558713
15017,9.589207
15038,9.570441
15059,9.563404
15080,9.420315
15101,9.51649
15122,9.542293
15143,9.605627
15164,9.661925
15185,9.736988
15206,9.493032
15227,9.113025
15248,9.889461
15269,9.973906
15290,9.79094
15311,9.643159
15332,9.77452
15353,9.999709
15374,10.02786
15395,10.19206
15416,10.18033
15437,10.20848
15458,10.2812
15479,10.33515
15500,10.32342
15521,10.37268
15542,10.36564
15563,10.42663
15584,10.34688
15605,10.35391
15626,10.47589
15647,10.39848
15668,10.50404
15689,10.45009
15710,10.47824
15731,10.37737
15752,10.40083
15773,10.3891
15794,10.42663
15815,10.4712
15836,10.51342
15857,10.5838
15878,10.5838
15899,10.4454
15920,10.49231
15941,10.51342
15962,10.67997
15983,10.78318
16004,10.69404
16025,10.83948
16046,10.86059
16067,10.85121
16088,10.86528
16109,10.78084
16130,10.64713
16151,10.65182
16172,10.60022
16193,10.53453
16214,10.61664
16235,10.51577
16256,10.5838
16277,10.59083
16298,10.62836
16319,10.55565
16340,10.54392
16361,10.51108
16382,10.60256
16403,10.71985
16424,10.62367
16445,10.67293
16466,10.73392
16487,10.69874
16508,10.75503
16529,10.64947
16550,10.68466
16571,10.66121
16592,10.78553
16613,10.79726
16634,10.77145
16655,10.78318
16676,10.75034
16697,10.58849
16718,10.49935
16739,10.50873
16760,10.36799
16781,10.29996
16802,10.24836
16823,10.28589
16844,10.23428
16865,10.18033
16886,10.14045
16907,10.1991
16928,10.23194
16949,10.15218
16970,10.22725
16991,10.28589
17012,10.35157
17033,10.34922
17054,10.42898
17075,10.45947
17096,10.51811
17117,10.47824
17138,10.54157
17159,10.497
17180,10.51811
17201,10.51108
17222,10.56503
17243,10.46651
17264,10.47824
17285,10.35626
17306,10.37737
17327,10.36095
17348,10.34688
17369,10.32342
17390,10.21083
17411,10.19675
17432,10.15922
17453,9.992672
17474,10.03489
17495,9.997364
17516,9.943413
17537,9.962177
17558,10.0302
17579,9.964523
17600,9.90588
17621,9.90588
17642,10.08416
17663,9.997364
17684,9.936375
17705,10.07477
17726,10.06305
17747,10.01378
17768,10.02317
17789,10.12638
17810,10.19441
17831,10.20613
17852,10.18033
17873,10.1686
17894,10.24366
17915,10.26243
17936,10.23428
17957,10.22021
17978,10.15687
17999,10.06539
18020,9.971561
18041,9.980944
18062,10.01378
18083,9.830817
18104,9.823779
18125,9.786248
18146,9.640813
18167,9.603281
18188,9.64785
18209,9.50007
18230,9.432044
18251,9.413278
18272,9.509453
18293,9.490686
18314,9.399203
18335,9.476612
18356,9.399203
18377,9.364017
18398,9.249077
18419,9.176359
18440,9.204508
18461,9.185742
18482,9.073148
18503,9.044999
18524,9.091913
18545,9.002776
18566,8.969935
18587,8.871415
18608,8.913638
18629,8.979319
18650,8.955861
18671,8.913638
18692,8.946478
18713,9.075493
18734,9.136482
18755,9.047344
18776,9.23031
18797,9.35698
18818,9.303029
18839,9.286609
18860,9.455501
18881,9.554022
18902,9.605627
18923,9.530564
18944,9.58217
18965,9.596244
18986,9.54933
19007,9.41797
19028,9.382783
19049,9.25846
19070,9.232656
19091,9.256114
19112,9.185742
19133,9.204508
19154,9.2092
19175,9.195126
19196,9.075493
19217,9.040307
19238,9.087222
19259,9.129445
19280,9.143519
19301,9.084876
19322,9.044999
19343,9.089567
19364,9.054381
19385,8.98401
19406,9.077839
19427,9.03327
19448,9.002776
19469,8.965244
19490,9.089567
19511,9.019196
19532,9.021542
19553,8.979319
19575,8.908947
19597,9.021542
19618,9.028579
19639,9.01685
19660,8.98401
19681,8.911292
19702,8.967589
19723,8.887836
19744,8.833883
19765,8.953515
19786,8.927712
19807,8.899564
19828,9.063765
19849,9.042653
19870,9.04969
19891,9.094258
19912,9.24204
19933,9.253768
19954,9.331178
19975,9.298337
19996,9.303029
20017,9.314757
20038,9.469575
20059,9.41797
20080,9.490686
20101,9.368709
20122,9.455501
20143,9.335869
20164,9.338214
20185,9.345251
20206,9.263151
20227,9.244386
20248,9.319448
20269,9.394512
20290,9.556367
20311,9.568096
20332,9.589207
20353,9.673654
20374,9.722914
20395,9.744025
20416,9.842546
20437,9.676
20458,9.518835
20479,9.676
20500,9.819089
20521,9.640813
20542,9.474266
20563,9.638468
20584,9.605627
20605,9.38982
20626,9.629085
20647,9.858966
20668,9.755754
20689,9.443772
20710,9.741679
20731,9.9223
20752,9.783903
20773,9.788594
20794,9.887115
20815,9.812052
20836,9.809706
20857,9.833163
20878,9.866002
20899,9.80736
20920,9.542293
20941,9.765137
20962,9.826125
20983,9.650196
21004,9.509453
21025,9.401549
21046,9.622047
21067,9.584516
21088,9.485995
21109,9.429698
21130,9.497724
21151,9.556367
21172,9.535255
21193,9.476612
21214,9.476612
21235,9.539948
21256,9.497724
21277,9.478958
21298,9.497724
21319,9.596244
21340,9.715877
21361,9.783903
21382,9.720568
21403,9.706493
21424,9.833163
21445,9.837853
21466,9.875386
21487,9.915263
21508,9.844892
21529,9.819089
21550,9.762791
21571,9.844892
21592,9.889461
21613,9.840199
21634,9.812052
21655,9.952795
21676,9.866002
21697,9.849584
21718,10.10996
21739,10.1428
21760,9.945757
21781,9.990326
21802,10.12638
21823,10.02317
21844,10.07477
21865,10.1686
21886,10.27181
21907,10.14749
21928,10.3328
21949,10.24601
21970,10.2249
21991,10.17798
22012,10.0865
22033,10.1686
22054,10.07008
22075,10.14514
22096,10.10527
22117,10.03489
22138,10.02317
22159,10.16626
22180,10.20144
22201,10.13811
22222,10.21552
22243,10.26712
22264,10.30231
22285,10.38675
22306,10.30935
22327,10.4149
22348,10.39848
22369,10.40787
22390,10.36799
22411,10.41021
22432,10.43836
22453,10.38675
22474,10.44305
22495,10.40552
22516,10.29292
22537,10.38206
22558,10.37503
22579,10.4454
22600,10.40787
22621,10.29996
22642,10.27885
22663,10.26712
22684,10.07243
22705,10.307
22726,10.45947
22747,10.45478
22768,10.40552
22789,10.45009
22810,10.52046
22831,10.50169
22852,10.52281
22873,10.55096
22894,10.43132
22915,10.43132
22936,10.54626
22957,10.55565
22978,10.54392
22999,10.59083
23020,10.62367
23041,10.50404
23062,10.60725
23083,10.62367
23104,10.64713
23125,10.6659
23146,10.71985
23167,10.73158
23188,10.7738
23209,10.72923
23230,10.71985
23251,10.71046
23272,10.62602
23293,10.71046
23314,10.64009
23335,10.64244
23356,10.52046
23377,10.53923
23398,10.54392
23419,10.36799
23440,10.33046
23461,10.35391
23482,10.31638
23503,10.21083
23524,10.24836
23545,10.1123
23566,10.22959
23587,10.11934
23608,10.17095
23629,10.2249
23650,10.18971
23671,10.13342
23692,10.16156
23713,10.14514
23734,10.25539
23755,10.26478
23776,10.26478
23797,10.46416
23818,10.2249
23839,10.11934
23860,10.14749
23881,10.01848
23902,9.98798
23923,10.04193
23944,10.11934
23965,10.01613
23986,9.936375
24007,9.912917
24028,9.79094
24049,9.842546
24070,9.713531
24091,9.690074
24112,9.840199
24133,9.854274
24154,9.866002
24175,9.919954
24196,9.896498
24217,9.973906
24238,9.915263
24259,9.866002
24280,10.06773
24301,10.0044
24322,10.13811
24343,10.0607
24364,10.16391
24385,10.12638
24406,10.25774
24427,10.19675
24448,10.37268
24469,10.24366
24490,10.2765
24511,10.37503
24532,10.32107
24553,10.25539
24574,10.29527
24595,10.37972
24616,10.39379
24637,10.38675
24658,10.41959
24679,10.48997
24700,10.39848
24721,10.36095
24742,10.4149
24763,10.38675
24784,10.47589
24805,10.45478
24826,10.38441
24847,10.41959
24868,10.3891
24889,10.307
24910,10.22255
24931,10.18268
24952,10.08885
24973,10.06773
24994,10.14045
25015,10.01848
25036,9.992672
25057,9.896498
25078,9.765137
25099,9.729951
25120,9.666616
25141,9.51649
25162,9.504761
25183,9.584516
25204,9.551676
25225,9.518835
25246,9.432044
25267,9.335869
25288,9.382783
25309,9.312411
25330,9.195126
25351,9.183396
25372,9.183396
25393,9.204508
25414,9.127099
25435,9.084876
25456,9.181051
25477,9.143519
25498,9.181051
25519,9.129445
25540,9.190434
25561,9.141173
25582,9.298337
25603,9.113025
25624,9.15994
25645,9.169322
25666,9.260805
25687,9.054381
25708,8.944133
25729,9.026234
25750,9.009813
25771,8.93475
25792,9.019196
25813,9.115371
25834,9.103642
25855,9.145865
25876,9.09895
25897,9.08253
25918,8.988701
25939,9.134136
25960,9.162285
25981,9.199817
26002,9.197471
26023,9.115371
26044,9.115371
26065,9.171668
26086,9.143519
26107,9.105988
26128,9.03327
26149,9.002776
26170,9.148211
26191,9.195126
26212,9.152903
26233,9.345251
26254,9.220928
26275,9.244386
26296,9.314757
26317,9.349943
26338,9.260805
26359,9.279572
26380,9.335869
26401,9.35698
26422,9.382783
26443,9.40624
26464,9.345251
26485,9.303029
26506,9.263151
26527,9.281918
26548,9.25846
26569,9.288955
26590,9.220928
26611,9.211545
26632,9.239694
26653,9.25846
26674,9.305374
26695,9.375746
26716,9.464884
26737,9.303029
26758,9.359325
26779,9.345251
26800,9.298337
26821,9.413278
26842,9.347597
26863,9.368709
26884,9.368709
26905,9.364017
26926,9.40624
26947,9.359325
26968,9.502416
26989,9.328832
27010,9.324141
27031,9.305374
27052,9.281918
27073,9.317103
27094,9.310066
27115,9.155248
27136,9.181051
27157,9.091913
27178,9.052036
27199,9.075493
27220,8.972281
27241,8.897219
27262,8.866723
27283,8.819809
27304,8.763512
27325,8.782278
27346,8.833883
27367,8.854995
27388,8.812772
27409,8.810426
27430,9.040307
27451,8.960552
27472,8.974627
27493,8.988701
27514,9.155248
27535,9.199817
27556,9.174014
27577,9.338214
27598,9.364017
27619,9.373401
27640,9.54933
27661,9.64785
27682,9.629085
27703,9.624393
27724,9.727605
27745,9.718222
27766,9.680691
27787,9.762791
27808,9.851928
27829,9.74637
27850,9.704147
27871,9.751062
27892,9.676
27913,9.636122
27934,9.575133
27955,9.697111
27976,9.722914
27997,9.797977
28018,9.734642
28039,9.551676
28060,9.661925
28081,9.936375
28102,9.880077
28123,9.783903
28144,9.802669
28165,9.896498
28186,9.849584
28207,9.847238
28228,9.98329
28249,10.0865
28270,10.12169
28291,10.0044
28312,10.08416
28333,10.04662
28354,9.98798
28375,9.980944
28396,9.997364
28417,10.08416
28438,9.980944
28459,9.999709
28480,9.887115
28501,9.783903
28522,9.85662
28543,9.802669
28564,9.788594
28585,9.708839
28606,9.645505
28627,9.863657
28648,10.05132
28669,9.929338
28690,9.64785
28711,9.53291
28732,9.912917
28753,9.896498
28774,9.741679
28795,9.847238
28816,9.666616
28837,9.858966
28858,9.851928
28879,9.765137
28900,9.779211
28921,9.74637
28942,9.734642
28963,9.884768
28984,9.98329
29005,9.955141
29026,9.924646
29047,9.833163
29068,9.919954
29089,9.997364
29110,10.03959
29131,10.0302
29152,9.955141
29173,9.962177
29194,9.938721
29215,10.08885
29236,10.06305
29257,10.00206
29278,10.05132
29299,10.02317
29320,10.03489
29341,10.117
29362,10.17798
29383,10.13107
29404,10.26008
29425,10.14984
29446,10.33046
29467,10.23194
29488,10.2812
29509,10.31169
29530,10.44071
29551,10.40083
29572,10.40083
29593,10.34453
29614,10.33984
29635,10.41959
29656,10.26947
29677,10.26243
29698,10.27885
29719,10.34922
29740,10.32576
29761,10.34219
29782,10.2507
29803,10.20144
29824,10.30231
29845,10.30935
29866,10.18971
29887,10.13576
29908,10.27416
29929,10.22959
29950,10.22959
29971,10.26947
29992,10.307
30013,10.34688
30034,10.38675
30055,10.46651
30076,10.64009
30097,10.65886
30118,10.56503
30139,10.51108
30160,10.56503
30181,10.50873
30202,10.52515
30223,10.52281
30244,10.51577
30265,10.60725
30286,10.57676
30307,10.42429
30329,10.4712
30352,10.48762
30373,10.43836
30394,10.39614
30415,10.41256
30436,10.53923
30457,10.57207
30478,10.49231
30499,10.52281
30520,10.55096
30541,10.48762
30562,10.60022
30583,10.62367
30604,10.56034
30625,10.59083
30646,10.68232
30667,10.59552
30688,10.64244
30709,10.67059
30730,10.59318
30751,10.5838
30772,10.57676
30793,10.41256
30814,10.43601
30835,10.37737
30856,10.30465
30877,10.29527
30898,10.31169
30919,10.15922
30940,10.10292
30961,10.04662
30982,9.955141
31003,9.943413
31024,9.915263
31045,9.934029
31066,9.79094
31087,9.901189
31108,9.891806
31129,9.910572
31150,9.783903
31172,9.713531
31193,9.741679
31214,9.767483
31235,9.858966
31256,9.828471
31277,9.849584
31298,9.971561
31319,10.10761
31340,10.05132
31361,10.16156
31382,10.1123
31403,9.964523
31424,10.15922
31445,10.09588
31466,10.10527
31487,10.12638
31508,10.12169
31529,10.08416
31550,10.1428
31571,10.12638
31592,10.13811
31613,10.03255
31634,9.964523
31655,10.01144
31676,10.03959
31697,10.12638
31718,10.10058
31739,10.33749
31760,10.32811
31781,10.21083
31802,10.26712
31823,10.33046
31844,10.51811
31865,10.42898
31886,10.54626
31907,10.62836
31928,10.52984
31949,10.47589
31970,10.52984
31991,10.35626
32012,10.41725
32033,10.37033
32054,10.30935
32075,10.24366
32096,10.33749
32117,10.26008
32138,10.27181
32159,10.19441
32180,10.22021
32201,10.06305
32222,10.02551
32243,10.05132
32264,9.861312
32285,9.87304
32306,9.776865
32327,9.563404
32348,9.403895
32369,9.249077
32390,9.204508
32411,9.164631
32432,9.122408
32453,8.939441
32474,9.044999
32495,8.939441
32516,9.134136
32537,9.066111
32558,9.141173
32579,8.937096
32600,8.979319
32621,9.103642
32642,8.991047
32663,8.95117
32684,8.981664
32705,9.040307
32726,9.08253
32747,8.932404
32768,8.805735
32789,8.784623
32810,8.702522
32831,8.838574
32852,8.843266
32873,8.817463
32894,8.843266
32915,9.002776
32936,8.962898
32957,8.918329
32978,9.040307
32999,9.073148
33020,9.13179
33041,9.13179
33062,9.030925
33083,9.115371
33104,9.213891
33125,9.2092
33146,9.204508
33167,9.443772
33188,9.333523
33209,9.324141
33230,9.34056
33251,9.333523
33272,9.314757
33293,9.34056
33314,9.354634
33335,9.40624
33356,9.366363
33377,9.448463
33398,9.40624
33419,9.380438
33440,9.462538
33461,9.523527
33482,9.453156
33503,9.392166
33524,9.453156
33545,9.338214
33566,9.387475
33587,9.455501
33608,9.373401
33629,9.439081
33650,9.349943
33671,9.396858
33692,9.394512
33713,9.436735
33734,9.425007
33755,9.408587
33776,9.40624
33797,9.415624
33818,9.368709
33839,9.464884
33860,9.413278
33881,9.364017
33902,9.410933
33923,9.324141
33944,9.425007
33965,9.263151
33986,9.354634
34007,9.30772
34028,9.281918
34049,9.317103
34070,9.288955
34091,9.206854
34112,9.223273
34133,9.145865
34154,9.075493
34175,9.047344
34196,9.035616
34217,8.920675
34238,9.007467
34259,9.002776
34280,8.925366
34301,8.873761
34322,8.894873
34343,8.756474
34364,8.751783
34385,8.7424
34406,8.683757
34427,8.749437
34448,8.664991
34469,8.655608
34490,8.782278
34511,8.819809
34532,8.829192
34553,8.810426
34574,8.786969
34595,8.798697
34616,9.002776
34637,8.967589
34658,8.864378
34679,8.965244
34700,9.169322
34721,9.127099
34742,9.115371
34763,9.277225
34784,9.319448
34805,9.202163
34826,9.401549
34847,9.66427
34868,9.699456
34889,9.931683
34910,10.08885
34931,10.20848
34952,10.40787
34973,10.48762
34994,10.60725
35015,10.71516
35036,10.94973
35057,10.94269
35078,10.9638
35099,10.6917
35120,10.64009
35141,10.36564
35162,10.47355
35183,10.4454
35204,10.42898
35225,10.44071
35246,10.34688
35267,10.27181
35288,10.31873
35309,10.23663
35330,10.20613
35351,10.29292
35372,10.13576
35393,10.05835
35414,10.00909
35435,9.999709
35456,9.851928
35477,9.896498
35498,9.875386
35519,9.741679
35540,9.713531
35561,9.882422
35582,9.704147
35603,9.410933
35624,9.403895
35645,9.347597
35666,9.41797
35687,9.394512
35708,9.408587
35729,9.368709
35750,9.361671
35771,9.546985
35792,9.579824
35813,9.476612
35834,9.50007
35855,9.396858
35876,9.490686
35897,9.596244
35918,9.59859
35939,9.683037
35960,9.617355
35981,9.725259
36002,9.80736
36023,9.828471
36044,9.830817
36065,9.706493
36086,9.692419
36107,9.74637
36128,9.809706
36149,9.713531
36170,9.633776
36191,9.497724
36212,9.579824
36233,9.528218
36254,9.600936
36275,9.676
36296,9.713531
36317,9.788594
36338,9.797977
36359,9.854274
36380,9.868348
36401,9.884768
36422,9.87304
36443,10.07008
36464,10.09588
36485,10.15453
36506,10.32107
36527,10.19675
36548,10.18971
36569,10.20144
36590,10.29996
36611,10.33515
36632,10.44774
36653,10.33515
36674,10.45244
36695,10.3891
36716,10.32107
36737,10.41021
36758,10.39614
36779,10.30231
36800,10.28354
36821,10.23897
36842,10.33984
36863,10.27181
36884,10.3328
36905,10.24601
36926,10.29527
36947,10.31638
36968,10.43367
36989,10.5275
37010,10.58849
37031,10.58614
37052,10.75034
37073,10.62367
37094,10.68466
37115,10.64713
37136,10.93565
37157,10.84886
37178,10.86059
37199,10.85824
37220,10.92627
37241,10.8301
37262,10.73861
37283,10.67997
37304,10.66121
37325,10.59083
37346,10.53453
37367,10.56972
37388,10.63071
37409,10.55096
37430,10.55096
37451,10.56268
37472,10.51577
37493,10.47824
37514,10.54626
37535,10.46885
37556,10.48528
37577,10.46651
37598,10.52281
37619,10.53923
37640,10.60256
37661,10.45947
37682,10.48528
37703,10.43836
37724,10.55565
37745,10.45009
37766,10.4712
37787,10.4712
37808,10.37268
37829,10.34219
37850,10.25305
37871,10.21786
37892,10.06305
37913,9.945757
37934,9.976252
37955,9.926992
37976,9.894152
37997,9.781557
38018,9.736988
38039,9.680691
38060,9.657233
38081,9.631431
38102,9.572787
38123,9.694765
38144,9.687728
38165,9.687728
38186,9.699456
38207,9.739333
38228,9.802669
38249,9.863657
38270,9.934029
38291,10.04193
38312,10.07243
38333,10.01613
38354,10.17095
38375,10.26712
38396,10.17329
38417,10.3633
38438,10.31169
38459,10.42898
38480,10.50404
38501,10.46651
38522,10.49231
38543,10.35626
38564,10.29058
38585,10.26008
38606,10.27181
38627,10.26712
38648,10.31638
38669,10.20613
38690,10.21317
38711,10.15922
38732,10.10058
38753,10.15218
38774,10.31873
38795,10.19675
38816,10.26712
38837,10.18737
38858,10.29292
38879,10.22725
38900,10.22725
38921,10.23194
38942,10.26947
38963,10.12638
38984,10.21317
39005,10.30935
39026,10.12872
39047,10.12169
39068,10.15687
39089,10.23428
39110,10.2507
39131,10.01378
39152,9.936375
39173,9.844892
39194,9.706493
39215,9.680691
39236,9.650196
39257,9.666616
39278,9.718222
39299,9.636122
39320,9.422661
39341,9.277225
39362,9.253768
39383,9.425007
39404,9.53291
39425,9.399203
39446,9.403895
39467,9.467229
39488,9.371055
39509,9.223273
39530,9.256114
39551,9.298337
39572,9.300683
39593,9.328832
39614,9.166977
39635,9.263151
39656,9.056727
39677,9.089567
39698,9.138828
39719,9.115371
39740,9.150557
39761,9.204508
39782,9.037962
39803,9.063765
39824,9.108333
39845,8.981664
39866,8.991047
39887,9.014504
39908,8.911292
39929,8.98401
39950,8.899564
39971,8.923021
39992,9.007467
40013,9.021542
40034,9.014504
40055,8.965244
40076,8.995738
40097,8.974627
40118,9.047344
40139,9.09895
40160,9.009813
40181,8.995738
40202,9.075493
40223,9.127099
40244,9.141173
40265,9.204508
40286,9.202163
40307,9.063765
40328,9.213891
40349,9.25846
40370,9.265497
40391,9.24204
40412,9.134136
40433,9.084876
40454,9.260805
40475,9.162285
40496,9.145865
40517,9.235003
40538,9.326486
40559,9.300683
40580,9.263151
40601,9.174014
40622,9.338214
40643,9.263151
40664,9.335869
40685,9.2092
40706,9.284263
40727,9.34056
40748,9.300683
40769,9.48834
40790,9.373401
40811,9.361671
40832,9.310066
40853,9.324141
40874,9.286609
40895,9.305374
40916,9.2913
40937,9.399203
40958,9.249077
40979,9.324141
41000,9.143519
41021,9.190434
41042,9.2913
41063,9.188088
41084,8.981664
41105,9.037962
41126,9.063765
41147,9.037962
41168,8.883143
41189,8.850304
41210,8.850304
41231,8.782278
41252,8.744746
41273,8.84092
41294,8.833883
41315,8.960552
41336,9.185742
41357,9.251423
41378,9.213891
41399,9.267843
41420,9.298337
41441,9.441426
41462,9.401549
41483,9.481303
41504,9.554022
41525,9.61501
41546,9.58217
41567,9.561059
41588,9.64785
41609,9.537601
41630,9.575133
41651,9.577478
41672,9.544639
41693,9.408587
41714,9.317103
41735,9.373401
41756,9.394512
41777,9.415624
41798,9.317103
41819,9.279572
41840,9.375746
41861,9.235003
41882,9.305374
41903,9.514144
41924,9.511798
41945,9.556367
41966,9.525873
41987,9.661925
42008,9.586862
42029,9.638468
42050,9.704147
42071,9.739333
42092,9.751062
42113,9.699456
42134,9.87304
42155,9.80736
42176,9.814397
42197,9.959831
42218,9.854274
42239,9.833163
42260,9.9223
42281,9.926992
42302,10.92158
42323,9.514144
42344,9.589207
42365,10.02786
42386,9.556367
42407,9.626739
42428,9.823779
42449,9.523527
42470,9.596244
42491,9.622047
42512,9.509453
42533,9.469575
42554,9.619701
42575,9.572787
42596,9.427352
42617,9.474266
42638,9.556367
42659,9.471921
42680,9.368709
42701,9.525873
42722,9.645505
42743,9.650196
42764,9.570441
42785,9.617355
42806,9.797977
42827,9.833163
42848,9.950449
42869,10.05132
42890,9.999709
42911,9.964523
42932,9.964523
42953,10.05366
42974,10.06773
42995,10.08885
43016,10.07008
43037,10.03489
43058,10.26947
43079,10.26008
43100,10.21083
43121,10.31873
43142,10.33046
43163,10.42429
43184,10.49466
43205,10.48528
43226,10.39614
43247,10.41021
43268,10.23428
43289,10.35391
43310,10.29527
43331,10.29292
43352,10.30231
43373,10.2812
43394,10.37033
43415,10.29058
43436,10.37503
43457,10.38441
43478,10.29292
43499,10.37972
43520,10.47355
43541,10.50169
43562,10.56503
43583,10.54392
43604,10.59552
43625,10.53923
43646,10.48293
43667,10.48997
43688,10.44305
43709,10.56503
43730,10.52281
43751,10.48293
43772,10.52046
43793,10.5838
43814,10.58614
43835,10.56268
43856,10.57207
43877,10.53688
43898,10.48762
43919,10.58614
43940,10.48293
43961,10.55565
43982,10.61194
44003,10.61664
44024,10.56503
44045,10.60256
44066,10.70577
44087,10.49466
44108,10.56503
44129,10.55799
44150,10.5533
44171,10.65182
44192,10.63306
44213,10.5838
44234,10.54157
44255,10.55799
44276,10.53453
44297,10.51811
44318,10.45244
44339,10.36564
44360,10.37972
44381,10.33046
44402,10.35626
44423,10.25539
44444,10.26478
44465,10.27416
44486,10.20848
44507,10.29058
44528,10.24836
44549,10.21317
44570,10.26947
44591,10.32107
44612,10.30231
44633,10.37268
44654,10.48997
44675,10.41021
44696,10.54157
44717,10.29058
44738,10.32107
44759,10.33984
44780,10.51577
44801,10.45478
44822,10.54392
44843,10.50404
44864,10.55799
44885,10.58145
44906,10.42429
44927,10.40552
44948,10.34453
44969,10.45009
44990,10.32107
45011,10.40552
45032,10.41959
45053,10.24836
45074,10.24132
45095,10.20144
45116,10.18033
45137,10.12638
45158,10.18033
45179,10.23897
45200,10.19675
45221,10.11934
45242,10.12403
45263,10.18033
45284,10.307
45305,10.20613
45326,10.24601
45347,10.2507
45368,10.24836
45389,10.1428
45410,10.18502
45431,10.32107
45452,10.30465
45473,10.16156
45494,10.18033
45515,10.38441
45536,10.42194
45557,10.30935
45578,10.37503
45599,10.53923
45620,10.34688
45641,10.35861
45662,10.43601
45683,10.48528
45704,10.42429
45725,10.35626
45746,10.33515
45767,10.23663
45788,10.15687
45809,10.1123
45830,9.915263
45851,9.943413
45872,9.607973
45893,9.485995
45914,9.53291
45935,9.53291
45956,9.434389
45977,9.279572
45998,9.150557
46019,9.211545
46040,9.364017
46061,9.197471
46082,9.178705
46103,9.300683
46124,9.321795
46145,9.293646
46166,9.30772
46187,9.34056
46208,9.403895
46229,9.469575
46250,9.371055
46271,9.354634
46292,9.41797
46313,9.373401
46334,9.312411
46355,9.267843
46376,9.312411
46397,9.249077
46418,9.253768
46439,9.305374
46460,9.410933
46481,9.089567
46502,9.176359
46523,9.288955
46544,9.420315
46565,9.227965
46586,9.288955
46607,9.361671
46628,9.319448
46649,9.073148
46670,9.115371
46691,9.24204
46712,9.134136
46733,8.958207
46754,8.927712
46775,9.08253
46796,9.09895
46817,8.998084
46838,9.077839
46859,8.976973
46880,8.90191
46901,9.04969
46922,8.986356
46943,9.044999
46964,8.941787
46985,8.932404
47006,9.01685
47027,8.981664
47048,9.148211
47069,9.117716
47090,9.077839
47111,9.183396
47132,9.105988
47153,9.181051
47174,9.249077
47195,9.206854
47216,9.293646
47237,9.272534
47258,9.265497
47279,9.253768
47300,9.399203
47321,9.188088
47342,9.279572
47363,9.23031
47384,9.225619
47405,9.178705
47426,9.27488
47447,9.218582
47468,9.2092
47489,9.110679
47510,9.09895
47531,9.174014
47552,9.127099
47573,9.166977
47594,9.190434
47615,9.176359
47636,9.164631
47657,9.211545
47678,9.244386
47699,9.256114
47720,9.197471
47741,9.267843
47762,9.148211
47783,9.244386
47804,9.244386
47825,9.2092
47846,9.235003
47867,9.213891
47888,9.305374
47909,9.352288
47930,9.326486
47951,9.188088
47972,9.223273
47993,9.174014
48014,9.166977
48035,9.15994
48056,9.052036
48077,8.974627
48098,8.897219
48119,8.864378
48140,8.730671
48161,8.779932
48182,8.704868
48203,8.850304
48224,8.618076
48245,8.514865
48266,8.702522
48287,8.883143
48308,8.927712
48329,8.962898
48350,9.246731
48371,9.253768
48392,9.34056
48413,9.493032
48434,9.507107
48455,9.41797
48476,9.596244
48497,9.793285
48518,9.760445
48539,9.880077
48560,10.08416
48581,10.08885
48602,9.999709
48623,10.17564
48644,10.13107
48665,10.20144
48686,10.32811
48707,10.44071
48728,10.24132
48749,10.10996
48770,10.05601
48791,10.07946
48812,10.12169
48833,9.943413
48854,9.98798
48875,9.833163
48896,9.734642
48917,9.980944
48938,10.02082
48959,9.957487
48980,9.697111
49001,9.77452
49022,9.793285
49043,9.762791
49064,9.814397
49085,9.809706
49106,9.776865
49127,9.577478
49148,9.755754
49169,9.863657
49190,9.657233
49211,9.577478
49232,9.652542
49253,9.772174
49274,9.523527
49295,9.270188
49316,9.544639
49337,9.51649
49358,9.415624
49379,9.310066
49400,9.40624
49421,9.408587
49442,9.303029
49463,9.303029
49484,9.539948
49505,9.626739
49526,9.50007
49547,9.511798
49568,9.570441
49589,9.79094
49610,9.85662
49631,9.765137
49652,9.715877
49673,9.744025
49694,9.779211
49715,9.964523
49736,10.01613
49757,9.926992
49778,9.9223
49799,9.887115
49820,9.985635
49841,9.952795
49862,9.990326
49883,10.02082
49904,10.04897
49925,10.14045
49946,10.14984
49967,10.24132
49988,10.08885
50009,10.16156
50030,10.18502
50051,10.22021
50072,10.26712
50093,10.25305
50114,10.27416
50135,10.2249
50156,10.40552
50177,10.43132
50198,10.3633
50219,10.55799
50240,10.53923
50261,10.52515
50282,10.58145
50303,10.65886
50324,10.63306
50345,10.77145
50366,10.73158
50387,10.7738
50408,10.66121
50429,10.67762
50450,10.72923
50471,10.55799
50492,10.5275
50513,10.46651
50534,10.51108
50555,10.47589
50576,10.47824
50597,10.4149
50618,10.34688
50639,10.32107
50660,10.37033
50681,10.3328
50702,10.38206
50723,10.38441
50744,10.43132
50765,10.43601
50786,10.40083
50807,10.45713
50828,10.47824
50849,10.4454
50870,10.50639
50891,10.50639
50912,10.60725
50933,10.64947
50954,10.49935
50975,11.00837
50996,11.14677
51017,10.58849
51038,10.79022
51059,10.64947
51080,10.83244
51101,10.44774
51122,10.4712
51143,10.39145
51164,10.46885
51185,10.43367
51206,10.43836
51227,10.43601
51248,10.42898
51269,10.39614
51290,10.307
51311,10.38441
51332,10.40552
51353,10.45478
51374,10.53453
51395,10.51577
51416,10.65651
51437,10.60725
51458,10.50404
51479,10.46416
51500,10.52515
51521,10.43836
51542,10.65886
51563,10.63071
51584,10.67059
51605,10.63306
51626,10.61194
51647,10.56738
51668,10.56738
51689,10.45478
51710,10.40317
51731,10.42429
51752,10.31404
51773,10.33046
51794,10.2765
51815,10.31404
51839,10.27885
51864,10.18033
51885,10.06773
51906,10.00909
51927,10.19206
51948,10.03724
51969,10.0607
51990,10.17095
52011,10.05132
52032,10.05132
52053,10.1123
52074,10.05366
52095,9.976252
52116,10.05366
52137,9.917608
52158,10.08181
52179,10.0607
52200,10.09588
52221,10.02786
52242,10.0044
52263,9.978598
52284,10.10527
52305,10.12638
52326,10.04662
52347,10.04193
52368,10.02551
52389,9.992672
52410,10.06773
52431,10.04193
52452,10.07712
52473,10.16156
52494,10.1686
52515,10.0607
52536,10.12872
52557,10.08181
52578,10.02317
52599,9.9223
52620,9.990326
52641,9.896498
52662,9.936375
52683,9.833163
52704,9.823779
52725,9.896498
52746,9.828471
52767,9.657233
52788,9.457847
52809,9.643159
52830,9.605627
52851,9.446118
52872,9.413278
52893,9.382783
52914,9.314757
52935,9.338214
52956,9.382783
52977,9.256114
52998,9.213891
53019,9.195126
53040,9.213891
53061,9.040307
53082,9.005121
53103,8.967589
53124,9.047344
53145,8.98401
53166,8.869069
53187,8.735363
53208,8.756474
53229,8.620422
53250,8.493753
53271,8.641534
53292,8.538322
53313,8.53363
53334,8.526593
53355,8.48437
53376,8.360046
53397,8.437455
53418,8.416345
53439,8.425727
53460,8.397578
53481,8.528939
53503,8.411653
53524,8.500791
53545,8.601656
53566,8.432764
53587,8.460913
53608,8.46795
53629,8.444492
53650,8.585237
53671,8.535976
53692,8.664991
53713,8.84092
53734,8.831537
53755,8.852649
53776,8.890181
53797,8.930058
53818,9.122408
53839,9.101295
53860,9.080185
53881,9.199817
53902,9.176359
53923,9.279572
53944,9.382783
53965,9.385129
53986,9.436735
54007,9.439081
54028,9.483649
54049,9.464884
54070,9.511798
54091,9.563404
54112,9.603281
54133,9.612664
54154,9.631431
54175,9.736988
54196,9.772174
54217,9.650196
54238,9.607973
54259,9.596244
54280,9.584516
54301,9.385129
54322,9.148211
54343,9.305374
54364,9.314757
54385,9.237348
54406,9.216236
54427,9.335869
54448,9.293646
54469,9.199817
54490,9.204508
54511,9.113025
54532,9.096604
54553,9.096604
54574,9.145865
54595,9.328832
54616,9.345251
54637,9.366363
54658,9.410933
54679,9.575133
54700,9.676
54721,9.624393
54742,9.718222
54763,9.753407
54784,9.671308
54805,9.570441
54826,9.476612
54847,9.497724
54868,9.593899
54889,9.420315
54910,9.617355
54931,9.53291
54952,9.40624
54973,9.521181
54994,9.467229
55015,9.352288
55036,9.27488
55057,9.295992
55078,9.260805
55099,9.157594
55120,9.345251
55141,9.539948
55162,9.434389
55183,9.56575
55204,9.715877
55225,9.633776
55246,9.678345
55267,9.729951
55288,9.79094
55309,9.875386
55330,9.835509
55351,9.868348
55372,9.943413
55393,10.09354
55414,10.20379
55435,10.12403
55456,10.00909
55477,10.07008
55498,9.992672
55519,9.819089
55540,9.652542
55561,9.995018
55582,9.964523
55603,9.835509
55624,9.661925
55645,9.938721
55666,10.17564
55687,9.772174
55708,9.678345
55729,9.908226
55750,9.80736
55771,9.828471
55792,9.976252
55813,10.02551
55834,9.955141
55855,9.793285
55876,9.809706
55897,9.851928
55918,9.833163
55939,10.03959
55960,9.90588
55981,9.858966
56002,10.02551
56023,9.870694
56044,10.08416
56065,10.03489
56086,10.11934
56107,10.09588
56128,9.964523
56149,10.11465
56170,10.01144
56191,10.00675
56212,10.17798
56233,10.06305
56254,9.957487
56275,9.903535
56296,9.999709
56317,10.09588
56338,10.03959
56359,10.01613
56380,10.02551
56401,9.990326
56422,9.941067
56443,9.941067
56464,10.08885
56485,10.17564
56506,10.11934
56527,10.04897
56548,10.00206
56569,9.952795
56590,10.07008
56611,10.02317
56632,10.05366
56653,10.07243
56674,10.10996
56695,10.02551
56716,10.11465
56737,10.05601
56758,10.08885
56779,10.18033
56800,10.117
56821,10.26243
56842,10.32811
56863,10.20848
56884,10.24601
56905,10.15453
56926,10.117
56947,10.22021
56968,10.25539
56989,10.32107
57010,10.18737
57031,10.15453
57052,10.06773
57073,10.05132
57094,10.05601
57115,10.00909
57136,10.07477
57157,10.16391
57178,10.08181
57199,10.09823
57220,10.09823
57241,10.05835
57262,10.01848
57283,10.00675
57304,10.04897
57325,10.05601
57346,10.07712
57367,10.17564
57388,10.03959
57409,10.07712
57430,10.02317
57451,10.07243
57472,10.03489
57493,10.09823
57514,10.20379
57535,10.18502
57556,10.20613
57577,10.09823
57598,10.13811
57619,10.07946
57640,10.10527
57661,10.1123
57682,10.13576
57703,10.09588
57724,10.18971
57745,10.18268
57766,10.12403
57787,10.10527
57808,10.14045
57829,10.18971
57850,10.27416
57871,10.30231
57892,10.36799
57913,10.307
57934,10.38206
57955,10.37268
57976,10.49231
57997,10.34688
58018,10.48762
58039,10.35861
58060,10.34688
58081,10.37737
58102,10.39848
58123,10.19206
58144,10.7175
58165,10.0865
58186,10.5838
58207,10.30465
58228,10.59552
58249,10.1991
58270,10.31873
58291,10.05601
58312,10.21786
58333,10.0865
58354,10.21317
58375,9.976252
58396,10.12169
58417,10.04193
58438,10.02317
58459,9.934029
58480,10.02786
58501,10.09119
58522,10.10996
58543,10.0865
58564,10.0865
58585,10.17798
58606,10.08885
58627,10.09354
58648,10.18033
58669,10.21786
58690,10.20144
58711,10.27181
58732,10.26008
58753,10.23897
58774,10.23194
58795,10.25774
58816,10.26947
58837,10.23663
58858,10.21786
58879,10.18033
58900,10.17564
58921,10.07477
58942,10.02551
58963,9.926992
58984,10.02786
59005,10.02786
59026,9.929338
59047,9.924646
59068,10.02786
59089,9.924646
59110,10.0302
59131,10.06539
59152,10.07243
59173,10.10761
59194,10.07946
59215,9.964523
59236,10.10058
59257,10.06305
59278,10.07946
59299,10.18737
59320,10.18033
59341,10.14984
59362,10.22959
59383,10.1686
59404,10.33984
59425,10.25305
59446,10.18268
59467,10.20144
59488,10.25774
59509,10.32576
59530,10.29996
59551,10.31873
59572,10.31404
59593,10.28354
59614,10.30935
59635,10.1991
59656,10.16391
59677,10.16391
59698,10.19206
59719,10.31404
59740,10.35626
59761,10.22255
59782,10.0044
59803,10.0302
59824,10.03724
59845,9.997364
59866,9.985635
59887,9.802669
59908,9.826125
59929,9.760445
59950,9.673654
59971,9.631431
59992,9.521181
60013,9.490686
60034,9.464884
60055,9.481303
60076,9.338214
60097,9.202163
60118,9.25846
60139,9.188088
60160,9.141173
60181,9.239694
60202,9.223273
60223,9.152903
60244,9.077839
60265,9.188088
60286,9.24204
60307,9.059073
60328,8.986356
60349,9.103642
60370,9.155248
60391,9.15994
60412,9.2092
60433,9.227965
60454,9.385129
60475,9.41797
60496,9.40624
60517,9.352288
60538,9.378092
60559,9.420315
60580,9.579824
60601,9.483649
60622,9.521181
60643,9.570441
60664,9.584516
60685,9.732296
60706,9.638468
60727,9.680691
60748,9.619701
60769,9.50007
60790,9.483649
60811,9.403895
60832,9.347597
60853,9.30772
60874,9.324141
60895,9.213891
60916,9.213891
60937,9.152903
60958,9.009813
60979,9.03327
61000,9.197471
61021,9.169322
61042,9.075493
61063,9.141173
61084,9.19278
61105,9.19278
61126,9.19278
61147,9.129445
61168,9.23031
61189,9.265497
61210,9.333523
61231,9.300683
61252,9.38982
61273,9.253768
61294,9.415624
61315,9.427352
61336,9.328832
61357,9.284263
61378,9.331178
61399,9.225619
61420,9.178705
61441,9.171668
61462,9.183396
61483,9.171668
61504,9.145865
61525,9.195126
61546,9.183396
61567,9.113025
61588,9.169322
61609,9.181051
61630,9.178705
61651,9.120062
61672,9.122408
61693,9.188088
61714,9.185742
61735,9.232656
61756,9.227965
61777,9.204508
61798,9.2913
61819,9.249077
61840,9.328832
61861,9.24204
61882,9.171668
61903,9.303029
61924,9.373401
61945,9.237348
61966,9.249077
61987,9.148211
62008,9.2092
62029,9.13179
62050,9.042653
62071,8.995738
62092,9.028579
62113,9.007467
62134,8.918329
62155,9.080185
62176,9.035616
62197,9.073148
62218,9.127099
62239,9.157594
62260,9.227965
62281,9.13179
62302,9.239694
62323,9.349943
62344,9.338214
62365,9.422661
62386,9.51649
62407,9.561059
62428,9.568096
62449,9.671308
62470,9.692419
62491,9.715877
62512,9.748716
62533,9.74637
62554,9.739333
62575,9.722914
62596,9.753407
62617,9.751062
62638,9.80736
62659,9.706493
62680,9.821435
62701,9.685382
62722,9.61501
62743,9.718222
62764,9.643159
62785,9.546985
62806,9.554022
62827,9.636122
62848,9.591553
62869,9.521181
62890,9.546985
62911,9.429698
62932,9.495378
62953,9.490686
62974,9.546985
62995,9.561059
63016,9.589207
63037,9.661925
63058,9.551676
63079,9.643159
63100,9.666616
63121,9.713531
63142,9.643159
63163,9.694765
63184,9.636122
63205,9.678345
63226,9.767483
63247,9.732296
63268,9.90588
63289,9.729951
63310,9.640813
63331,9.572787
63352,9.736988
63373,9.678345
63394,9.809706
63415,9.795631
63436,9.7581
63457,9.772174
63478,9.788594
63499,9.809706
63520,9.741679
63541,9.685382
63562,9.659579
63583,9.575133
63604,9.563404
63625,9.657233
63646,9.678345
63667,9.58217
63688,9.429698
63709,9.619701
63730,9.776865
63751,9.622047
63772,9.704147
63793,9.652542
63814,9.711185
63835,9.889461
63856,9.901189
63877,9.866002
63898,9.788594
63919,9.87304
63940,9.898843
63961,9.938721
63982,9.797977
64003,9.812052
64024,9.898843
64045,10.07946
64066,9.995018
64087,10.03959
64108,10.0865
64129,10.24601
64150,10.26947
64171,10.28354
64192,10.10996
64213,10.29996
64234,10.37972
64255,10.3891
64276,10.4149
64297,10.25539
64318,10.18502
64339,10.11465
64360,10.22021
64381,10.28354
64402,10.20613
64423,10.1123
64444,10.04897
64465,10.04897
64486,10.16626
64507,10.13811
64528,10.12872
64549,10.06539
64570,10.03489
64591,10.10996
64612,10.18502
64633,10.36799
64654,10.1686
64675,10.15687
64696,10.21786
64717,10.35861
64738,10.2765
64759,10.31404
64780,10.29996
64801,10.24366
64822,10.2249
64843,10.26243
64864,10.16626
64885,10.18268
64906,10.26243
64927,10.21786
64948,10.13811
64969,10.1991
64990,10.0607
65011,10.12403
65032,10.18033
65053,10.17798
65074,10.14749
65095,10.1686
65116,10.32107
65137,10.20613
65158,10.12403
65179,10.23194
65200,10.17564
65221,10.19441
65242,10.24132
65263,10.30935
65284,10.35391
65305,10.26947
65326,10.22021
65347,10.27416
65368,10.25305
65389,10.29058
65410,10.2249
65431,10.307
65452,10.35157
65473,10.30231
65494,10.32107
65515,10.33984
65536,10.3891
65557,10.25774
65578,10.36095
65599,10.35157
65620,10.45478
65641,10.34922
65662,10.50169
65683,10.33515
65704,10.40787
65725,10.66355
65746,10.96146
65767,10.47824
65788,10.59318
65809,10.68232
65830,10.59552
65851,10.70812
65872,10.81368
65893,10.83244
65914,10.94973
65935,10.86294
65956,10.89812
65977,10.83948
65998,10.78553
66019,10.82306
66040,10.71516
66061,10.71281
66082,10.74565
66103,10.66355
66124,10.70577
66145,10.66121
66166,10.53688
66187,10.48293
66208,10.51811
66229,10.52515
66250,10.49935
66271,10.54157
66292,10.5791
66313,10.68701
66334,10.79726
66355,10.72219
66376,10.81837
66397,10.87467
66418,10.92862
66439,11.04356
66460,11.07171
66481,11.06232
66502,11.02948
66523,11.11627
66544,11.07405
66565,11.0201
66586,10.94738
66607,10.85355
66628,10.72454
66649,10.61194
66670,10.51108
66691,10.24366
66712,10.1123
66733,9.896498
66754,9.948103
66775,9.915263
66796,9.924646
66817,9.934029
66838,9.980944
66859,9.908226
66880,9.788594
66901,9.812052
66922,9.661925
66943,9.711185
66964,9.54933
66985,9.354634
67006,9.345251
67027,9.382783
67048,9.204508
67069,9.150557
67090,9.181051
67111,9.178705
67132,9.117716
67153,9.110679
67174,9.124753
67195,9.152903
67216,9.19278
67237,9.122408
67258,8.878452
67279,8.955861
67300,9.117716
67321,9.227965
67342,9.061419
67363,8.995738
67384,9.019196
67405,9.063765
67426,8.822155
67447,8.634497
67468,8.67672
67489,8.796351
67510,8.838574
67531,8.967589
67552,9.152903
67573,9.120062
67594,9.237348
67615,9.25846
67636,9.319448
67657,9.493032
67678,9.469575
67699,9.361671
67720,9.436735
67741,9.319448
67762,9.24204
67783,9.392166
67804,9.347597
67825,9.176359
67846,9.211545
67867,9.155248
67888,9.148211
67909,9.169322
67930,9.277225
67951,9.211545
67972,9.232656
67993,9.176359
68014,9.272534
68035,9.366363
68056,9.385129
68077,9.385129
68098,9.387475
68119,9.542293
68140,9.478958
68161,9.572787
68182,9.50007
68203,9.523527
68224,9.694765
68245,9.61501
68266,9.654888
68287,9.64785
68308,9.636122
68329,9.701802
68350,9.558713
68371,9.579824
68392,9.610318
68413,9.607973
68434,9.570441
68455,9.518835
68476,9.521181
68497,9.518835
68518,9.396858
68539,9.443772
68560,9.420315
68581,9.373401
68602,9.399203
68623,9.420315
68644,9.328832
68665,9.375746
68686,9.331178
68707,9.312411
68728,9.359325
68749,9.270188
68770,9.300683
68791,9.368709
68812,9.415624
68833,9.347597
68854,9.380438
68875,9.425007
68896,9.349943
68917,9.321795
68938,9.326486
68959,9.27488
68980,9.303029
69001,9.202163
69022,9.249077
69043,9.195126
69064,9.270188
69085,9.13179
69106,9.047344
69127,9.037962
69148,9.075493
69169,9.04969
69190,9.044999
69211,9.009813
69232,9.026234
69253,9.026234
69274,9.023888
69295,9.134136
69316,9.134136
69337,9.174014
69358,9.108333
69379,9.181051
69400,9.239694
69421,9.30772
69442,9.368709
69463,9.338214
69484,9.443772
69505,9.453156
69526,9.380438
69547,9.394512
69568,9.345251
69589,9.378092
69610,9.216236
69631,9.293646
69652,9.354634
69673,9.199817
69694,9.171668
69715,9.143519
69736,9.101295
69757,9.056727
69778,9.023888
69799,9.113025
69820,9.080185
69841,9.002776
69862,9.044999
69883,9.084876
69904,9.04969
69925,9.091913
69946,9.244386
69967,9.352288
69988,9.314757
70009,9.2092
70030,9.394512
70051,9.478958
70072,9.607973
70093,9.779211
70114,9.690074
70135,9.668962
70156,9.802669
70177,10.01144
70198,9.917608
70219,9.964523
70240,10.09354
70261,10.05366
70282,9.999709
70303,9.732296
70324,9.767483
70345,9.955141
70366,9.868348
70387,9.847238
70408,9.74637
70429,9.718222
70450,9.734642
70471,9.861312
70492,9.980944
70513,9.828471
70534,9.901189
70555,9.765137
70576,9.74637
70597,9.781557
70618,9.781557
70639,10.02786
70660,9.830817
70681,9.830817
70702,9.596244
70723,9.765137
70744,9.875386
70765,9.661925
70786,9.481303
70807,9.551676
70828,9.734642
70849,9.666616
70870,9.361671
70891,9.218582
70912,9.462538
70933,9.490686
70954,9.373401
70975,9.558713
70996,9.762791
71017,9.753407
71038,9.779211
71059,9.917608
71080,10.11934
71101,10.12872
71122,10.14749
71143,10.18502
71164,10.11465
71185,10.17564
71206,10.23428
71227,10.36095
71248,10.35626
71269,10.30465
71290,10.36095
71311,10.3328
71332,10.35391
71353,10.46651
71374,10.38441
71395,10.2249
71416,10.20379
71437,10.21083
71458,10.14514
71479,10.22725
71500,10.16391
71521,10.17329
71542,10.13576
71563,10.18268
71584,10.17329
71605,10.20613
71626,10.18502
71647,10.22725
71668,10.41725
71689,10.40552
71710,10.40552
71731,10.34453
71752,10.34688
71773,10.27416
71794,10.36799
71815,10.31873
71836,10.31169
71857,10.30231
71878,10.36095
71899,10.38675
71920,10.47589
71941,10.42194
71962,10.40083
71983,10.56034
72004,10.64244
72025,10.66355
72046,10.68935
72067,10.56268
72088,10.33984
72109,11.12331
72130,10.59787
72151,10.5838
72172,10.56738
72193,10.72454
72214,10.54157
72235,10.65182
72256,10.63775
72277,10.62602
72298,10.71046
72319,10.79256
72340,10.83713
72361,10.85355
72382,10.82541
72403,10.7996
72424,10.8817
72445,10.89343
72466,10.90516
72487,10.95442
72508,10.98726
72529,10.90516
72550,10.93565
72571,10.98726
72592,10.82775
72613,10.91454
72634,10.85121
72655,10.83948
72676,10.75503
72697,10.62133
72718,10.54861
72739,10.42663
72760,10.41021
72781,10.28354
72802,10.25774
72823,10.21786
72844,10.08885
72865,10.02551
72886,9.997364
72907,9.837853
72928,9.769828
72949,9.840199
72970,9.901189
72991,9.863657
73012,9.894152
73033,9.847238
73054,9.898843
73075,9.847238
73096,9.849584
73117,9.800323
73138,9.978598
73159,9.973906
73180,9.992672
73201,9.948103
73222,9.941067
73243,9.87304
73264,9.934029
73285,9.882422
73306,9.90588
73327,9.910572
73348,9.894152
73369,9.919954
73390,9.772174
73411,9.7581
73432,9.678345
73453,9.692419
73474,9.59859
73495,9.668962
73516,9.668962
73537,9.736988
73558,9.612664
73579,9.671308
73600,9.795631
73621,9.788594
73642,9.800323
73663,9.868348
73684,9.917608
73705,10.05132
73726,10.22255
73747,10.2249
73768,10.33749
73789,10.36564
73810,10.39614
73831,10.45244
73852,10.51108
73873,10.65886
73894,10.58849
73915,10.66824
73936,10.89109
73957,10.91454
73978,10.68701
73999,10.72688
74020,10.77614
74041,10.62367
74062,10.51577
74083,10.51811
74104,10.47355
74125,10.18268
74146,10.02786
74167,10.01144
74188,9.98798
74209,9.868348
74230,9.912917
74251,9.617355
74272,9.612664
74293,9.539948
74314,9.539948
74335,9.450809
74356,9.378092
74377,9.223273
74398,9.237348
74419,9.368709
74440,9.373401
74461,9.335869
74482,9.171668
74503,9.150557
74524,9.012158
74545,8.948824
74566,9.094258
74587,9.019196
74608,8.925366
74629,8.798697
74650,8.646226
74671,8.7424
74692,8.744746
74713,8.543014
74734,8.700177
74755,8.770549
74776,8.702522
74797,8.72598
74818,8.770549
74839,8.667336
74860,8.690794
74881,8.817463
74902,8.90191
74923,8.911292
74944,8.930058
74965,8.904256
74986,8.95117
75007,8.962898
75028,9.005121
75049,9.073148
75070,9.080185
75091,9.120062
75112,9.185742
75133,9.164631
75154,9.08253
75175,9.13179
75196,9.213891
75217,9.09895
75238,9.005121
75259,9.063765
75280,9.204508
75301,9.213891
75322,9.174014
75343,9.19278
75364,9.317103
75385,9.338214
75406,9.422661
75427,9.434389
75448,9.34056
75469,9.317103
75490,9.368709
75511,9.347597
75532,9.385129
75553,9.483649
75574,9.378092
75595,9.481303
75616,9.481303
75637,9.497724
75658,9.511798
75679,9.446118
75700,9.40624
75721,9.35698
75742,9.441426
75763,9.434389
75784,9.410933
75805,9.368709
75826,9.40624
75847,9.331178
75868,9.295992
75889,9.249077
75910,9.232656
75931,9.246731
75952,9.265497
75973,9.251423
75994,9.270188
76015,9.25846
76036,9.265497
76057,9.375746
76078,9.35698
76099,9.277225
76120,9.364017
76141,9.366363
76162,9.40624
76183,9.439081
76204,9.38982
76225,9.511798
76246,9.490686
76267,9.546985
76288,9.542293
76309,9.441426
76330,9.514144
76351,9.563404
76372,9.474266
76393,9.361671
76414,9.415624
76435,9.483649
76456,9.347597
76477,9.321795
76498,9.387475
76519,9.382783
76540,9.260805
76561,9.303029
76582,9.293646
76603,9.2913
76624,9.227965
76645,9.157594
76666,9.141173
76687,9.206854
76708,9.270188
76729,9.27488
76750,9.185742
76771,9.270188
76792,9.347597
76813,9.24204
76834,9.27488
76855,9.284263
76876,9.295992
76897,9.317103
76918,9.453156
76939,9.460192
76960,9.319448
76981,9.467229
77002,9.427352
77023,9.455501
77044,9.349943
77065,9.457847
77086,9.619701
77107,9.577478
77128,9.638468
77149,9.687728
77170,9.755754
77191,9.795631
77212,9.739333
77233,9.828471
77254,10.01144
77275,9.955141
77296,9.952795
77317,9.919954
77338,9.779211
77359,9.917608
77380,9.882422
77401,9.779211
77422,9.741679
77443,9.830817
77464,9.912917
77485,9.809706
77506,9.619701
77527,9.739333
77548,9.849584
77569,9.748716
77590,9.736988
77611,9.833163
77632,9.840199
77653,9.701802
77674,9.77452
77695,9.978598
77716,9.901189
77737,9.938721
77758,9.903535
77779,10.0044
77800,10.16156
77821,9.943413
77842,9.915263
77863,10.08181
77884,9.978598
77905,10.01144
77926,10.13107
77947,10.23194
77968,10.1686
77989,10.10996
78010,10.15687
78031,10.26008
78052,10.14984
78073,10.1686
78094,10.16156
78115,10.31873
78136,10.2812
78157,10.28823
78178,10.31638
78199,10.25539
78220,10.16391
78241,10.17095
78262,10.31169
78283,10.22255
78304,10.24601
78325,10.20379
78346,10.2765
78367,10.27885
78388,10.29996
78409,10.24366
78430,10.20613
78451,10.20144
78472,10.25305
78493,10.2765
78514,10.307
78535,10.2249
78556,10.30231
78577,10.43367
78598,10.48762
78619,10.4454
78640,10.43132
78661,10.45713
78682,10.57207
78703,10.53923
78724,10.65651
78745,10.60491
78766,10.59318
78787,10.61898
78808,10.62367
78829,10.59318
78850,10.58145
78871,10.60256
78892,10.62836
78913,10.62836
78934,10.58614
78955,10.43601
78976,10.06539
78997,11.11158
79018,10.48058
79039,10.78787
79060,10.63071
79081,10.78787
79102,10.50639
79123,10.67293
79144,10.6096
79165,10.52281
79186,10.67293
79207,10.65182
79228,10.61429
79249,10.64244
79270,10.60491
79291,10.61898
79312,10.56034
79333,10.62133
79354,10.59552
79375,10.54392
79396,10.52515
79417,10.53923
79438,10.44774
79459,10.48997
79480,10.56268
79501,10.46416
79522,10.3633
79543,10.30231
79564,10.26712
79585,10.26243
79606,10.22725
79627,10.21552
79648,10.15218
79669,10.19206
79690,10.03959
79711,10.05601
79732,10.00909
79753,9.950449
79774,9.936375
79795,9.931683
79816,9.950449
79837,9.943413
79858,9.950449
79879,9.868348
79900,9.863657
79921,9.973906
79942,9.950449
79963,9.969215
79984,10.02551
80005,9.934029
80026,9.929338
80047,9.98798
80068,9.903535
80089,9.964523
80110,9.816743
80131,9.948103
80152,9.917608
80173,9.903535
80194,9.901189
80215,9.884768
80236,9.880077
80257,10.02317
80278,9.889461
80299,9.945757
80320,10.05601
80341,10.07243
80362,10.13107
80383,10.12403
80404,10.14514
80425,10.10527
80446,10.20613
80467,10.29762
80488,10.34219
80509,10.49935
80530,10.47589
80551,10.46182
80572,10.56503
80593,10.56503
80614,10.56738
80635,10.60022
80656,10.59318
80677,10.63306
80698,10.62367
80719,10.73627
80740,10.72923
80761,10.61429
80782,10.70577
80803,10.62367
80824,10.5533
80845,10.46885
80866,10.51811
80887,10.49231
80908,10.51811
80929,10.497
80950,10.35626
80971,10.46182
80992,10.23194
81013,10.27181
81034,10.2507
81055,10.09354
81076,9.957487
81097,9.943413
81118,10.16156
81139,10.18971
81160,9.748716
81181,9.638468
81202,9.687728
81223,9.699456
81244,9.596244
81265,9.633776
81286,9.645505
81307,9.572787
81328,9.493032
81349,9.537601
81370,9.570441
81391,9.579824
81412,9.586862
81433,9.535255
81454,9.378092
81475,9.380438
81496,9.401549
81517,9.331178
81538,9.317103
81559,9.331178
81580,9.164631
81601,9.063765
81622,9.195126
81643,9.176359
81664,9.188088
81685,9.04969
81706,8.925366
81727,8.939441
81748,9.166977
81769,9.105988
81790,9.047344
81811,8.937096
81832,8.79166
81853,8.885489
81874,8.871415
81895,8.998084
81916,8.899564
81937,8.873761
81958,8.927712
81979,9.012158
82000,9.063765
82021,9.019196
82042,9.030925
82063,9.115371
82084,9.080185
82105,9.127099
82126,9.185742
82147,9.13179
82168,9.141173
82189,9.171668
82210,9.303029
82231,9.310066
82252,9.413278
82273,9.34056
82294,9.256114
82315,9.387475
82336,9.394512
82357,9.410933
82378,9.354634
82399,9.359325
82420,9.436735
82441,9.425007
82462,9.54933
82483,9.511798
82504,9.443772
82525,9.51649
82546,9.509453
82567,9.490686
82588,9.593899
82609,9.518835
82630,9.56575
82651,9.528218
82672,9.554022
82693,9.640813
82714,9.643159
82735,9.593899
82756,9.610318
82777,9.596244
82798,9.544639
82819,9.502416
82840,9.605627
82861,9.544639
82882,9.61501
82903,9.577478
82924,9.619701
82945,9.607973
82966,9.556367
82987,9.589207
83008,9.530564
83029,9.570441
83050,9.570441
83071,9.507107
83092,9.579824
83113,9.511798
83134,9.568096
83155,9.558713
83176,9.507107
83197,9.546985
83218,9.48834
83239,9.483649
83260,9.490686
83281,9.507107
83302,9.422661
83323,9.413278
83344,9.504761
83365,9.542293
83386,9.359325
83407,9.436735
83428,9.310066
83449,9.300683
83470,9.303029
83491,9.328832
83512,9.216236
83533,9.202163
83554,9.267843
83575,9.199817
83596,9.183396
83617,9.15994
83638,9.145865
83659,9.108333
83680,9.124753
83701,9.120062
83722,9.141173
83743,9.070802
83764,9.023888
83785,9.103642
83806,8.998084
83827,9.03327
83848,9.002776
83869,8.955861
83890,9.002776
83911,8.98401
83932,8.962898
83953,8.958207
83974,9.08253
83995,9.084876
84016,9.042653
84037,9.103642
84058,9.213891
84079,9.127099
84100,9.009813
84121,9.077839
84142,9.319448
84163,9.068456
84184,9.089567
84205,9.204508
84226,9.2092
84247,9.2913
84268,9.375746
84289,9.56575
84310,9.687728
84331,9.643159
84352,9.596244
84373,9.87304
84394,9.908226
84415,9.990326
84436,10.06539
84457,10.12872
84478,10.18502
84499,10.23897
84520,10.18971
84541,10.07946
84562,10.27885
84583,10.27416
84604,10.37737
84625,10.27885
84646,10.18971
84667,10.307
84688,10.18033
84709,9.837853
84730,10.17798
84751,10.12169
84772,9.79094
84793,9.87304
84814,9.884768
84835,9.964523
84856,9.697111
84877,9.748716
84898,9.910572
84919,9.908226
84940,9.720568
84961,9.833163
84982,10.03959
85003,9.929338
85024,9.828471
85045,9.816743
85066,9.812052
85087,9.880077
85108,9.90588
85129,9.720568
85150,9.85662
85171,9.969215
85192,10.0302
85213,10.11934
85234,10.24836
85255,10.24601
85276,10.29058
85297,10.26243
85318,10.30935
85339,10.36799
85360,10.38441
85381,10.34688
85402,10.33984
85423,10.26478
85444,10.18971
85465,10.12638
85486,10.14749
85507,10.01144
85528,9.962177
85549,9.87304
85570,9.858966
85591,9.85662
85612,9.952795
85633,9.767483
85654,9.683037
85675,9.800323
85696,9.964523
85717,9.875386
85738,9.971561
85759,9.842546
85780,9.877731
85801,9.938721
85822,9.882422
85843,10.10996
85864,10.12872
85885,10.22021
85906,10.27885
85927,10.31169
85948,10.42429
85969,10.34453
85990,10.45478
86011,10.33749
86032,10.41021
86053,10.44071
86074,10.40552
86095,10.44071
86116,10.46182
86137,10.54392
86158,10.45244
86179,10.3891
86200,10.41725
86221,10.42429
86242,10.4454
86263,10.50404
86284,10.36799
86305,9.828471
86326,11.36258
86347,9.999709
86368,10.62133
86389,10.45478
86410,10.89812
86431,10.55565
86452,10.59552
86473,10.66355
86494,10.6354
86515,10.75503
86536,10.74331
86557,10.71281
86578,10.70577
86599,10.66121
86620,10.62367
86641,10.61664
86662,10.51811
86683,10.45478
86704,10.40787
86725,10.40083
86746,10.29762
86767,10.20613
86788,10.17329
86809,10.20613
86830,10.23428
86851,10.26243
86872,10.32811
86893,10.26243
86914,10.32342
86935,10.43601
86956,10.47824
86977,10.39614
86998,10.45713
87019,10.53688
87040,10.54626
87061,10.51811
87082,10.58614
87103,10.45009
87124,10.55799
87145,10.53219
87166,10.59318
87187,10.65417
87208,10.57676
87229,10.49466
87250,10.39379
87271,10.4149
87292,10.34922
87313,10.34453
87334,10.35157
87355,10.24366
87376,10.26008
87397,10.16156
87418,10.24601
87439,10.12403
87460,10.21083
87481,10.17564
87502,10.14514
87523,10.12872
87544,10.05601
87565,10.18033
87586,10.11934
87607,10.13342
87628,10.18737
87649,10.28823
87670,10.21786
87691,10.36095
87712,10.2765
87733,10.37268
87754,10.5838
87775,10.42194
87796,10.40787
87817,10.33749
87838,10.29058
87859,10.39379
87880,10.52281
87901,10.39614
87922,10.31169
87943,10.34688
87964,10.17564
87985,10.03255
88006,10.05132
88027,10.00909
88048,9.948103
88069,9.926992
88090,9.90588
88111,9.851928
88132,9.9223
88153,9.844892
88174,9.826125
88195,9.863657
88216,9.711185
88237,9.711185
88258,9.851928
88279,9.668962
88300,9.934029
88321,9.863657
88342,9.823779
88363,9.591553
88384,9.666616
88405,9.708839
88426,9.622047
88447,9.600936
88468,9.525873
88489,9.392166
88510,9.314757
88531,9.188088
88552,9.035616
88573,8.822155
88594,8.674374
88615,8.883143
88636,8.887836
88657,8.686103
88678,8.395233
88699,8.388196
88720,8.500791
88741,8.409307
88762,8.430418
88783,8.526593
88804,8.496099
88825,8.568816
88846,8.697831
88867,8.908947
88888,9.089567
88909,9.03327
88930,9.030925
88951,9.244386
88972,9.300683
88993,9.366363
89014,9.295992
89035,9.178705
89056,9.326486
89077,9.394512
89098,9.232656
89119,9.220928
89140,9.260805
89161,9.211545
89182,9.202163
89203,9.129445
89224,9.030925
89245,9.103642
89266,9.019196
89287,8.930058
89308,9.059073
89329,9.127099
89350,9.037962
89371,9.080185
89392,9.01685
89413,9.066111
89434,9.084876
89455,9.012158
89476,8.937096
89497,8.981664
89518,9.115371
89539,9.199817
89560,9.425007
89581,9.352288
89602,9.25846
89623,9.260805
89644,9.223273
89665,9.141173
89686,9.117716
89707,9.25846
89728,9.174014
89749,9.04969
89770,9.01685
89791,8.932404
89812,8.904256
89833,8.782278
89854,8.801044
89875,8.772895
89896,8.730671
89917,8.850304
89938,8.810426
89959,8.944133
89980,8.887836
90001,8.880798
90022,8.927712
90043,9.00043
90064,8.932404
90085,8.925366
90106,9.023888
90127,8.993393
90148,9.068456
90169,9.03327
90190,9.019196
90211,9.04969
90232,9.061419
90253,9.080185
90274,9.070802
90295,9.03327
90316,9.075493
90337,8.93475
90358,8.95117
90379,8.852649
90400,8.711905
90421,8.64388
90442,8.587582
90463,8.482024
90484,8.411653
90505,8.472641
90526,8.477333
90547,8.421036
90568,8.564125
90589,8.777586
90610,8.688448
90631,8.700177
90652,8.894873
90673,8.969935
90694,9.110679
90715,9.141173
90736,9.310066
90757,9.504761
90778,9.626739
90799,9.79094
90820,9.795631
90841,9.90588
90862,10.00206
90883,10.10058
90904,10.25774
90925,10.23428
90946,10.14514
90967,9.969215
90988,10.11465
91009,10.21786
91030,10.15453
91051,10.10527
91072,10.19675
91093,10.15687
91114,9.685382
91135,9.936375
91156,10.09354
91177,10.01378
91198,9.781557
91219,9.842546
91240,9.924646
91261,9.80736
91282,9.739333
91303,9.969215
91324,9.948103
91345,9.812052
91366,9.795631
91387,9.971561
91408,10.07008
91429,9.889461
91450,9.755754
91471,9.877731
91492,9.964523
91513,9.990326
91534,10.04897
91555,10.10292
91576,9.87304
91597,9.966869
91618,10.07712
91639,9.964523
91660,9.889461
91681,9.926992
91702,9.889461
91723,9.783903
91744,9.687728
91765,9.995018
91786,10.00675
91807,9.980944
91828,10.02317
91849,10.05601
91870,9.992672
91891,9.908226
91912,10.04662
91933,10.17564
91954,10.1123
91975,10.0607
91996,10.22021
92017,10.30231
92038,10.10996
92059,10.18268
92080,10.09823
92101,10.14045
92122,10.14749
92143,10.20144
92164,10.1428
92185,10.05601
92206,9.962177
92227,9.98329
92248,9.978598
92269,9.962177
92290,10.00909
92311,10.09354
92332,10.10292
92353,10.07946
92374,10.10996
92395,10.05835
92416,10.05132
92437,10.15218
92458,10.20379
92479,10.21786
92500,10.20144
92521,10.29058
92542,10.29996
92563,10.18737
92584,10.2765
92605,10.41256
92626,10.29527
92647,10.37033
92668,10.37503
92689,10.38675
92710,10.35157
92731,10.40552
92752,10.3328
92773,10.4149
92794,10.44305
92815,9.455501
