8827,9.77452
8848,9.931683
8869,10.0044
8890,9.748716
8911,9.713531
8932,9.877731
8953,9.877731
8974,9.945757
8995,9.936375
9016,9.833163
9037,9.844892
9058,9.926992
9079,9.903535
9100,9.976252
9121,10.0607
9142,10.00909
9163,10.0607
9184,9.964523
9205,9.943413
9226,10.0607
9247,10.09823
9268,10.09354
9289,10.10292
9310,10.07477
9331,10.2812
9352,10.30935
9373,10.35157
9394,10.29058
9415,10.37033
9436,10.49935
9457,10.49935
9478,10.48762
9499,10.62133
9520,10.52515
9541,10.64478
9562,10.5838
9583,10.70577
9604,10.63306
9625,10.5533
9646,10.52046
9667,10.55565
9688,10.45244
9709,10.36564
9730,10.32342
9751,10.33984
9772,10.18971
9793,10.33749
9814,10.17564
9835,10.29527
9856,10.18033
9877,10.17095
9898,10.21083
9919,10.18502
9940,10.13576
9961,10.1123
9982,10.06539
10003,10.20379
10024,10.18971
10045,10.13811
10066,10.17564
10087,10.09823
10108,10.22959
10129,10.16391
10150,10.20379
10171,10.1428
10192,10.27181
10213,10.19441
10234,10.1991
10255,10.1991
10276,10.23194
10297,10.26712
10318,10.11934
10339,10.117
10360,10.05132
10381,10.1428
10402,10.117
10423,10.15218
10444,10.10996
10465,10.07477
10486,10.06773
10507,10.1428
10528,10.16391
10549,10.14749
10570,10.17095
10591,10.15687
10612,10.17329
10633,10.21786
10654,10.13811
10675,10.12638
10696,10.09823
10717,10.29996
10738,10.36095
10759,10.40552
10780,10.2812
10801,10.3328
10822,10.31638
10843,10.33749
10864,10.35391
10885,10.31169
10906,10.22959
10927,10.28589
10948,10.22959
10969,10.29762
10990,10.24366
11011,10.11934
11032,10.10996
11053,10.13342
11074,10.12638
11095,10.20144
11116,10.22725
11137,10.23194
11158,10.24366
11179,10.32342
11200,10.25539
11221,10.21552
11242,10.24132
11263,10.33749
11284,10.31169
11305,10.34219
11326,10.33749
11347,10.29527
11368,10.39848
11389,10.40083
11410,10.40317
11431,10.51108
11452,10.45478
11473,10.51108
11494,10.41256
11515,10.42898
11537,10.40317
11558,10.41959
11579,10.33515
11600,10.25539
11621,10.29292
11642,10.20379
11663,10.10292
11684,10.17564
11705,10.14749
11726,10.14984
11747,10.12169
11768,10.15687
11789,10.18033
11810,10.22959
11831,10.25539
11852,10.33515
11873,10.34453
11894,10.48058
11915,10.6354
11936,10.45244
11957,10.53453
11978,10.62133
11999,10.60022
12020,10.57676
12041,10.64713
12062,10.61664
12083,10.70812
12104,10.69874
12125,10.65417
12146,10.53688
12167,10.50873
12188,10.45244
12209,10.3633
12230,10.41021
12251,10.24366
12272,10.1991
12293,10.07008
12314,10.18033
12335,9.995018
12356,9.945757
12377,9.826125
12398,9.800323
12419,9.877731
12440,9.779211
12461,9.74637
12482,9.725259
12503,9.840199
12524,9.715877
12545,9.556367
12566,9.586862
12587,9.645505
12608,9.518835
12629,9.427352
12650,9.284263
12671,9.288955
12692,9.211545
12713,9.059073
12734,9.052036
12755,9.169322
12776,9.13179
12797,9.120062
12818,9.113025
12839,9.211545
12860,9.253768
12881,9.246731
12902,9.338214
12923,9.354634
12944,9.277225
12965,9.317103
12986,9.40624
13007,9.420315
13028,9.326486
13049,9.24204
13070,9.401549
13091,9.333523
13112,9.303029
13133,9.415624
13154,9.432044
13175,9.361671
13196,9.354634
13217,9.342906
13238,9.425007
13259,9.54933
13280,9.408587
13301,9.471921
13322,9.50007
13343,9.422661
13364,9.403895
13385,9.385129
13406,9.462538
13427,9.443772
13448,9.378092
13469,9.25846
13490,9.267843
13511,9.359325
13532,9.303029
13553,9.260805
13574,9.295992
13595,9.211545
13616,9.225619
13637,9.185742
13658,9.091913
13679,9.176359
13700,9.235003
13721,9.232656
13742,9.178705
13763,9.211545
13784,9.220928
13805,9.281918
13826,9.272534
13847,9.272534
13868,9.270188
13889,9.284263
13910,9.281918
13931,9.263151
13952,9.253768
13973,9.225619
13994,9.23031
14015,9.265497
14036,9.138828
14057,9.220928
14078,9.073148
14099,9.087222
14120,9.169322
14141,9.087222
14162,9.026234
14183,9.056727
14204,9.002776
14226,9.026234
14247,9.061419
14268,9.030925
14289,9.096604
14310,9.105988
14331,8.939441
14352,8.906601
14373,8.915984
14394,8.976973
14415,8.986356
14436,8.953515
14457,8.972281
14478,8.972281
14499,9.01685
14520,9.014504
14541,9.084876
14562,9.026234
14583,9.070802
14604,9.122408
14625,9.108333
14646,9.300683
14667,9.091913
14688,9.218582
14709,9.014504
14730,9.115371
14751,9.096604
14772,9.148211
14793,9.014504
14814,9.002776
14835,8.887836
14856,8.967589
14877,9.138828
14898,9.01685
14919,8.937096
14940,9.014504
14961,8.991047
14982,9.028579
15003,9.220928
15024,9.09895
15045,9.141173
15066,9.403895
15087,9.399203
15108,9.561059
15129,9.706493
15150,9.722914
15171,9.668962
15192,9.882422
15213,10.03255
15234,9.9223
15255,9.929338
15276,10.20144
15297,10.15218
15318,10.0044
15339,9.976252
15360,10.07008
15381,9.793285
15402,9.7581
15423,9.80736
15444,9.729951
15465,9.624393
15486,9.556367
15507,9.7581
15528,9.668962
15549,9.605627
15570,9.443772
15591,9.485995
15612,9.474266
15633,9.507107
15654,9.511798
15675,9.607973
15696,9.441426
15717,9.511798
15738,9.25846
15759,9.152903
15780,9.427352
15801,9.56575
15822,9.403895
15843,9.399203
15864,9.577478
15885,9.528218
15906,9.410933
15927,9.448463
15948,9.537601
15969,9.629085
15990,9.701802
16011,9.535255
16032,9.48834
16053,9.478958
16074,9.671308
16095,9.626739
16116,9.453156
16137,9.281918
16158,9.260805
16179,9.38982
16200,9.448463
16221,9.476612
16242,9.354634
16263,9.544639
16284,9.840199
16305,9.776865
16326,9.87304
16347,9.751062
16368,9.903535
16389,10.07712
16410,10.21552
16431,10.10527
16452,10.10996
16473,10.43836
16494,10.45009
16515,10.36799
16536,10.50169
16557,10.5533
16578,10.68701
16599,10.57207
16620,10.52281
16641,10.59083
16662,10.67997
16683,10.62602
16704,10.55096
16725,10.54157
16746,10.53219
16767,10.52046
16788,10.54861
16809,10.34688
16830,10.31169
16851,10.41256
16872,10.28823
16893,10.25305
16914,10.30231
16935,10.23663
16956,10.51577
16977,10.70577
16998,10.75269
17019,10.87936
17040,10.98726
17061,11.15381
17082,11.04356
17103,11.03417
17124,11.02948
17145,10.88874
17166,10.82541
17187,10.78553
17208,10.86997
17229,10.81837
17250,10.71516
17271,10.70577
17292,10.63306
17313,10.63306
17334,10.62836
17355,10.79491
17376,10.73627
17397,10.6917
17418,10.78787
17439,10.79256
17460,10.78787
17481,10.79022
17502,10.86059
17523,10.85355
17544,10.84183
17565,10.79256
17586,10.79022
17607,10.68466
17628,10.72454
17649,10.80195
17670,10.75034
17691,10.6659
17712,10.64947
17733,10.45713
17754,10.52046
17775,10.37268
17796,10.31404
17817,10.26243
17838,10.12638
17859,10.12638
17880,10.16391
17901,10.15922
17922,10.05366
17943,9.973906
17964,9.964523
17985,10.03489
18006,10.00206
18027,10.15453
18048,10.11465
18069,10.0607
18090,10.1428
18111,10.29762
18132,10.30231
18153,10.33515
18174,10.42663
18195,10.52281
18216,10.49935
18237,10.50639
18258,10.41959
18279,10.41021
18300,10.48997
18321,10.46182
18342,10.56034
18363,10.497
18384,10.53923
18405,10.40787
18426,10.33749
18447,10.35157
18468,10.26478
18489,10.19206
18510,10.15453
18531,10.2249
18552,10.24366
18573,10.04193
18594,9.98798
18615,10.04897
18636,10.0044
18657,10.05132
18678,9.976252
18699,10.01848
18720,10.02786
18741,10.10996
18762,10.05601
18783,10.10996
18804,10.20144
18825,10.18737
18846,10.17329
18867,10.28354
18888,10.41256
18909,10.43601
18930,10.50404
18951,10.56034
18972,10.62836
18993,10.6096
19014,10.60491
19035,10.43367
19056,10.40317
19077,10.24601
19098,10.20144
19119,10.10058
19140,9.915263
19161,9.772174
19182,9.884768
19203,9.767483
19224,9.697111
19245,9.572787
19266,9.450809
19287,9.349943
19308,9.251423
19329,9.127099
19350,9.00043
19371,8.798697
19392,8.765858
19413,8.836229
19434,8.69314
19455,8.803389
19476,8.775241
19497,8.672029
19518,8.681411
19539,8.629806
19560,8.702522
19582,8.798697
19604,8.679066
19625,8.794006
19646,8.730671
19667,8.751783
19688,8.770549
19709,8.831537
19730,8.918329
19751,8.918329
19772,8.880798
19793,9.117716
19814,9.023888
19835,8.958207
19856,9.056727
19877,8.988701
19898,8.925366
19919,8.986356
19940,8.873761
19961,8.808081
19982,8.815118
20003,8.768204
20024,8.770549
20045,8.808081
20066,8.728326
20087,8.805735
20108,8.899564
20129,8.920675
20150,8.897219
20171,9.01685
20192,8.960552
20213,9.073148
20234,9.105988
20255,9.002776
20276,8.967589
20297,9.141173
20318,9.019196
20339,8.986356
20360,8.98401
20381,8.932404
20402,8.930058
20423,8.927712
20444,8.908947
20465,8.880798
20486,8.920675
20507,8.899564
20528,8.944133
20549,8.967589
20570,8.960552
20591,9.075493
20612,9.035616
20633,9.080185
20654,9.066111
20675,9.206854
20696,9.178705
20717,9.235003
20738,9.279572
20759,9.328832
20780,9.263151
20801,9.235003
20822,9.263151
20843,9.394512
20864,9.30772
20885,9.164631
20906,9.190434
20927,9.162285
20948,8.946478
20969,8.988701
20990,8.955861
21011,8.831537
21032,8.784623
21053,8.892527
21074,8.859686
21095,8.887836
21116,8.854995
21137,8.890181
21158,8.937096
21179,9.190434
21200,9.364017
21221,9.38982
21242,9.448463
21263,9.673654
21284,9.830817
21305,10.07008
21326,10.06539
21347,10.117
21368,9.917608
21389,9.926992
21410,10.0607
21431,10.02317
21452,9.863657
21473,10.01144
21494,9.962177
21515,9.9223
21536,9.877731
21557,9.875386
21578,9.950449
21599,9.866002
21620,9.861312
21641,9.941067
21662,9.950449
21683,9.896498
21704,9.751062
21725,9.898843
21746,9.77452
21767,9.537601
21788,9.422661
21809,9.739333
21830,9.793285
21851,9.600936
21872,9.467229
21893,9.514144
21914,9.56575
21935,9.572787
21956,9.485995
21977,9.551676
21998,9.610318
22019,9.460192
22040,9.61501
22061,9.584516
22082,9.563404
22103,9.502416
22124,9.509453
22145,9.460192
22166,9.50007
22187,9.514144
22208,9.64785
22229,9.769828
22250,9.673654
22271,9.74637
22292,9.753407
22313,9.704147
22334,9.539948
22355,9.399203
22376,9.434389
22397,9.446118
22418,9.528218
22439,9.66427
22460,9.54933
22481,9.624393
22502,9.636122
22523,9.751062
22544,9.889461
22565,10.01144
22586,10.20613
22607,10.28354
22628,10.45244
22649,10.4149
22670,10.36799
22691,10.45478
22712,10.3328
22733,10.32107
22754,10.3891
22775,10.40787
22796,10.38206
22817,10.41725
22838,10.29996
22859,10.41725
22880,10.29058
22901,10.30935
22922,10.33046
22943,10.29996
22964,10.4712
22985,10.38206
23006,10.5533
23027,10.51342
23048,10.52515
23069,10.69639
23090,10.71046
23111,10.75034
23132,10.82541
23153,10.95911
23174,11.03887
23195,10.97553
23216,10.97084
23237,11.02245
23258,10.94738
23279,11.00837
23300,10.89109
23321,10.90751
23342,10.88874
23363,10.77614
23384,10.82306
23405,10.75972
23426,10.7738
23447,10.72688
23468,10.66355
23489,10.76911
23510,10.60022
23531,10.59083
23552,10.7175
23573,10.63775
23594,10.66121
23615,10.65182
23636,10.6354
23657,10.62133
23678,10.65651
23699,10.66355
23720,10.68466
23741,10.56738
23762,10.74565
23783,10.6354
23804,10.56034
23825,10.52515
23846,10.50169
23867,10.4149
23888,10.37268
23909,10.43601
23930,10.25539
23951,10.16391
23972,10.23663
23993,10.18268
24014,10.12403
24035,10.17329
24056,10.14984
24077,10.18268
24098,10.14749
24119,10.10761
24140,10.16626
24161,10.14514
24182,10.21552
24203,10.18971
24224,10.2249
24245,10.2249
24266,10.33984
24287,10.30935
24308,10.21317
24329,10.17329
24350,10.25539
24371,10.29996
24392,10.31873
24413,10.22959
24434,10.35157
24455,10.18737
24476,10.11934
24497,10.10761
24518,10.01378
24539,10.12872
24560,10.1123
24581,9.98798
24602,9.952795
24623,9.919954
24644,9.931683
24665,9.793285
24686,9.812052
24707,9.837853
24728,9.980944
24749,9.847238
24770,9.837853
24791,9.995018
24812,9.938721
24833,9.943413
24854,9.997364
24875,9.999709
24896,9.950449
24917,10.00675
24938,10.00675
24959,10.06773
24980,10.07477
25001,10.04662
25022,9.978598
25043,10.09354
25064,10.13107
25085,10.09119
25106,10.02786
25127,10.1123
25148,10.16626
25169,10.03489
25190,9.866002
25211,9.903535
25232,9.936375
25253,9.926992
25274,9.797977
25295,9.819089
25316,9.863657
25337,9.943413
25358,9.844892
25379,9.976252
25400,10.00206
25421,10.02786
25442,10.0302
25463,10.05601
25484,10.00206
25505,10.10996
25526,10.117
25547,9.980944
25568,9.955141
25589,9.819089
25610,9.929338
25631,9.884768
25652,9.908226
25673,9.7581
25694,9.699456
25715,9.889461
25736,9.802669
25757,9.734642
25778,9.786248
25799,9.894152
25820,9.980944
25841,9.854274
25862,9.793285
25883,9.74637
25904,9.781557
25925,9.612664
25946,9.593899
25967,9.523527
25988,9.668962
26009,9.654888
26030,9.525873
26051,9.542293
26072,9.568096
26093,9.528218
26114,9.493032
26135,9.542293
26156,9.58217
26177,9.612664
26198,9.535255
26219,9.464884
26240,9.471921
26261,9.450809
26282,9.305374
26303,9.446118
26324,9.368709
26345,9.396858
26366,9.335869
26387,9.171668
26408,9.310066
26429,9.295992
26450,9.237348
26471,9.204508
26492,9.244386
26513,9.251423
26534,9.070802
26555,9.129445
26576,9.253768
26597,9.13179
26618,9.148211
26639,9.054381
26660,9.066111
26681,8.98401
26702,9.075493
26723,9.101295
26744,9.023888
26765,9.056727
26786,9.037962
26807,9.054381
26828,9.087222
26849,9.178705
26870,9.371055
26891,9.272534
26912,9.284263
26933,9.279572
26954,9.312411
26975,9.342906
26996,9.321795
27017,9.319448
27038,9.361671
27059,9.385129
27080,9.380438
27101,9.347597
27122,9.27488
27143,9.403895
27164,9.382783
27185,9.314757
27206,9.378092
27227,9.349943
27248,9.34056
27269,9.338214
27290,9.30772
27311,9.364017
27332,9.399203
27353,9.349943
27374,9.270188
27395,9.38982
27416,9.342906
27437,9.328832
27458,9.373401
27479,9.295992
27500,9.387475
27521,9.446118
27542,9.439081
27563,9.427352
27584,9.460192
27605,9.453156
27626,9.392166
27647,9.495378
27668,9.310066
27689,9.345251
27710,9.317103
27731,9.223273
27752,9.13179
27773,9.145865
27794,9.23031
27815,9.164631
27836,9.091913
27857,9.143519
27878,9.129445
27899,9.04969
27920,9.054381
27941,9.124753
27962,9.063765
27983,9.073148
28004,9.15994
28025,9.225619
28046,9.213891
28067,9.288955
28088,9.284263
28109,9.270188
28130,9.352288
28151,9.25846
28172,9.286609
28193,9.446118
28214,9.589207
28235,9.544639
28256,9.575133
28277,9.692419
28298,9.572787
28319,9.54933
28340,9.53291
28361,9.394512
28382,9.399203
28403,9.35698
28424,9.399203
28445,9.462538
28466,9.352288
28487,9.265497
28508,9.220928
28529,9.267843
28550,9.110679
28571,9.19278
28592,9.317103
28613,9.333523
28634,9.284263
28655,9.436735
28676,9.455501
28697,9.497724
28718,9.399203
28739,9.504761
28760,9.673654
28781,9.636122
28802,9.650196
28823,9.751062
28844,10.05366
28865,9.955141
28886,9.896498
28907,9.955141
28928,10.0044
28949,9.701802
28970,9.87304
28991,10.05601
29012,9.840199
29033,9.650196
29054,9.680691
29075,9.861312
29096,9.797977
29117,9.772174
29138,9.802669
29159,9.814397
29180,9.744025
29201,9.814397
29222,9.90588
29243,9.898843
29264,9.814397
29285,9.753407
29306,9.795631
29327,9.823779
29348,9.593899
29369,9.79094
29390,9.701802
29411,9.687728
29432,9.53291
29453,9.673654
29474,9.607973
29495,9.41797
29516,9.303029
29537,9.535255
29558,9.622047
29579,9.410933
29600,9.364017
29621,9.453156
29642,9.546985
29663,9.736988
29684,9.692419
29705,9.523527
29726,9.422661
29747,9.755754
29768,9.805015
29789,9.514144
29810,9.638468
29831,9.586862
29852,9.739333
29873,9.924646
29894,9.997364
29915,9.976252
29936,9.936375
29957,10.10527
29978,10.31404
29999,10.30935
30020,10.33984
30041,10.3328
30062,10.39614
30083,10.42429
30104,10.54626
30125,10.45713
30146,10.36799
30167,10.34219
30188,10.37033
30209,10.27885
30230,10.17329
30251,10.10761
30272,10.17095
30293,10.18033
30314,10.20848
30336,10.16391
30359,10.09119
30380,10.1428
30401,10.05132
30422,10.02786
30443,9.971561
30464,10.04193
30485,10.00909
30506,10.04662
30527,10.117
30548,10.21317
30569,10.39614
30590,10.45009
30611,10.52046
30632,10.59787
30653,10.62367
30674,10.67059
30695,10.70812
30716,10.75034
30737,10.75972
30758,10.78318
30779,10.79491
30800,10.62133
30821,10.66121
30842,10.59083
30863,10.64009
30884,10.6659
30905,10.53453
30926,10.58614
30947,10.58849
30968,10.67059
30989,10.79491
31010,10.68466
31031,10.56503
31052,10.54626
31073,10.64244
31094,10.63071
31115,10.68232
31136,10.65886
31157,10.67528
31179,10.77849
31200,10.70577
31221,10.80899
31242,10.64009
31263,10.64713
31284,10.84183
31305,10.75503
31326,10.63071
31347,10.60725
31368,10.54861
31389,10.48762
31410,10.37972
31431,10.37033
31452,10.11934
31473,10.13811
31494,10.12403
31515,10.09823
31536,10.10996
31557,10.01848
31578,9.999709
31599,10.02551
31620,10.08181
31641,10.04193
31662,10.06773
31683,10.04662
31704,10.02317
31725,10.10527
31746,10.16156
31767,10.18502
31788,10.18971
31809,10.117
31830,10.13342
31851,10.10996
31872,10.15453
31893,10.16626
31914,10.05835
31935,10.14514
31956,10.17564
31977,9.980944
31998,10.03724
32019,9.880077
32040,9.835509
32061,9.840199
32082,9.79094
32103,9.760445
32124,9.795631
32145,9.767483
32166,9.697111
32187,9.786248
32208,9.720568
32229,9.826125
32250,9.851928
32271,9.779211
32292,9.87304
32313,10.03724
32334,10.07008
32355,10.07712
32376,10.15687
32397,10.307
32418,10.29762
32439,10.22255
32460,10.3328
32481,10.53688
32502,10.54392
32523,10.47355
32544,10.56268
32565,10.63071
32586,10.58145
32607,10.60725
32628,10.60491
32649,10.54392
32670,10.60725
32691,10.62836
32712,10.46416
32733,10.50873
32754,10.42429
32775,10.41021
32796,10.35626
32817,10.31638
32838,9.894152
32859,10.36799
32880,10.42663
32901,9.98798
32922,9.976252
32943,10.13107
32964,10.16391
32985,9.80736
33006,10.14045
33027,10.10058
33048,9.98798
33069,9.980944
33090,10.02082
33111,10.13342
33132,10.06305
33153,9.945757
33174,9.880077
33195,9.797977
33216,9.624393
33237,9.509453
33258,9.509453
33279,9.446118
33300,9.288955
33321,9.300683
33342,9.129445
33363,9.220928
33384,9.068456
33405,8.946478
33426,8.946478
33447,8.960552
33468,8.93475
33489,8.946478
33510,8.911292
33531,8.885489
33552,9.026234
33573,9.035616
33594,9.103642
33615,8.930058
33636,8.915984
33657,9.136482
33678,9.270188
33699,9.169322
33720,9.25846
33741,9.425007
33762,9.495378
33783,9.396858
33804,9.321795
33825,9.439081
33846,9.25846
33867,9.267843
33888,9.425007
33909,9.41797
33930,9.382783
33951,9.415624
33972,9.427352
33993,9.410933
34014,9.077839
34035,9.084876
34056,9.183396
34077,9.23031
34098,9.152903
34119,9.120062
34140,9.174014
34161,9.199817
34182,9.155248
34203,9.108333
34224,9.01685
34245,9.103642
34266,9.171668
34287,9.169322
34308,9.181051
34329,9.326486
34350,9.34056
34371,9.317103
34392,9.293646
34413,9.326486
34434,9.382783
34455,9.342906
34476,9.244386
34497,9.310066
34518,9.227965
34539,9.24204
34560,9.23031
34581,9.169322
34602,9.143519
34623,9.2092
34644,9.108333
34665,9.197471
34686,9.120062
34707,9.145865
34728,9.197471
34749,9.171668
34770,9.190434
34791,9.178705
34812,9.166977
34833,9.25846
34854,9.225619
34875,9.265497
34896,9.253768
34917,9.303029
34938,9.347597
34959,9.333523
34980,9.366363
35001,9.40624
35022,9.422661
35043,9.366363
35064,9.469575
35085,9.382783
35106,9.314757
35127,9.321795
35148,9.2913
35169,9.263151
35190,9.239694
35211,9.2913
35232,9.263151
35253,9.183396
35274,9.138828
35295,9.150557
35316,9.117716
35337,9.145865
35358,9.007467
35379,9.120062
35400,9.213891
35421,9.077839
35442,9.021542
35463,9.169322
35484,9.216236
35505,9.13179
35526,9.34056
35547,9.345251
35568,9.399203
35589,9.359325
35610,9.467229
35631,9.485995
35652,9.507107
35673,9.511798
35694,9.490686
35715,9.469575
35736,9.432044
35757,9.504761
35778,9.521181
35799,9.40624
35820,9.425007
35841,9.514144
35862,9.371055
35883,9.432044
35904,9.425007
35925,9.441426
35946,9.385129
35967,9.41797
35988,9.392166
36009,9.50007
36030,9.410933
36051,9.467229
36072,9.436735
36093,9.345251
36114,9.263151
36135,9.441426
36156,9.476612
36177,9.427352
36198,9.338214
36219,9.401549
36240,9.530564
36261,9.554022
36282,9.645505
36303,9.708839
36324,9.683037
36345,9.678345
36366,9.556367
36387,9.596244
36408,9.732296
36429,9.600936
36450,9.685382
36471,9.668962
36492,9.593899
36513,9.626739
36534,9.575133
36555,9.66427
36576,9.521181
36597,9.396858
36618,9.507107
36639,9.476612
36660,9.378092
36681,9.471921
36702,9.422661
36723,9.413278
36744,9.48834
36765,9.366363
36786,9.539948
36807,9.617355
36828,9.551676
36849,9.633776
36870,9.666616
36891,9.619701
36912,9.64785
36933,9.755754
36954,9.575133
36975,9.783903
36996,9.816743
37017,9.854274
37038,9.875386
37059,9.891806
37080,9.809706
37101,9.992672
37122,9.999709
37143,9.952795
37164,10.01848
37185,10.02786
37206,10.12403
37227,10.01613
37248,10.02317
37269,10.09823
37290,10.0607
37311,10.11934
37332,10.12872
37353,10.26478
37374,10.22725
37395,10.35626
37416,10.53219
37437,10.52515
37458,10.5533
37479,10.54861
37500,10.54861
37521,10.48762
37542,10.51811
37563,10.50639
37584,10.44774
37605,10.63071
37626,10.57676
37647,10.64009
37668,10.58145
37689,10.54392
37710,10.62133
37731,10.61664
37752,10.48762
37773,10.48528
37794,10.48762
37815,10.52046
37836,10.52046
37857,10.53923
37878,10.43601
37899,10.44071
37920,10.41959
37941,10.38675
37962,10.43601
37983,10.38206
38004,10.42898
38025,10.33984
38046,10.33749
38067,10.30231
38088,10.33515
38109,10.35626
38130,10.31873
38151,10.37268
38172,10.2765
38193,10.29292
38214,10.30935
38235,10.26243
38256,10.23897
38277,10.27885
38298,10.3328
38319,10.35861
38340,10.24836
38361,10.25305
38382,10.23663
38403,10.23897
38424,10.24836
38445,10.2507
38466,10.23663
38487,10.16156
38508,10.16156
38529,10.18971
38550,10.16156
38571,10.17329
38592,10.117
38613,10.25305
38634,10.36564
38655,10.29292
38676,10.28823
38697,10.30231
38718,10.40787
38739,10.3891
38760,10.40083
38781,10.44774
38802,10.45244
38823,10.5275
38844,10.48293
38865,10.5275
38886,10.59318
38907,10.58614
38928,10.71046
38949,10.65651
38970,10.70577
38991,10.60256
39012,10.62367
39033,10.71046
39054,10.52281
39075,10.5838
39096,10.5275
39117,10.42429
39138,10.3891
39159,10.41959
39180,10.41959
39201,10.35391
39222,10.3891
39243,10.46182
39264,10.43601
39285,10.50404
39306,10.53219
39327,10.6096
39348,10.55565
39369,10.64478
39390,10.66355
39411,10.75034
39432,10.72454
39453,10.75269
39474,10.95677
39495,10.89812
39516,10.88405
39537,10.85355
39558,11.02948
39579,10.74096
39600,10.7738
39621,10.70577
39642,10.72454
39663,10.61194
39684,10.59318
39705,10.50639
39726,10.56738
39747,10.42898
39768,10.42194
39789,10.22725
39810,10.12638
39831,10.04662
39852,9.919954
39873,9.915263
39894,9.751062
39915,9.830817
39936,9.690074
39957,9.577478
39978,9.636122
39999,9.690074
40020,9.539948
40041,9.530564
40062,9.568096
40083,9.507107
40104,9.56575
40125,9.514144
40146,9.579824
40167,9.666616
40188,9.51649
40209,9.600936
40230,9.708839
40251,9.643159
40272,9.523527
40293,9.382783
40314,9.551676
40335,9.502416
40356,9.53291
40377,9.48834
40398,9.460192
40419,9.394512
40440,9.319448
40461,9.35698
40482,9.387475
40503,9.38982
40524,9.382783
40545,9.392166
40566,9.410933
40587,9.59859
40608,9.537601
40629,9.556367
40650,9.729951
40671,9.715877
40692,9.504761
40713,9.464884
40734,9.591553
40755,9.64785
40776,9.607973
40797,9.333523
40818,9.272534
40839,9.392166
40860,9.335869
40881,9.345251
40902,9.145865
40923,9.155248
40944,9.166977
40965,9.117716
40986,9.075493
41007,9.105988
41028,9.145865
41049,9.171668
41070,9.19278
41091,9.113025
41112,9.117716
41133,9.077839
41154,9.091913
41175,9.089567
41196,9.138828
41217,9.181051
41238,9.190434
41259,9.113025
41280,9.127099
41301,9.075493
41322,9.014504
41343,9.129445
41364,9.061419
41385,9.080185
41406,9.152903
41427,9.150557
41448,9.113025
41469,9.101295
41490,9.127099
41511,9.120062
41532,9.09895
41553,9.087222
41574,9.080185
41595,9.129445
41616,9.143519
41637,9.089567
41658,9.143519
41679,9.15994
41700,9.148211
41721,9.13179
41742,9.281918
41763,9.213891
41784,9.155248
41805,9.218582
41826,9.312411
41847,9.281918
41868,9.211545
41889,9.305374
41910,9.326486
41931,9.286609
41952,9.260805
41973,9.359325
41994,9.295992
42015,9.321795
42036,9.270188
42057,9.249077
42078,9.162285
42099,9.199817
42120,9.164631
42141,9.122408
42162,9.047344
42183,9.094258
42204,9.059073
42225,8.995738
42246,8.993393
42267,9.120062
42288,9.13179
42309,9.101295
42330,9.120062
42351,9.176359
42372,9.089567
42393,9.094258
42414,9.164631
42435,9.251423
42456,9.164631
42477,9.232656
42498,9.382783
42519,9.368709
42540,9.281918
42561,9.392166
42582,9.467229
42603,9.371055
42624,9.354634
42645,9.462538
42666,9.497724
42687,9.478958
42708,9.558713
42729,9.546985
42750,9.53291
42771,9.467229
42792,9.387475
42813,9.469575
42834,9.460192
42855,9.321795
42876,9.392166
42897,9.368709
42918,9.364017
42939,9.40624
42960,9.523527
42981,9.392166
43002,9.166977
43023,9.314757
43044,9.502416
43065,9.483649
43086,9.434389
43107,9.378092
43128,9.321795
43149,9.310066
43170,9.429698
43191,9.413278
43212,9.495378
43233,9.432044
43254,9.457847
43275,9.683037
43296,9.744025
43317,9.640813
43338,9.441426
43359,9.558713
43380,9.666616
43401,9.579824
43422,9.537601
43443,9.53291
43464,9.504761
43485,9.643159
43506,9.788594
43527,9.87304
43548,9.821435
43569,9.725259
43590,9.802669
43611,9.753407
43632,9.772174
43653,9.800323
43674,9.711185
43695,9.600936
43716,9.739333
43737,9.875386
43758,9.7581
43779,9.732296
43800,9.734642
43821,9.833163
43842,9.943413
43863,9.748716
43884,9.769828
43905,9.809706
43926,9.851928
43947,9.901189
43968,9.966869
43989,9.797977
44010,9.833163
44031,9.9223
44052,9.948103
44073,9.948103
44094,9.964523
44115,10.19441
44136,10.26243
44157,10.36095
44178,10.34219
44199,10.35391
44220,10.30465
44241,10.48997
44262,10.34922
44283,10.48997
44304,10.62602
44325,10.66121
44346,10.67528
44367,10.60491
44388,10.72454
44409,10.79256
44430,10.73627
44451,10.76911
44472,10.66121
44493,10.56268
44514,10.62836
44535,10.68466
44556,10.68701
44577,10.74565
44598,10.64947
44619,10.74565
44640,10.76207
44661,10.78787
44682,10.72219
44703,10.67059
44724,10.64478
44745,10.74331
44766,10.68701
44787,10.67762
44808,10.77614
44829,10.73158
44850,10.73861
44871,10.7738
44892,10.81133
44913,10.79022
44934,10.81368
44955,10.79022
44976,10.79022
44997,10.76676
45018,10.90751
45039,10.86059
45060,10.75738
45081,10.67528
45102,10.6917
45123,10.64947
45144,10.64009
45165,10.67293
45187,10.6659
45208,10.59787
45229,10.54626
45250,10.52046
45271,10.59787
45292,10.60491
45313,10.5275
45334,10.52281
45355,10.497
45376,10.50873
45397,10.56972
45418,10.49231
45439,10.48762
45460,10.40083
45481,10.38441
45502,10.49231
45523,10.56034
45544,10.46416
45565,10.48997
45586,10.50639
45607,10.39848
45628,10.55565
45649,10.47589
45670,10.43836
45691,10.48997
45712,10.34453
45733,10.32107
45754,10.46651
45775,10.32576
45796,10.29292
45817,10.25774
45838,10.18502
45859,10.0865
45880,10.17329
45901,10.09823
45922,10.13107
45943,10.19675
45964,10.21552
45985,10.12403
46006,10.10527
46027,10.07008
46048,10.10058
46069,10.09823
46090,10.06539
46111,10.13342
46132,10.22021
46153,10.18268
46174,10.2765
46195,10.44305
46216,10.31169
46237,10.35861
46258,10.37268
46279,10.4712
46300,10.43836
46321,10.50404
46342,10.47824
46363,10.37972
46384,10.53453
46405,10.44305
46426,10.37268
46447,10.23663
46468,10.25774
46489,10.24132
46510,10.28589
46531,10.30465
46552,10.17564
46573,10.19206
46594,10.2249
46615,10.12403
46636,9.915263
46657,9.926992
46678,9.992672
46699,9.997364
46720,9.901189
46741,9.762791
46762,9.854274
46783,9.9223
46804,9.898843
46825,9.943413
46846,9.929338
46867,9.915263
46888,9.863657
46909,9.877731
46930,9.858966
46951,9.640813
46972,9.706493
46993,9.680691
47014,9.739333
47035,9.467229
47056,9.483649
47077,9.523527
47098,9.425007
47119,9.380438
47140,9.399203
47161,9.514144
47182,9.554022
47203,9.537601
47224,9.432044
47245,9.38982
47266,9.40624
47287,9.349943
47308,9.450809
47329,9.347597
47350,9.310066
47371,9.23031
47392,9.288955
47413,9.310066
47434,9.286609
47455,9.359325
47476,9.321795
47497,9.453156
47518,9.368709
47539,9.270188
47560,9.185742
47581,9.145865
47602,9.181051
47623,9.183396
47644,9.108333
47665,9.13179
47686,9.101295
47707,9.042653
47728,9.171668
47749,9.054381
47770,8.958207
47791,9.113025
47812,9.127099
47833,9.145865
47854,9.096604
47875,9.037962
47896,9.185742
47917,9.03327
47938,9.101295
47959,9.101295
47980,9.089567
48001,9.087222
48022,9.244386
48043,9.04969
48064,9.206854
48085,9.108333
48106,9.235003
48127,8.953515
48148,9.284263
48169,9.23031
48190,9.561059
48211,8.969935
48232,9.237348
48253,9.164631
48274,9.15994
48295,9.202163
48316,9.281918
48337,9.263151
48358,9.089567
48379,9.218582
48400,9.218582
48421,9.148211
48442,9.220928
48463,9.185742
48484,9.13179
48505,9.246731
48526,9.195126
48547,9.197471
48568,9.25846
48589,9.218582
48610,9.164631
48631,9.263151
48652,9.314757
48673,9.272534
48694,9.279572
48715,9.314757
48736,9.312411
48757,9.249077
48778,9.380438
48799,9.251423
48820,9.249077
48841,9.317103
48862,9.270188
48883,9.171668
48904,9.326486
48925,9.162285
48946,9.113025
48967,9.122408
48988,9.188088
49009,9.012158
49030,8.976973
49051,9.166977
49072,9.195126
49093,8.906601
49114,9.030925
49135,9.188088
49156,9.141173
49177,9.185742
49198,9.253768
49219,9.202163
49240,9.314757
49261,9.251423
49282,9.317103
49303,9.317103
49324,9.432044
49345,9.511798
49366,9.56575
49387,9.441426
49408,9.394512
49429,9.457847
49450,9.607973
49471,9.530564
49492,9.586862
49513,9.511798
49534,9.432044
49555,9.464884
49576,9.525873
49597,9.474266
49618,9.591553
49639,9.673654
49660,9.607973
49681,9.48834
49702,9.600936
49723,9.80736
49744,9.882422
49765,9.835509
49786,9.882422
49807,10.09354
49828,10.0302
49849,9.945757
49870,10.10527
49891,10.10527
49912,10.01144
49933,10.13107
49954,10.06773
49975,10.00909
49996,10.02082
50017,10.21552
50038,9.969215
50059,9.908226
50080,9.985635
50101,10.03724
50122,9.973906
50143,9.809706
50164,10.00909
50185,9.985635
50206,9.812052
50227,9.624393
50248,9.788594
50269,9.788594
50290,9.48834
50311,9.408587
50332,9.600936
50353,9.53291
50374,9.345251
50395,9.361671
50416,9.476612
50437,9.511798
50458,9.434389
50479,9.225619
50500,9.206854
50521,9.394512
50542,9.453156
50563,9.371055
50584,9.361671
50605,9.589207
50626,9.659579
50647,9.715877
50668,9.596244
50689,9.593899
50710,9.694765
50731,9.781557
50752,9.877731
50773,9.884768
50794,9.948103
50815,9.990326
50836,9.931683
50857,10.05132
50878,10.05132
50899,10.0302
50920,10.17095
50941,10.1686
50962,10.307
50983,10.32811
51004,10.23194
51025,10.3328
51046,10.20613
51067,10.15453
51088,10.14984
51109,10.25774
51130,10.37268
51151,10.45947
51172,10.43601
51193,10.34453
51214,10.45947
51235,10.58614
51256,10.58849
51277,10.66121
51298,10.64478
51319,10.6917
51340,10.76911
51361,10.73627
51382,10.78553
51403,10.82306
51424,10.81602
51445,10.75972
51466,10.76676
51487,10.73861
51508,10.67997
51529,10.71516
51550,10.58849
51571,10.60256
51592,10.59318
51613,10.56738
51634,10.55565
51655,10.51811
51676,10.58614
51697,10.61429
51718,10.54861
51739,10.5275
51760,10.54626
51781,10.67528
51802,10.75269
51823,10.69639
51847,10.80195
51872,10.80195
51893,10.748
51914,10.63775
51935,10.68232
51956,10.7175
51977,10.61429
51998,10.59787
52019,10.497
52040,10.46885
52061,10.4454
52082,10.41256
52103,10.35391
52124,10.26947
52145,10.2507
52166,10.14514
52187,10.25305
52208,10.26008
52229,10.2507
52250,10.32342
52271,10.38441
52292,10.34453
52313,10.3328
52334,10.29996
52355,10.37033
52376,10.20613
52397,10.24601
52418,10.31404
52439,10.23897
52460,10.33046
52481,10.18268
52502,10.14749
52523,10.18971
52544,10.07946
52565,10.07243
52586,10.14514
52607,10.01613
52628,9.931683
52649,9.934029
52670,9.9223
52691,9.837853
52712,9.77452
52733,9.79094
52754,9.680691
52775,9.575133
52796,9.657233
52817,9.713531
52838,9.617355
52859,9.59859
52880,9.607973
52901,9.741679
52922,9.779211
52943,9.74637
52964,9.868348
52985,9.90588
53006,9.995018
53027,9.863657
53048,10.06539
53069,10.17095
53090,10.2812
53111,10.23194
53132,10.36564
53153,10.41725
53174,10.40552
53195,10.56972
53216,10.5838
53237,10.48997
53258,10.43132
53279,10.61664
53300,10.65417
53321,10.53688
53342,10.48997
53363,10.54392
53384,10.497
53405,10.32576
53426,10.39379
53447,10.28354
53468,10.30465
53489,10.34219
53511,10.52984
53532,10.307
53553,10.30231
53574,10.23428
53595,10.3328
53616,10.2812
53637,10.30465
53658,10.27416
53679,10.22255
53700,10.23428
53721,10.32342
53742,10.33515
53763,10.19441
53784,10.03489
53805,10.17095
53826,10.20379
53847,10.17095
53868,10.08416
53889,9.924646
53910,9.934029
53931,9.90588
53952,9.783903
53973,9.645505
53994,9.586862
54015,9.687728
54036,9.518835
54057,9.354634
54078,9.352288
54099,9.493032
54120,9.455501
54141,9.422661
54162,9.403895
54183,9.483649
54204,9.493032
54225,9.640813
54246,9.511798
54267,9.474266
54288,9.408587
54309,9.446118
54330,9.591553
54351,9.53291
54372,9.281918
54393,9.317103
54414,9.448463
54435,9.30772
54456,9.089567
54477,9.08253
54498,9.075493
54519,9.040307
54540,9.148211
54561,9.077839
54582,9.084876
54603,9.054381
54624,8.817463
54645,8.789314
54666,8.836229
54687,8.772895
54708,8.904256
54729,9.026234
54750,9.070802
54771,8.998084
54792,9.021542
54813,8.93475
54834,8.991047
54855,9.014504
54876,9.077839
54897,9.070802
54918,9.15994
54939,9.094258
54960,9.178705
54981,9.239694
55002,9.237348
55023,9.204508
55044,9.380438
55065,9.24204
55086,9.246731
55107,9.251423
55128,9.239694
55149,9.239694
55170,9.253768
55191,9.166977
55212,9.150557
55233,9.150557
55254,9.122408
55275,9.190434
55296,9.094258
55317,9.176359
55338,9.176359
55359,9.122408
55380,9.117716
55401,9.077839
55422,9.169322
55443,9.152903
55464,9.178705
55485,9.176359
55506,9.162285
55527,9.185742
55548,9.188088
55569,9.143519
55590,9.164631
55611,9.206854
55632,9.314757
55653,9.216236
55674,9.056727
55695,9.141173
55716,9.105988
55737,9.037962
55758,9.035616
55779,8.969935
55800,8.972281
55821,8.918329
55842,8.894873
55863,8.939441
55884,8.899564
55905,8.796351
55926,8.801044
55947,8.777586
55968,8.819809
55989,8.838574
56010,8.772895
56031,8.784623
56052,8.920675
56073,8.873761
56094,8.812772
56115,8.944133
56136,9.037962
56157,8.927712
56178,8.941787
56199,9.09895
56220,9.110679
56241,9.155248
56262,9.157594
56283,9.148211
56304,9.070802
56325,9.134136
56346,9.178705
56367,9.197471
56388,9.202163
56409,9.232656
56430,9.260805
56451,9.220928
56472,9.213891
56493,9.267843
56514,9.25846
56535,9.387475
56556,9.399203
56577,9.478958
56598,9.586862
56619,9.676
56640,9.673654
56661,9.718222
56682,9.866002
56703,9.783903
56724,9.741679
56745,9.772174
56766,9.821435
56787,9.837853
56808,9.713531
56829,9.713531
56850,9.861312
56871,9.9223
56892,10.03255
56913,10.00909
56934,9.969215
56955,10.0044
56976,9.936375
56997,10.04897
57018,10.12638
57039,9.955141
57060,9.889461
57081,9.847238
57102,9.814397
57123,9.898843
57144,9.924646
57165,9.934029
57186,9.795631
57207,9.626739
57228,9.931683
57249,9.924646
57270,9.736988
57291,9.704147
57312,9.971561
57333,9.976252
57354,9.809706
57375,9.955141
57396,9.98329
57417,10.01144
57438,9.894152
57459,9.973906
57480,10.10058
57501,9.802669
57522,10.31873
57543,10.25539
57564,10.27885
57585,10.23897
57606,10.1686
57627,10.26008
57648,10.32576
57669,10.24366
57690,10.25539
57711,10.20613
57732,10.13107
57753,10.14984
57774,9.999709
57795,10.05132
57816,10.00206
57837,9.98798
57858,10.01613
57879,10.07008
57900,9.973906
57921,9.936375
57942,9.830817
57963,9.943413
57984,9.889461
58005,9.90588
58026,9.936375
58047,9.90588
58068,9.858966
58089,9.772174
58110,9.959831
58131,9.901189
58152,9.98329
58173,10.0302
58194,10.10292
58215,10.06539
58236,10.12638
58257,10.22725
58278,10.18971
58299,10.21786
58320,10.13342
58341,10.17329
58362,10.1686
58383,10.13107
58404,10.11465
58425,10.17095
58446,10.14045
58467,10.17329
58488,10.13342
58509,10.3328
58530,10.25774
58551,10.2249
58572,10.23194
58593,10.31404
58614,10.32342
58635,10.30465
58656,10.31638
58677,10.39614
58698,10.3891
58719,10.40317
58740,10.49231
58761,10.68935
58782,10.81368
58803,10.73392
58824,10.76911
58845,10.6659
58866,10.72454
58887,10.71046
58908,10.62367
58929,10.51342
58950,10.497
58971,10.44305
58992,10.45478
59013,10.37972
59034,10.4712
59055,10.41021
59076,10.41725
59097,10.40552
59118,10.44305
59139,10.48997
59160,10.4712
59181,10.56503
59202,10.49231
59223,10.49466
59244,10.59083
59265,10.61898
59286,10.5791
59307,10.55565
59328,10.6096
59349,10.50404
59370,10.61898
59391,10.60022
59412,10.69639
59433,10.60725
59454,10.50169
59475,10.55565
59496,10.55799
59517,10.45947
59538,10.33984
59559,10.22021
59580,10.1686
59601,10.09354
59622,10.14514
59643,10.07243
59664,9.98329
59685,9.962177
59706,9.924646
59727,9.851928
59748,9.950449
59769,9.898843
59790,9.901189
59811,9.891806
59832,9.924646
59853,9.9223
59874,9.941067
59895,9.910572
59916,9.959831
59937,9.966869
59958,10.03489
59979,10.02317
60000,10.1123
60021,10.09823
60042,10.04897
60063,10.1123
60084,10.17564
60105,10.1428
60126,10.117
60147,10.19206
60168,10.18737
60189,10.18502
60210,10.17564
60231,10.26712
60252,10.18971
60273,10.16626
60294,10.18268
60315,10.13342
60336,10.15687
60357,9.980944
60378,10.12403
60399,10.25305
60420,10.03959
60441,10.0302
60462,10.04897
60483,10.16156
60504,10.10058
60525,10.07712
60546,10.23194
60567,10.18971
60588,10.17329
60609,10.18033
60630,10.26008
60651,10.14514
60672,10.23897
60693,10.37268
60714,10.32342
60735,10.29527
60756,10.35391
60777,10.36095
60798,10.307
60819,10.29527
60840,10.19675
60861,10.25305
60882,10.22725
60903,10.17798
60924,9.992672
60945,9.999709
60966,10.04193
60987,9.584516
61008,9.570441
61029,9.537601
61050,9.631431
61071,9.469575
61092,9.345251
61113,9.314757
61134,9.24204
61155,9.324141
61176,9.270188
61197,9.220928
61218,9.256114
61239,9.284263
61260,9.314757
61281,9.378092
61302,9.34056
61323,9.331178
61344,9.429698
61365,9.366363
61386,9.249077
61407,9.216236
61428,9.239694
61449,9.169322
61470,9.199817
61491,9.134136
61512,9.188088
61533,8.988701
61554,8.948824
61575,8.925366
61596,8.915984
61617,8.857341
61638,8.854995
61659,8.899564
61680,8.831537
61701,8.740054
61722,8.782278
61743,8.700177
61764,8.864378
61785,8.829192
61806,8.98401
61827,9.115371
61848,9.141173
61869,9.012158
61890,9.129445
61911,9.206854
61932,9.113025
61953,9.066111
61974,9.185742
61995,9.216236
62016,9.225619
62037,9.181051
62058,9.267843
62079,9.183396
62100,9.239694
62121,9.211545
62142,9.244386
62163,9.195126
62184,9.127099
62205,9.23031
62226,9.218582
62247,9.279572
62268,9.338214
62289,9.281918
62310,9.305374
62331,9.263151
62352,9.378092
62373,9.366363
62394,9.324141
62415,9.368709
62436,9.439081
62457,9.413278
62478,9.396858
62499,9.504761
62520,9.554022
62541,9.478958
62562,9.462538
62583,9.462538
62604,9.460192
62625,9.518835
62646,9.429698
62667,9.439081
62688,9.471921
62709,9.453156
62730,9.443772
62751,9.441426
62772,9.439081
62793,9.30772
62814,9.317103
62835,9.272534
62856,9.319448
62877,9.216236
62898,9.263151
62919,9.225619
62940,9.272534
62961,9.25846
62982,9.310066
63003,9.27488
63024,9.375746
63045,9.265497
63066,9.295992
63087,9.30772
63108,9.2913
63129,9.349943
63150,9.382783
63171,9.432044
63192,9.448463
63213,9.396858
63234,9.366363
63255,9.34056
63276,9.317103
63297,9.253768
63318,9.2092
63339,9.364017
63360,9.34056
63381,9.2913
63402,9.312411
63423,9.2913
63444,9.225619
63465,9.188088
63486,9.120062
63507,9.087222
63528,9.129445
63549,9.122408
63570,9.077839
63591,9.077839
63612,9.138828
63633,9.129445
63654,8.953515
63675,9.002776
63696,9.185742
63717,9.225619
63738,9.103642
63759,9.091913
63780,9.326486
63801,9.267843
63822,9.352288
63843,9.394512
63864,9.504761
63885,9.572787
63906,9.624393
63927,9.64785
63948,9.624393
63969,9.66427
63990,9.952795
64011,10.03255
64032,9.976252
64053,9.79094
64074,9.98329
64095,9.980944
64116,9.765137
64137,9.640813
64158,9.469575
64179,9.652542
64200,9.657233
64221,9.542293
64242,9.427352
64263,9.460192
64284,9.551676
64305,9.493032
64326,9.523527
64347,9.654888
64368,9.537601
64389,9.708839
64410,9.77452
64431,9.739333
64452,9.661925
64473,9.729951
64494,9.863657
64515,9.786248
64536,9.788594
64557,9.887115
64578,9.812052
64599,9.800323
64620,9.938721
64641,10.02317
64662,9.980944
64683,10.0607
64704,10.20848
64725,10.23428
64746,10.19675
64767,10.12169
64788,10.307
64809,10.18033
64830,10.10527
64851,10.15922
64872,10.05601
64893,10.05132
64914,9.971561
64935,10.01848
64956,10.03724
64977,10.10292
64998,10.18502
65019,10.21317
65040,10.10527
65061,9.999709
65082,10.09588
65103,10.30935
65124,10.17095
65145,10.27416
65166,10.1686
65187,10.13107
65208,10.27181
65229,10.34688
65250,10.35861
65271,10.37737
65292,10.29996
65313,10.26947
65334,10.2812
65355,10.29762
65376,10.24366
65397,10.31404
65418,10.31873
65439,10.38675
65460,10.42429
65481,10.38206
65502,10.33515
65523,10.39145
65544,10.32342
65565,10.40317
65586,10.42429
65607,10.41256
65628,10.3328
65649,10.36564
65670,10.56972
65691,10.48528
65712,10.44305
65733,10.52281
65754,10.50169
65775,10.62133
65796,10.71985
65817,10.63071
65838,10.72219
65859,10.74565
65880,10.75269
65901,10.76442
65922,10.65886
65943,10.75972
65964,10.6659
65985,10.56738
66006,10.64713
66027,10.69639
66048,10.68935
66069,10.75503
66090,10.6096
66111,10.76207
66132,10.71985
66153,10.70108
66174,10.748
66195,10.73392
66216,10.82306
66237,10.92158
66258,10.89578
66279,10.89812
66300,10.85355
66321,10.84652
66342,10.80195
66363,10.77614
66384,10.81602
66405,10.85121
66426,10.81602
66447,10.74096
66468,10.79022
66489,10.67528
66510,10.56503
66531,10.54861
66552,10.44774
66573,10.29292
66594,10.33515
66615,10.32342
66636,10.28823
66657,10.15218
66678,10.17329
66699,10.11934
66720,10.07477
66741,10.13342
66762,10.16156
66783,10.15453
66804,10.12872
66825,9.995018
66846,10.1123
66867,10.09119
66888,9.999709
66909,10.18971
66930,10.06539
66951,10.06539
66972,9.992672
66993,10.02786
67014,9.931683
67035,9.976252
67056,10.15453
67077,9.926992
67098,10.01378
67119,9.868348
67140,9.941067
67161,9.887115
67182,9.969215
67203,9.828471
67224,9.854274
67245,9.90588
67266,9.910572
67287,9.844892
67308,9.863657
67329,9.809706
67350,9.854274
67371,9.912917
67392,9.894152
67413,9.955141
67434,10.07712
67455,10.05366
67476,9.976252
67497,9.98798
67518,9.964523
67539,10.00206
67560,10.22725
67581,10.0607
67602,10.13576
67623,10.08885
67644,10.12403
67665,10.18268
67686,10.09119
67707,10.07008
67728,10.17564
67749,10.0607
67770,10.05366
67791,10.10527
67812,10.1123
67833,10.18971
67854,10.19206
67875,10.12169
67896,10.13342
67917,10.04193
67938,10.03255
67959,10.05835
67980,10.0044
68001,10.09354
68022,9.992672
68043,9.851928
68064,9.736988
68085,9.823779
68106,9.875386
68127,9.666616
68148,9.659579
68169,9.760445
68190,9.739333
68211,9.755754
68232,9.685382
68253,9.612664
68274,9.645505
68295,9.706493
68316,9.687728
68337,9.629085
68358,9.535255
68379,9.568096
68400,9.502416
68421,9.485995
68442,9.490686
68463,9.478958
68484,9.328832
68505,9.284263
68526,9.314757
68547,9.347597
68568,9.164631
68589,9.063765
68610,9.120062
68631,9.091913
68652,9.077839
68673,9.009813
68694,8.826846
68715,8.831537
68736,8.695485
68757,8.822155
68778,8.962898
68799,9.040307
68820,9.04969
68841,9.070802
68862,8.995738
68883,9.047344
68904,9.267843
68925,9.235003
68946,9.13179
68967,9.127099
68988,9.026234
69009,9.056727
69030,9.012158
69051,8.948824
69072,8.906601
69093,8.923021
69114,8.899564
69135,8.887836
69156,8.962898
69177,8.854995
69198,8.869069
69219,8.93475
69240,8.883143
69261,8.838574
69282,8.890181
69303,8.930058
69324,9.00043
69345,9.089567
69366,9.150557
69387,9.145865
69408,9.237348
69429,9.284263
69450,9.120062
69471,9.2092
69492,9.19278
69513,9.03327
69534,9.117716
69555,9.162285
69576,9.091913
69597,9.101295
69618,9.087222
69639,9.005121
69660,8.885489
69681,8.955861
69702,8.833883
69723,8.737708
69744,8.8245
69765,8.768204
69786,8.723634
69807,8.822155
69828,8.913638
69849,8.808081
69870,8.819809
69891,8.904256
69912,8.890181
69933,8.885489
69954,8.883143
69975,8.948824
69996,8.958207
70017,8.969935
70038,9.007467
70059,8.955861
70080,8.920675
70101,8.892527
70122,8.913638
70143,8.770549
70164,8.93475
70185,8.944133
70206,8.763512
70227,8.758821
70248,9.134136
70269,9.103642
70290,8.859686
70311,8.913638
70332,9.129445
70353,9.164631
70374,9.188088
70395,9.380438
70416,9.410933
70437,9.429698
70458,9.624393
70479,9.926992
70500,10.13576
70521,9.887115
70542,9.624393
70563,9.734642
70584,10.02551
70605,9.941067
70626,9.729951
70647,9.673654
70668,9.882422
70689,9.835509
70710,9.87304
70731,9.945757
70752,10.0865
70773,10.02082
70794,9.969215
70815,10.32811
70836,10.35157
70857,10.13107
70878,10.17798
70899,10.17798
70920,10.25539
70941,10.29762
70962,10.26008
70983,10.41256
71004,10.14984
71025,9.889461
71046,10.11465
71067,10.26947
71088,10.09354
71109,10.05132
71130,10.18971
71151,10.02082
71172,9.919954
71193,10.03959
71214,10.07008
71235,10.48997
71256,10.4454
71277,10.05835
71298,10.19441
71319,10.13576
71340,10.29527
71361,10.13576
71382,10.14984
71403,10.1686
71424,10.18971
71445,10.2507
71466,10.29292
71487,10.09588
71508,9.957487
71529,9.941067
71550,10.05601
71571,10.10527
71592,10.01613
71613,10.0044
71634,10.03489
71655,9.98798
71676,9.997364
71697,9.877731
71718,9.875386
71739,9.861312
71760,9.851928
71781,9.704147
71802,9.781557
71823,9.868348
71844,9.79094
71865,9.812052
71886,9.833163
71907,9.934029
71928,10.11465
71949,10.15218
71970,10.22959
71991,10.06539
72012,10.32811
72033,10.4454
72054,10.37737
72075,10.46416
72096,10.30935
72117,10.3328
72138,10.35626
72159,10.33984
72180,10.34453
72201,10.35391
72222,10.34922
72243,10.30231
72264,10.27885
72285,10.34219
72306,10.45478
72327,10.42194
72348,10.44071
72369,10.44774
72390,10.50873
72411,10.44305
72432,10.48293
72453,10.48528
72474,10.56972
72495,10.54392
72516,10.57676
72537,10.66121
72558,10.99195
72579,10.92158
72600,10.78787
72621,10.69404
72642,10.72219
72663,10.68232
72684,10.67059
72705,10.62602
72726,10.62602
72747,10.68232
72768,10.69639
72789,10.60256
72810,10.52984
72831,10.56972
72852,10.47824
72873,10.50169
72894,10.48762
72915,10.43601
72936,10.51108
72957,10.47824
72978,10.51577
72999,10.52281
73020,10.48997
73041,10.41725
73062,10.41959
73083,10.47355
73104,10.46182
73125,10.46885
73146,10.46182
73167,10.4454
73188,10.39848
73209,10.48293
73230,10.27416
73251,10.29996
73272,10.22725
73293,10.22021
73314,10.24366
73335,10.18737
73356,10.07477
73377,10.07243
73398,9.936375
73419,9.877731
73440,9.917608
73461,9.966869
73482,9.830817
73503,9.882422
73524,9.851928
73545,9.891806
73566,9.866002
73587,9.936375
73608,9.85662
73629,9.926992
73650,9.964523
73671,9.999709
73692,10.07712
73713,10.06773
73734,10.09823
73755,10.20379
73776,10.27885
73797,10.49935
73818,10.37268
73839,10.46416
73860,10.40552
73881,10.53219
73902,10.59083
73923,10.51342
73944,10.46416
73965,10.58849
73986,10.51577
74007,10.51108
74028,10.56503
74049,10.4454
74070,10.46416
74091,10.31169
74112,10.48058
74133,10.43367
74154,10.35391
74175,10.26947
74196,10.24601
74217,10.31873
74238,10.15922
74259,10.07946
74280,10.05835
74301,10.11465
74322,10.21317
74343,10.07712
74364,10.13576
74385,9.995018
74406,10.08416
74427,10.14984
74448,10.10058
74469,10.00909
74490,9.957487
74511,9.98798
74532,10.20848
74553,10.11934
74574,9.924646
74595,9.999709
74616,10.07946
74637,9.966869
74658,9.802669
74679,9.673654
74700,9.849584
74721,9.919954
74742,9.666616
74763,9.572787
74784,9.408587
74805,9.364017
74826,9.511798
74847,9.425007
74868,9.439081
74889,9.310066
74910,9.199817
74931,9.171668
74952,9.27488
74973,9.288955
74994,9.117716
75015,8.876106
75036,8.948824
75057,9.056727
75078,8.979319
75099,8.864378
75120,8.958207
75141,8.962898
75162,8.747091
75183,8.779932
75204,8.988701
75225,8.941787
75246,8.789314
75267,8.850304
75288,8.98401
75309,8.995738
75330,8.913638
75351,8.920675
75372,8.988701
75393,9.014504
75414,9.00043
75435,9.01685
75456,9.021542
75477,9.054381
75498,9.084876
75519,9.00043
75540,9.002776
75561,9.056727
75582,9.012158
75603,9.044999
75624,8.899564
75645,9.084876
75666,9.115371
75687,9.122408
75708,9.202163
75729,9.152903
75750,9.157594
75771,9.190434
75792,9.134136
75813,9.166977
75834,9.169322
75855,9.127099
75876,9.164631
75897,9.162285
75918,9.183396
75939,9.174014
75960,9.2092
75981,9.152903
76002,9.127099
76023,9.183396
76044,9.143519
76065,9.169322
76086,9.145865
76107,9.199817
76128,9.145865
76149,9.110679
76170,9.157594
76191,9.164631
76212,9.171668
76233,9.145865
76254,9.220928
76275,9.188088
76296,9.326486
76317,9.310066
76338,9.354634
76359,9.371055
76380,9.270188
76401,9.277225
76422,9.324141
76443,9.249077
76464,9.371055
76485,9.335869
76506,9.24204
76527,9.204508
76548,9.223273
76569,9.176359
76590,9.178705
76611,9.052036
76632,9.103642
76653,9.007467
76674,9.056727
76695,9.035616
76716,9.021542
76737,8.976973
76758,8.995738
76779,8.967589
76800,8.869069
76821,8.798697
76842,9.13179
76863,9.026234
76884,8.981664
76905,9.235003
76926,9.27488
76947,9.220928
76968,9.40624
76989,9.570441
77010,9.568096
77031,9.502416
77052,9.563404
77073,9.814397
77094,9.896498
77115,9.805015
77136,9.661925
77157,9.725259
77178,9.561059
77199,9.624393
77220,9.828471
77241,9.725259
77262,9.694765
77283,9.727605
77304,9.875386
77325,9.919954
77346,9.819089
77367,9.833163
77388,9.912917
77409,10.05601
77430,9.87304
77451,9.973906
77472,9.912917
77493,9.875386
77514,10.20848
77535,10.11934
77556,10.05132
77577,10.09823
77598,10.08181
77619,10.05835
77640,10.0302
77661,10.15922
77682,10.04193
77703,9.941067
77724,9.884768
77745,9.955141
77766,9.912917
77787,9.863657
77808,9.969215
77829,10.02082
77850,9.971561
77871,9.87304
77892,9.941067
77913,9.985635
77934,10.0044
77955,9.969215
77976,9.875386
77997,9.924646
78018,9.926992
78039,9.861312
78060,9.77452
78081,9.650196
78102,9.701802
78123,9.816743
78144,9.823779
78165,9.727605
78186,9.793285
78207,9.666616
78228,9.626739
78249,9.786248
78270,9.765137
78291,9.812052
78312,9.812052
78333,9.79094
78354,9.978598
78375,10.04193
78396,9.880077
78417,9.962177
78438,9.870694
78459,9.971561
78480,9.90588
78501,9.917608
78522,9.868348
78543,9.898843
78564,9.793285
78585,9.706493
78606,9.753407
78627,9.741679
78648,9.640813
78669,9.690074
78690,9.748716
78711,9.753407
78732,9.762791
78753,9.833163
78774,9.936375
78795,10.02082
78816,10.08885
78837,10.02082
78858,10.04897
78879,10.10761
78900,10.12872
78921,10.21317
78942,10.22021
78963,10.14749
78984,10.21317
79005,10.20144
79026,10.2507
79047,10.23897
79068,10.1428
79089,10.19206
79110,10.15453
79131,10.13107
79152,10.13576
79173,10.13342
79194,10.22021
79215,10.31404
79236,10.37737
79257,10.46885
79278,10.42898
79299,10.4454
79320,10.48293
79341,10.43601
79362,10.55565
79383,10.46885
79404,10.62836
79425,10.69874
79446,10.6354
79467,10.65886
79488,10.67528
79509,10.61664
79530,10.74096
79551,10.61898
79572,10.80195
79593,10.83948
79614,10.74331
79635,10.84652
79656,10.82775
79677,10.90281
79698,10.84183
79719,10.86059
79740,10.85121
79761,10.7738
79782,10.75738
79803,10.61194
79824,10.58614
79845,10.61898
79866,10.56972
79887,10.53923
79908,10.52046
79929,10.51342
79950,10.46651
79971,10.50873
79992,10.46885
80013,10.43367
80034,10.4454
80055,10.49935
80076,10.48762
80097,10.51108
80118,10.5838
80139,10.42663
80160,10.45947
80181,10.39379
80202,10.42194
80223,10.49466
80244,10.48997
80265,10.39379
80286,10.40787
80307,10.37268
80328,10.39848
80349,10.22959
80370,10.35861
80391,10.2249
80412,10.22021
80433,10.09354
80454,10.20379
80475,10.12169
80496,10.06773
80517,10.07946
80538,10.10058
80559,10.03724
80580,10.09119
80601,10.11465
80622,10.13107
80643,10.12638
80664,10.18737
80685,10.34922
80706,10.32107
80727,10.43836
80748,10.51108
80769,10.52984
80790,10.58145
80811,10.59787
80832,10.6917
80853,10.62836
80874,10.61194
80895,10.58145
80916,10.69404
80937,10.62602
80958,10.5838
80979,10.67059
81000,10.48997
81021,10.62133
81042,10.51811
81063,10.53688
81084,10.44774
81105,10.5275
81126,10.39145
81147,10.29527
81168,10.32576
81189,10.31873
81210,10.27416
81231,10.14749
81252,10.07946
81273,10.14984
81294,10.12872
81315,10.07712
81336,10.02317
81357,10.01848
81378,9.973906
81399,10.01848
81420,9.85662
81441,9.751062
81462,9.7581
81483,9.776865
81504,9.619701
81525,9.314757
81546,9.314757
81567,9.410933
81588,9.319448
81609,9.235003
81630,8.960552
81651,8.925366
81672,8.927712
81693,9.026234
81714,8.918329
81735,8.754128
81756,8.686103
81777,8.826846
81798,9.066111
81819,8.979319
81840,8.887836
81861,8.937096
81882,9.028579
81903,9.075493
81924,9.063765
81945,9.30772
81966,9.30772
81987,9.178705
82008,9.15994
82029,9.181051
82050,9.155248
82071,9.145865
82092,9.188088
82113,9.251423
82134,9.195126
82155,9.138828
82176,9.115371
82197,9.091913
82218,9.185742
82239,9.2092
82260,9.094258
82281,9.089567
82302,9.061419
82323,9.01685
82344,9.042653
82365,9.091913
82386,8.993393
82407,9.012158
82428,9.019196
82449,9.138828
82470,9.127099
82491,9.113025
82512,9.136482
82533,9.145865
82554,9.25846
82575,9.267843
82596,9.319448
82617,9.338214
82638,9.338214
82659,9.41797
82680,9.371055
82701,9.408587
82722,9.427352
82743,9.366363
82764,9.448463
82785,9.335869
82806,9.34056
82827,9.312411
82848,9.244386
82869,9.300683
82890,9.265497
82911,9.232656
82932,9.155248
82953,9.286609
82974,9.300683
82995,9.298337
83016,9.310066
83037,9.281918
83058,9.2913
83079,9.270188
83100,9.314757
83121,9.366363
83142,9.328832
83163,9.41797
83184,9.345251
83205,9.279572
83226,9.366363
83247,9.286609
83268,9.326486
83289,9.27488
83310,9.326486
83331,9.293646
83352,9.298337
83373,9.300683
83394,9.260805
83415,9.253768
83436,9.091913
83457,9.13179
83478,9.070802
83499,9.108333
83520,9.04969
83541,8.98401
83562,8.908947
83583,9.061419
83604,8.939441
83625,8.932404
83646,8.845612
83667,9.00043
83688,8.946478
83709,8.948824
83730,8.918329
83751,9.01685
83772,8.923021
83793,9.113025
83814,9.068456
83835,9.094258
83856,9.096604
83877,9.293646
83898,9.223273
83919,9.122408
83940,9.235003
83961,9.338214
83982,9.314757
84003,9.305374
84024,9.495378
84045,9.591553
84066,9.603281
84087,9.422661
84108,9.507107
84129,9.584516
84150,9.708839
84171,9.528218
84192,9.425007
84213,9.51649
84234,9.38982
84255,9.741679
84276,9.715877
84297,9.546985
84318,9.396858
84339,9.453156
84360,9.668962
84381,9.708839
84402,9.7581
84423,9.748716
84444,9.701802
84465,9.776865
84486,9.837853
84507,9.896498
84528,9.976252
84549,10.00206
84570,9.915263
84591,9.80736
84612,9.919954
84633,9.917608
84654,9.816743
84675,9.854274
84696,9.882422
84717,10.10996
84738,10.04897
84759,9.98329
84780,10.03724
84801,9.990326
84822,10.117
84843,10.08181
84864,10.00909
84885,9.985635
84906,10.03959
84927,10.1123
84948,10.04897
84969,9.959831
84990,9.969215
85011,10.01613
85032,10.02551
85053,10.12169
85074,10.01144
85095,9.938721
85116,9.826125
85137,9.985635
85158,10.01378
85179,9.87304
85200,9.776865
85221,9.715877
85242,9.863657
85263,9.875386
85284,9.826125
85305,9.776865
85326,9.943413
85347,9.980944
85368,9.945757
85389,9.802669
85410,9.837853
85431,9.969215
85452,9.835509
85473,9.898843
85494,10.07243
85515,10.01613
85536,10.02317
85557,9.952795
85578,10.07712
85599,10.06305
85620,10.07477
85641,10.10058
85662,10.17095
85683,10.25305
85704,10.32811
85725,10.29292
85746,10.32811
85767,10.19675
85788,10.16156
85809,10.1991
85830,10.1123
85851,10.15687
85872,10.15922
85893,10.20613
85914,10.22725
85935,10.24366
85956,10.1686
85977,10.12872
85998,10.07946
86019,10.11934
86040,10.07712
86061,10.0607
86082,10.12403
86103,10.13342
86124,10.10292
86145,10.16391
86166,10.04428
86187,10.10996
86208,10.1686
86229,10.11934
86250,10.12403
86271,10.17564
86292,10.09119
86313,10.13342
86334,10.2249
86355,10.20848
86376,10.19675
86397,10.15453
86418,10.2507
86439,10.31404
86460,10.40083
86481,10.29292
86502,10.34922
86523,10.46416
86544,10.44071
86565,10.43601
86586,10.44071
86607,10.44071
86628,10.36095
86649,10.39848
86670,10.36799
86691,10.34922
86712,10.29292
86733,10.36799
86754,10.38441
86775,10.44774
86796,10.36564
86817,10.34922
86838,10.32342
86859,10.40787
86880,10.41959
86901,10.41256
86922,10.45713
86943,10.44071
86964,10.46885
86985,10.46651
87006,10.46651
87027,10.53688
87048,10.60256
87069,10.497
87090,10.53923
87111,10.53219
87132,10.55799
87153,10.43601
87174,10.3891
87195,10.33749
87216,10.29762
87237,10.18737
87258,10.21552
87279,10.29292
87300,10.17095
87321,10.16156
87342,10.09119
87363,10.05835
87384,10.09823
87405,10.02082
87426,10.08885
87447,10.0865
87468,10.08416
87489,10.08885
87510,10.10761
87531,10.14045
87552,10.26712
87573,10.22255
87594,10.32342
87615,10.35391
87636,10.3328
87657,10.307
87678,10.34219
87699,10.35626
87720,10.43132
87741,10.31404
87762,10.31169
87783,10.44774
87804,10.29996
87825,10.24132
87846,10.19206
87867,10.06773
87888,10.15922
87909,10.07477
87930,10.08885
87951,10.04428
87972,10.10058
87993,10.04897
88014,9.985635
88035,9.985635
88056,9.863657
88077,9.9223
88098,10.01144
88119,10.06305
88140,10.15922
88161,10.10058
88182,10.21786
88203,10.18971
88224,10.35861
88245,10.2812
88266,10.34453
88287,10.43836
88308,10.3633
88329,10.54157
88350,10.46651
88371,10.48058
88392,10.52984
88413,10.48058
88434,10.63071
88455,10.54861
88476,10.37033
88497,10.42194
88518,10.40552
88539,10.35391
88560,10.3328
88581,10.19206
88602,10.25774
88623,10.20144
88644,10.09588
88665,10.04662
88686,9.955141
88707,9.971561
88728,9.868348
88749,9.950449
88770,10.01848
88791,9.835509
88812,9.699456
88833,9.661925
88854,9.849584
88875,9.828471
88896,9.7581
88917,9.650196
88938,9.725259
88959,9.847238
88980,9.713531
89001,9.605627
89022,9.720568
89043,9.755754
89064,9.734642
89085,9.495378
89106,9.399203
89127,9.30772
89148,9.50007
89169,9.483649
89190,9.246731
89211,9.094258
89232,9.174014
89253,9.2913
89274,9.441426
89295,9.176359
89316,9.110679
89337,9.012158
89358,9.237348
89379,9.223273
89400,9.056727
89421,8.981664
89442,9.077839
89463,9.026234
89484,9.15994
89505,9.105988
89526,9.216236
89547,9.087222
89568,9.021542
89589,9.066111
89610,9.073148
89631,9.127099
89652,9.235003
89673,9.103642
89694,9.136482
89715,9.25846
89736,9.164631
89757,9.169322
89778,9.251423
89799,9.164631
89820,9.190434
89841,9.105988
89862,9.04969
89883,9.105988
89904,9.113025
89925,9.183396
89946,9.117716
89967,9.08253
89988,9.178705
90009,9.068456
90030,9.059073
90051,9.188088
90072,9.141173
90093,9.087222
90114,9.103642
90135,9.213891
90156,9.342906
90177,9.265497
90198,9.263151
90219,9.312411
90240,9.378092
90261,9.251423
90282,9.333523
90303,9.220928
90324,9.298337
90345,9.338214
90366,9.211545
90387,9.195126
90408,9.244386
90429,9.150557
90450,9.056727
90471,9.070802
90492,9.070802
90513,9.052036
90534,9.096604
90555,9.105988
90576,9.120062
90597,9.028579
90618,9.202163
90639,9.232656
90660,9.197471
90681,9.293646
90702,9.260805
90723,9.359325
90744,9.394512
90765,9.380438
90786,9.467229
90807,9.420315
90828,9.509453
90849,9.523527
90870,9.436735
90891,9.478958
90912,9.457847
90933,9.485995
90954,9.427352
90975,9.40624
90996,9.352288
91017,9.155248
91038,9.169322
91059,9.272534
91080,9.056727
91101,8.885489
91122,8.908947
91143,9.070802
91164,9.042653
91185,8.871415
91206,9.08253
91227,9.09895
91248,8.915984
91269,9.127099
91290,9.359325
91311,9.314757
91332,9.145865
91353,9.394512
91374,9.446118
91395,9.331178
91416,9.422661
91437,9.558713
91458,9.612664
91479,9.436735
91500,9.464884
91521,9.425007
91542,9.61501
91563,9.439081
91584,9.366363
91605,9.408587
91626,9.603281
91647,9.460192
91668,9.394512
91689,9.471921
91710,9.361671
91731,9.087222
91752,9.338214
91773,9.349943
91794,9.373401
91815,9.117716
91836,9.298337
91857,9.687728
91878,9.392166
91899,9.166977
91920,9.600936
91941,9.786248
91962,9.706493
91983,9.443772
92004,9.633776
92025,9.793285
92046,9.725259
92067,9.542293
92088,9.650196
92109,9.706493
92130,9.556367
92151,9.741679
92172,9.826125
92193,9.797977
92214,9.589207
92235,9.495378
92256,9.826125
92277,9.694765
92298,9.481303
92319,9.650196
92340,9.847238
92361,9.978598
92382,9.854274
92403,9.903535
92424,10.00909
92445,9.786248
92466,9.816743
92487,9.943413
92508,9.894152
92529,9.884768
92550,9.812052
92571,9.673654
92592,9.985635
92613,9.924646
92634,9.823779
92655,9.980944
92676,10.09354
92697,9.884768
92718,9.741679
92739,9.863657
92760,10.06539
92781,10.15453
92802,10.05835
92823,10.02551
