8882,10.49466
8903,10.42663
8924,10.48293
8945,10.42429
8966,10.38441
8987,10.40317
9008,10.37503
9029,10.30231
9050,10.37268
9071,10.26243
9092,10.29058
9113,10.25774
9134,10.24366
9155,10.14514
9176,10.23428
9197,10.23194
9218,10.16156
9239,10.29996
9260,10.14749
9281,10.1991
9302,10.16156
9323,10.15453
9344,10.12169
9365,10.18033
9386,10.17329
9407,10.24601
9428,10.26947
9449,10.31873
9470,10.29996
9491,10.47355
9512,10.46182
9533,10.44071
9554,10.45244
9575,10.41725
9596,10.45009
9617,10.35861
9638,10.41021
9659,10.36799
9680,10.36799
9701,10.2765
9722,10.29292
9743,10.29996
9764,10.2507
9785,10.26712
9806,10.2812
9827,10.25774
9848,10.26478
9869,10.33515
9890,10.33749
9911,10.37972
9932,10.4149
9953,10.31638
9974,10.39614
9995,10.29762
10016,10.29996
10037,10.37268
10058,10.36095
10079,10.54626
10100,10.52984
10121,10.51342
10142,10.61194
10163,10.57676
10184,10.59318
10205,10.59318
10226,10.43367
10247,10.3633
10268,10.37503
10289,10.24836
10310,10.21083
10331,10.26478
10352,10.10527
10373,10.12638
10394,10.05601
10415,10.08416
10436,10.12403
10457,10.09823
10478,10.0302
10499,10.04428
10520,10.04662
10541,10.12872
10562,10.15453
10583,10.09823
10604,10.1428
10625,10.13107
10646,10.26243
10667,10.28354
10688,10.24366
10709,10.34688
10730,10.36564
10751,10.3633
10772,10.2812
10793,10.32342
10814,10.31404
10835,10.37503
10856,10.32811
10877,10.30465
10898,10.28589
10919,10.20144
10940,10.31638
10961,10.14514
10982,10.02317
11003,10.09119
11024,9.995018
11045,10.05366
11066,9.997364
11087,9.908226
11108,9.90588
11129,10.04662
11150,9.957487
11171,9.959831
11192,9.9223
11213,9.835509
11234,9.821435
11255,9.877731
11276,9.887115
11297,9.830817
11318,9.800323
11339,9.868348
11360,10.03255
11381,9.950449
11402,10.07712
11423,10.24366
11444,10.21786
11465,10.12169
11486,10.19675
11507,10.34688
11528,10.37268
11549,10.45009
11570,10.49935
11592,10.45947
11613,10.37503
11634,10.41725
11655,10.38206
11676,10.1991
11697,10.25774
11718,10.07243
11739,9.891806
11760,9.887115
11781,9.819089
11802,9.809706
11823,9.638468
11844,9.481303
11865,9.596244
11886,9.561059
11907,9.443772
11928,9.422661
11949,9.511798
11970,9.478958
11991,9.408587
12012,9.368709
12033,9.312411
12054,9.317103
12075,9.317103
12096,9.394512
12117,9.481303
12138,9.380438
12159,9.2913
12180,9.403895
12201,9.396858
12222,9.469575
12243,9.413278
12264,9.568096
12285,9.626739
12306,9.408587
12327,9.342906
12348,9.345251
12369,9.401549
12390,9.462538
12411,9.450809
12432,9.387475
12453,9.429698
12474,9.347597
12495,9.436735
12516,9.392166
12537,9.333523
12558,9.41797
12579,9.354634
12600,9.378092
12621,9.401549
12642,9.378092
12663,9.321795
12684,9.347597
12705,9.342906
12726,9.2092
12747,9.244386
12768,9.324141
12789,9.300683
12810,9.279572
12831,9.300683
12852,9.204508
12873,9.089567
12894,9.08253
12915,9.047344
12936,9.084876
12957,9.00043
12978,9.035616
12999,8.972281
13020,8.995738
13041,8.972281
13062,8.98401
13083,8.904256
13104,8.815118
13125,8.775241
13146,9.314757
13167,9.605627
13188,8.714252
13209,9.094258
13230,8.98401
13251,9.035616
13272,9.094258
13293,9.047344
13314,9.134136
13335,9.077839
13356,9.052036
13377,9.044999
13398,9.068456
13419,9.056727
13440,9.080185
13461,9.094258
13482,9.094258
13503,8.925366
13524,8.955861
13545,8.958207
13566,9.148211
13587,9.105988
13608,9.385129
13629,9.188088
13650,9.277225
13671,9.298337
13693,9.333523
13714,9.345251
13735,9.38982
13756,9.523527
13777,9.530564
13798,9.483649
13819,9.561059
13840,9.59859
13861,9.643159
13882,9.605627
13903,9.586862
13924,9.568096
13945,9.483649
13966,9.462538
13987,9.474266
14008,9.509453
14029,9.387475
14050,9.359325
14071,9.359325
14092,9.239694
14113,9.279572
14134,9.366363
14155,9.272534
14176,9.129445
14197,9.338214
14218,9.227965
14239,9.052036
14260,9.197471
14282,9.378092
14303,9.188088
14324,9.249077
14345,9.2913
14366,9.361671
14387,9.349943
14408,9.446118
14429,9.469575
14450,9.525873
14471,9.446118
14492,9.455501
14513,9.40624
14534,9.50007
14555,9.474266
14576,9.577478
14597,9.518835
14618,9.354634
14639,9.345251
14660,9.441426
14681,9.481303
14702,9.434389
14723,9.443772
14744,9.361671
14765,9.164631
14786,9.260805
14807,9.490686
14828,9.279572
14849,9.281918
14870,9.462538
14891,9.338214
14912,9.220928
14933,9.206854
14954,9.392166
14975,9.359325
14996,9.272534
15017,9.471921
15038,9.509453
15059,9.415624
15080,9.420315
15101,9.596244
15122,9.729951
15143,9.622047
15164,9.467229
15185,9.690074
15206,9.729951
15227,9.59859
15248,9.425007
15269,9.48834
15290,9.748716
15311,9.502416
15332,9.443772
15353,9.525873
15374,9.727605
15395,9.584516
15416,9.54933
15437,9.572787
15458,9.66427
15479,9.685382
15500,9.610318
15521,9.654888
15542,9.683037
15563,9.805015
15584,9.997364
15605,9.912917
15626,10.05601
15647,9.997364
15668,10.1123
15689,10.18737
15710,10.33749
15731,10.53688
15752,10.52281
15773,10.55799
15794,10.59787
15815,10.62602
15836,10.63071
15857,10.5838
15878,10.62367
15899,10.57441
15920,10.60022
15941,10.61898
15962,10.60725
15983,10.65417
16004,10.65417
16025,10.64244
16046,10.61429
16067,10.77849
16088,10.65182
16109,10.59552
16130,10.64713
16151,10.64947
16172,10.68232
16193,10.59787
16214,10.68701
16235,10.65182
16256,10.59552
16277,10.63071
16298,10.6354
16319,10.80195
16340,10.75269
16361,10.84886
16382,10.6917
16403,10.69404
16424,10.8301
16445,10.67293
16466,10.6659
16487,10.53219
16508,10.65886
16529,10.56503
16550,10.48293
16571,10.53453
16592,10.51577
16613,10.44774
16634,10.53453
16655,10.43367
16676,10.40787
16697,10.45947
16718,10.45713
16739,10.43601
16760,10.43601
16781,10.50404
16802,10.43132
16823,10.45244
16844,10.53453
16865,10.43132
16886,10.46416
16907,10.46885
16928,10.57676
16949,10.50404
16970,10.48997
16991,10.497
17012,10.53923
17033,10.5275
17054,10.52281
17075,10.43601
17096,10.49466
17117,10.42898
17138,10.39379
17159,10.35157
17180,10.28823
17201,10.27181
17222,10.26712
17243,10.1686
17264,10.18268
17285,10.16626
17306,10.2249
17327,10.11934
17348,10.16626
17369,10.17564
17390,10.2507
17411,10.21786
17432,10.2765
17453,10.31638
17474,10.38675
17495,10.33749
17516,10.497
17537,10.48528
17558,10.48997
17579,10.5275
17600,10.46182
17621,10.49935
17642,10.59318
17663,10.53688
17684,10.42663
17705,10.49231
17726,10.5533
17747,10.28354
17768,10.28823
17789,10.28354
17810,10.21083
17831,10.22725
17852,10.13576
17873,10.14045
17894,10.05601
17915,10.0302
17936,9.973906
17957,10.03724
17978,10.00206
17999,9.997364
18020,10.05601
18041,10.15922
18062,10.10292
18083,9.978598
18104,10.07008
18125,10.10292
18146,10.14045
18167,10.15453
18188,10.07243
18209,10.10996
18230,10.0607
18251,10.23428
18272,10.30935
18293,10.37972
18314,10.31404
18335,10.39145
18356,10.42663
18377,10.37503
18398,10.37503
18419,10.35626
18440,10.53453
18461,10.48528
18482,10.36095
18503,10.38675
18524,10.35391
18545,10.42194
18566,10.26712
18587,10.12169
18608,10.03959
18629,9.971561
18650,9.973906
18671,9.875386
18692,9.706493
18713,9.507107
18734,9.554022
18755,9.701802
18776,9.654888
18797,9.446118
18818,9.34056
18839,9.396858
18860,9.300683
18881,9.164631
18902,9.298337
18923,9.288955
18944,9.155248
18965,9.03327
18986,9.077839
19007,9.359325
19028,9.263151
19049,9.141173
19070,9.019196
19091,9.052036
19112,9.110679
19133,9.091913
19154,9.08253
19175,9.073148
19196,9.042653
19217,8.946478
19238,9.007467
19259,8.976973
19280,9.005121
19301,9.054381
19322,9.096604
19343,9.188088
19364,9.27488
19385,9.385129
19406,9.41797
19427,9.293646
19448,9.439081
19469,9.474266
19490,9.462538
19511,9.422661
19532,9.232656
19553,9.27488
19574,9.211545
19595,9.213891
19616,9.174014
19638,9.15994
19660,9.143519
19681,9.061419
19702,9.166977
19723,9.120062
19744,9.080185
19765,8.927712
19786,8.948824
19807,9.009813
19828,9.035616
19849,8.913638
19870,8.629806
19891,9.941067
19912,9.080185
19933,9.009813
19954,9.239694
19975,9.054381
19996,9.166977
20017,9.124753
20038,9.19278
20059,9.181051
20080,9.178705
20101,9.15994
20122,9.166977
20143,9.15994
20164,9.066111
20185,8.995738
20206,9.143519
20227,9.059073
20248,8.972281
20269,8.817463
20290,8.991047
20311,8.831537
20332,8.885489
20353,8.864378
20374,8.878452
20395,8.829192
20416,8.779932
20437,9.007467
20458,9.01685
20479,8.887836
20500,9.042653
20521,9.105988
20542,9.115371
20563,9.150557
20584,9.218582
20605,9.211545
20626,9.352288
20647,9.429698
20668,9.460192
20689,9.504761
20710,9.530564
20731,9.518835
20752,9.485995
20773,9.518835
20794,9.403895
20815,9.249077
20836,9.249077
20857,9.249077
20878,9.15994
20899,9.005121
20920,8.93475
20941,8.880798
20962,8.90191
20983,8.915984
21004,8.845612
21025,8.84092
21046,9.009813
21067,9.103642
21088,9.007467
21109,9.134136
21130,9.314757
21151,9.469575
21172,9.227965
21193,9.256114
21214,9.579824
21235,9.697111
21256,9.441426
21277,9.530564
21298,9.748716
21319,9.697111
21340,9.572787
21361,9.767483
21382,9.882422
21403,9.936375
21424,9.966869
21445,9.962177
21466,9.819089
21487,9.903535
21508,9.898843
21529,9.868348
21550,9.814397
21571,9.924646
21592,9.725259
21613,9.650196
21634,9.7581
21655,9.704147
21676,9.652542
21697,9.622047
21718,9.718222
21739,9.603281
21760,9.720568
21781,9.652542
21802,9.556367
21823,9.457847
21844,9.483649
21865,9.429698
21886,9.195126
21907,9.143519
21928,9.450809
21949,9.321795
21970,9.145865
21991,9.235003
22012,9.399203
22033,9.352288
22054,9.223273
22075,8.969935
22096,9.246731
22117,9.364017
22138,9.220928
22159,9.206854
22180,9.455501
22201,9.537601
22222,9.321795
22243,9.199817
22264,9.237348
22285,9.453156
22306,9.41797
22327,9.223273
22348,9.218582
22369,9.408587
22390,9.396858
22411,9.453156
22432,9.220928
22453,9.354634
22474,9.61501
22495,9.732296
22516,9.772174
22537,9.840199
22558,10.03724
22579,10.07477
22600,10.04428
22621,10.30231
22642,10.18268
22663,10.21083
22684,10.29292
22705,10.26947
22726,10.20379
22747,10.17329
22768,10.04662
22789,10.07243
22810,9.924646
22831,9.910572
22852,9.842546
22873,9.847238
22894,9.948103
22915,10.03724
22936,10.00206
22957,10.04428
22978,10.1991
22999,10.30231
23020,10.32811
23041,10.65417
23062,10.60725
23083,10.75738
23104,10.79491
23125,10.86294
23146,10.97084
23167,10.89578
23188,10.82775
23209,10.73158
23230,10.79256
23251,10.79491
23272,10.58614
23293,10.58614
23314,10.59552
23335,10.55096
23356,10.55096
23377,10.57676
23398,10.5275
23419,10.40787
23440,10.42429
23461,10.44774
23482,10.37268
23503,10.42429
23524,10.39614
23545,10.41959
23566,10.4454
23587,10.39614
23608,10.42663
23629,10.46416
23650,10.40317
23671,10.40787
23692,10.45478
23713,10.4712
23734,10.45478
23755,10.49935
23776,10.59083
23797,10.60256
23818,10.54392
23839,10.6096
23860,10.64947
23881,10.55565
23902,10.52515
23923,10.5533
23944,10.60725
23965,10.41256
23986,10.43367
24007,10.40083
24028,10.49935
24049,10.4454
24070,10.58849
24091,10.60022
24112,10.67293
24133,10.63071
24154,10.76911
24175,10.77145
24196,10.88639
24217,10.84652
24238,10.96615
24259,11.0201
24280,11.13035
24301,11.19838
24322,11.23122
24343,11.27109
24364,11.24998
24385,11.33912
24406,11.41653
24427,11.33677
24448,11.07874
24469,11.19368
24490,11.128
24511,11.11862
24532,11.09282
24553,10.94504
24574,10.95442
24595,10.93331
24616,10.76911
24637,10.6917
24658,10.61664
24679,10.79491
24700,10.78787
24721,10.67293
24742,10.73392
24763,10.70577
24784,10.70812
24805,10.64713
24826,10.60256
24847,10.65651
24868,10.64478
24889,10.80195
24910,10.6096
24931,10.49231
24952,10.53688
24973,10.64478
24994,10.64713
25015,10.497
25036,10.44774
25057,10.54861
25078,10.59552
25099,10.61664
25120,10.46885
25141,10.47824
25162,10.37268
25183,10.34922
25204,10.16626
25225,9.957487
25246,9.85662
25267,9.711185
25288,9.715877
25309,9.485995
25330,9.232656
25351,9.089567
25372,9.288955
25393,9.174014
25414,8.93475
25435,8.777586
25456,8.756474
25477,8.866723
25498,8.836229
25519,8.679066
25540,8.740054
25561,8.819809
25582,8.695485
25603,8.707214
25624,8.667336
25645,8.756474
25666,8.852649
25687,8.90191
25708,8.740054
25729,8.697831
25750,8.831537
25771,8.737708
25792,8.829192
25813,8.864378
25834,8.84092
25855,8.908947
25876,8.829192
25897,8.7424
25918,8.756474
25939,8.704868
25960,8.604002
25981,8.611039
26002,8.653263
26023,8.184117
26044,9.052036
26065,9.800323
26086,8.439801
26107,8.618076
26128,9.002776
26149,8.662645
26170,8.974627
26191,8.887836
26212,8.991047
26233,8.880798
26254,8.911292
26275,8.880798
26296,8.965244
26317,9.035616
26338,9.030925
26359,9.00043
26380,8.998084
26401,8.965244
26422,9.063765
26443,8.93475
26464,8.878452
26485,8.927712
26506,9.077839
26527,8.833883
26548,8.761166
26569,9.190434
26590,8.920675
26611,9.190434
26632,9.188088
26653,9.246731
26674,9.181051
26695,9.188088
26716,9.166977
26737,9.185742
26758,9.295992
26779,9.24204
26800,9.246731
26821,9.265497
26842,9.171668
26863,9.326486
26884,9.30772
26905,9.150557
26926,9.129445
26947,9.089567
26968,9.108333
26989,8.974627
27010,9.007467
27031,9.052036
27052,8.941787
27073,8.864378
27094,8.885489
27115,8.915984
27136,9.127099
27157,9.075493
27178,9.042653
27199,9.244386
27220,9.361671
27241,9.40624
27262,9.528218
27283,9.722914
27304,9.788594
27325,9.631431
27346,9.638468
27367,9.64785
27388,9.654888
27409,9.58217
27430,9.56575
27451,9.51649
27472,9.380438
27493,9.25846
27514,9.223273
27535,9.305374
27556,9.314757
27577,9.324141
27598,9.246731
27619,9.300683
27640,9.305374
27661,9.08253
27682,9.04969
27703,9.40624
27724,9.321795
27745,9.422661
27766,9.528218
27787,9.600936
27808,9.546985
27829,9.457847
27850,9.577478
27871,9.589207
27892,9.518835
27913,9.51649
27934,9.619701
27955,9.671308
27976,9.502416
27997,9.481303
28018,9.673654
28039,9.539948
28060,9.312411
28081,9.701802
28102,9.713531
28123,9.523527
28144,9.814397
28165,9.917608
28186,9.863657
28207,9.659579
28228,9.814397
28249,9.837853
28270,9.997364
28291,9.776865
28312,9.704147
28333,9.697111
28354,9.643159
28375,9.66427
28396,9.659579
28417,9.683037
28438,9.706493
28459,9.603281
28480,9.554022
28501,9.619701
28522,9.657233
28543,9.629085
28564,9.504761
28585,9.676
28606,9.769828
28627,9.734642
28648,9.683037
28669,9.851928
28690,9.912917
28711,9.847238
28732,9.819089
28753,9.776865
28774,9.959831
28795,9.908226
28816,9.891806
28837,9.919954
28858,9.971561
28879,9.952795
28900,9.950449
28921,9.877731
28942,9.931683
28963,9.955141
28984,9.912917
29005,10.02786
29026,10.02786
29047,10.09119
29068,10.11934
29089,10.22959
29110,10.17564
29131,10.23897
29152,10.24132
29173,10.24366
29194,10.2812
29215,10.37503
29236,10.31873
29257,10.30231
29278,10.44305
29299,10.41959
29320,10.48528
29341,10.43836
29362,10.3891
29383,10.44305
29404,10.39614
29425,10.48058
29446,10.39145
29467,10.31404
29488,10.43601
29509,10.27885
29530,10.34922
29551,10.21552
29572,10.23428
29593,10.25305
29614,10.33046
29635,10.27416
29656,10.22725
29677,10.20848
29698,10.20848
29719,10.19441
29740,10.15687
29761,10.20379
29782,10.12872
29803,10.20613
29824,10.21786
29845,10.10527
29866,10.29762
29887,10.26478
29908,10.24132
29929,10.23897
29950,10.18502
29971,10.24836
29992,10.29058
30013,10.24836
30034,10.33046
30055,10.41256
30076,10.2765
30097,10.21317
30118,10.42663
30139,10.34453
30160,10.36799
30181,10.34922
30202,10.29762
30223,10.35861
30244,10.33515
30265,10.41021
30286,10.45713
30307,10.46182
30328,10.56738
30349,10.6354
30370,10.6096
30393,10.60725
30415,10.77614
30436,10.75503
30457,10.78553
30478,10.82775
30499,10.90281
30520,11.0201
30541,11.07171
30562,11.00837
30583,11.10455
30604,11.17726
30625,11.14912
30646,11.09751
30667,11.09751
30688,10.95677
30709,11.00368
30730,10.7996
30751,10.8301
30772,10.76676
30793,10.71281
30814,10.85355
30835,10.71516
30856,10.60725
30877,10.59318
30898,10.66121
30919,10.6096
30940,10.61664
30961,10.62133
30982,10.69639
31003,10.65886
31024,10.57676
31045,10.49466
31066,10.52281
31087,10.48528
31108,10.42898
31129,10.40317
31150,10.34688
31171,10.33749
31192,10.39614
31213,10.32576
31235,10.24836
31256,10.26008
31277,10.10058
31298,10.09354
31319,10.03489
31340,10.08416
31361,9.821435
31382,9.797977
31403,9.725259
31424,9.683037
31445,9.626739
31466,9.429698
31487,9.314757
31508,9.326486
31529,9.253768
31550,9.110679
31571,9.15994
31592,8.955861
31613,8.79166
31634,8.918329
31655,9.063765
31676,9.077839
31697,8.93475
31718,8.866723
31739,9.044999
31760,9.174014
31781,9.27488
31802,9.319448
31823,9.239694
31844,9.443772
31865,9.514144
31886,9.629085
31907,9.645505
31928,9.711185
31949,9.826125
31970,9.912917
31991,9.85662
32012,9.889461
32033,9.976252
32054,9.880077
32075,10.00909
32096,10.02082
32117,9.870694
32138,9.931683
32159,9.919954
32180,9.992672
32201,9.957487
32222,9.85662
32243,9.821435
32264,9.955141
32285,10.07243
32306,10.04897
32327,9.877731
32348,9.962177
32369,9.943413
32390,10.07477
32411,10.02786
32432,10.05132
32453,10.16626
32474,10.2765
32495,10.11465
32516,10.10527
32537,10.1428
32558,10.16391
32579,10.09119
32600,10.05835
32621,10.07946
32642,9.98329
32663,9.943413
32684,9.934029
32705,10.01848
32726,9.903535
32747,9.741679
32768,9.668962
32789,9.622047
32810,9.622047
32831,9.521181
32852,9.638468
32873,9.511798
32894,9.349943
32915,9.298337
32936,9.352288
32957,9.392166
32978,9.394512
32999,9.401549
33020,9.408587
33041,9.467229
33062,9.413278
33083,9.277225
33104,8.604002
33125,9.835509
33146,10.28354
33167,9.640813
33188,8.887836
33209,9.232656
33230,9.044999
33251,8.932404
33272,9.00043
33293,9.070802
33314,8.932404
33335,8.948824
33356,9.026234
33377,8.892527
33398,8.866723
33419,9.012158
33440,8.873761
33461,8.932404
33482,8.894873
33503,8.883143
33524,8.979319
33545,9.105988
33566,9.087222
33587,8.974627
33608,9.009813
33629,9.206854
33650,9.122408
33671,9.223273
33692,9.195126
33713,9.136482
33734,9.286609
33755,9.265497
33776,9.272534
33797,9.244386
33818,9.272534
33839,9.263151
33860,9.354634
33881,9.211545
33902,9.213891
33923,9.15994
33944,9.117716
33965,9.202163
33986,9.101295
34007,9.206854
34028,9.129445
34049,9.199817
34070,9.303029
34091,9.202163
34112,9.249077
34133,9.298337
34154,9.284263
34175,9.347597
34196,9.312411
34217,9.467229
34238,9.443772
34259,9.439081
34280,9.450809
34301,9.462538
34322,9.443772
34343,9.392166
34364,9.368709
34385,9.38982
34406,9.382783
34427,9.310066
34448,9.333523
34469,9.223273
34490,9.244386
34511,9.157594
34532,9.141173
34553,9.012158
34574,8.995738
34595,9.03327
34616,8.967589
34637,9.037962
34658,8.937096
34679,9.023888
34700,8.991047
34721,9.023888
34742,9.030925
34763,8.998084
34784,9.019196
34805,9.108333
34826,9.052036
34847,9.09895
34868,9.195126
34889,9.237348
34910,9.244386
34931,9.403895
34952,9.450809
34973,9.523527
34994,9.589207
35015,9.680691
35036,9.577478
35057,9.537601
35078,9.619701
35099,9.638468
35120,9.514144
35141,9.455501
35162,9.392166
35183,9.279572
35204,9.2913
35225,9.319448
35246,9.483649
35267,9.450809
35288,9.40624
35309,9.539948
35330,9.298337
35351,9.558713
35372,9.432044
35393,9.617355
35414,9.640813
35435,9.683037
35456,9.624393
35477,9.537601
35498,9.572787
35519,9.650196
35540,9.572787
35561,9.769828
35582,9.694765
35603,9.584516
35624,9.643159
35645,9.61501
35666,9.678345
35687,9.734642
35708,9.861312
35729,9.753407
35750,9.685382
35771,9.678345
35792,9.683037
35813,9.514144
35834,9.504761
35855,9.640813
35876,9.542293
35897,9.347597
35918,9.25846
35939,9.364017
35960,9.333523
35981,9.312411
36002,9.455501
36023,9.570441
36044,9.692419
36065,9.605627
36086,9.697111
36107,9.898843
36128,9.995018
36149,10.02082
36170,10.1991
36191,10.30231
36212,10.1686
36233,10.1991
36254,10.17798
36275,10.29527
36296,10.35391
36317,10.28354
36338,10.37503
36359,10.14045
36380,10.16391
36401,10.24366
36422,10.29762
36443,10.3328
36464,10.29762
36485,10.30935
36506,10.29996
36527,10.31404
36548,10.33749
36569,10.29762
36590,10.31638
36611,10.40552
36632,10.37033
36653,10.37268
36674,10.40317
36695,10.38675
36716,10.33515
36737,10.4149
36758,10.42429
36779,10.52281
36800,10.60256
36821,10.58614
36842,10.65886
36863,10.67762
36884,10.6096
36905,10.68232
36926,10.65417
36947,10.56034
36968,10.45478
36989,10.48762
37010,10.49466
37031,10.47589
37052,10.41256
37073,10.39848
37094,10.38206
37115,10.37268
37136,10.24132
37157,10.23194
37178,10.27885
37199,10.22255
37220,10.26947
37241,10.18268
37262,10.16156
37283,10.16156
37304,10.13811
37325,10.19675
37346,10.20144
37367,10.31404
37388,10.32342
37409,10.31873
37430,10.45244
37451,10.46885
37472,10.48058
37493,10.52046
37514,10.42194
37535,10.40083
37556,10.42194
37577,10.35861
37598,10.21317
37619,10.22725
37640,10.26478
37661,10.19441
37682,10.21786
37703,10.27885
37724,10.1991
37745,10.26947
37766,10.22255
37787,10.32811
37808,10.31638
37829,10.34219
37850,10.35626
37871,10.50404
37892,10.42663
37913,10.41725
37934,10.49466
37955,10.46182
37976,10.49935
37997,10.54626
38018,10.55565
38039,10.5275
38060,10.48293
38081,10.41725
38102,10.39614
38123,10.26008
38144,10.22021
38165,10.14514
38186,10.13811
38207,10.09119
38228,10.12169
38249,10.04193
38270,10.01378
38291,9.962177
38312,9.934029
38333,9.931683
38354,9.936375
38375,9.840199
38396,9.769828
38417,9.842546
38438,9.98329
38459,10.01144
38480,9.959831
38501,10.10527
38522,10.06773
38543,10.09354
38564,10.10761
38585,10.14984
38606,10.14984
38627,10.2507
38648,10.24601
38669,10.44305
38690,10.48528
38711,10.53219
38732,10.43367
38753,10.38675
38774,10.46885
38795,10.54157
38816,10.55799
38837,10.62602
38858,10.60022
38879,10.59318
38900,10.52984
38921,10.50169
38942,10.46885
38963,10.41959
38984,10.49935
39005,10.33984
39026,10.29527
39047,10.23194
39068,10.21083
39089,10.20144
39110,10.21083
39131,10.10996
39152,10.18268
39173,10.18268
39194,10.14984
39215,10.13107
39236,10.28354
39257,10.10292
39278,10.10527
39299,10.16391
39320,10.19206
39341,10.12872
39362,10.11465
39383,10.24601
39404,10.09588
39425,9.995018
39446,10.08416
39467,9.882422
39488,9.90588
39509,9.687728
39530,9.504761
39551,9.368709
39572,9.204508
39593,9.401549
39614,9.366363
39635,9.185742
39656,9.300683
39677,9.25846
39698,9.312411
39719,9.152903
39740,9.260805
39761,9.246731
39782,9.401549
39803,9.403895
39824,9.324141
39845,9.256114
39866,9.485995
39887,9.56575
39908,9.462538
39929,9.373401
39950,9.380438
39971,9.422661
39992,9.493032
40013,9.349943
40034,9.345251
40055,9.286609
40076,8.923021
40097,10.08181
40118,9.227965
40139,9.239694
40160,9.044999
40181,9.089567
40202,8.887836
40223,8.639189
40244,8.906601
40265,8.944133
40286,8.836229
40307,8.815118
40328,8.946478
40349,8.751783
40370,8.880798
40391,8.915984
40412,8.883143
40433,8.819809
40454,9.002776
40475,8.815118
40496,8.915984
40517,9.223273
40538,9.164631
40559,9.256114
40580,9.138828
40601,9.136482
40622,9.178705
40643,9.037962
40664,9.047344
40685,9.094258
40706,9.155248
40727,9.047344
40748,9.101295
40769,9.044999
40790,9.09895
40811,9.037962
40832,9.134136
40853,9.223273
40874,9.15994
40895,9.124753
40916,9.124753
40937,9.129445
40958,9.197471
40979,9.166977
41000,9.08253
41021,9.117716
41042,9.19278
41063,9.171668
41084,9.174014
41105,9.216236
41126,9.34056
41147,9.220928
41168,9.361671
41189,9.366363
41210,9.401549
41231,9.469575
41252,9.347597
41273,9.359325
41294,9.303029
41315,9.197471
41336,9.270188
41357,9.138828
41378,9.087222
41399,8.976973
41420,8.906601
41441,8.923021
41462,8.897219
41483,8.815118
41504,8.829192
41525,8.812772
41546,8.95117
41567,8.915984
41588,8.986356
41609,9.054381
41630,9.040307
41651,9.216236
41672,9.15994
41693,9.211545
41714,9.317103
41735,9.249077
41756,9.328832
41777,9.237348
41798,9.281918
41819,9.333523
41840,9.371055
41861,9.284263
41882,9.249077
41903,9.251423
41924,9.103642
41945,9.077839
41966,9.056727
41987,9.141173
42008,8.843266
42029,8.709559
42050,8.686103
42071,8.681411
42092,8.714252
42113,8.662645
42134,8.554742
42155,8.446838
42176,8.740054
42197,8.653263
42218,8.667336
42239,8.915984
42260,9.01685
42281,9.077839
42302,9.04969
42323,9.152903
42344,9.202163
42365,9.249077
42386,9.371055
42407,9.415624
42428,9.40624
42449,9.422661
42470,9.493032
42491,9.584516
42512,9.584516
42533,9.528218
42554,9.54933
42575,9.779211
42596,9.978598
42617,9.802669
42638,9.80736
42659,9.926992
42680,9.941067
42701,10.04193
42722,9.858966
42743,9.880077
42764,9.952795
42785,9.910572
42806,9.877731
42827,9.849584
42848,9.77452
42869,9.704147
42890,9.767483
42911,9.622047
42932,9.610318
42953,9.697111
42974,9.729951
42995,9.640813
43016,9.610318
43037,9.626739
43058,9.659579
43079,9.626739
43100,9.59859
43121,9.676
43142,9.814397
43163,9.755754
43184,9.697111
43205,9.692419
43226,9.812052
43247,9.844892
43268,9.889461
43289,9.934029
43310,9.835509
43331,9.704147
43352,9.80736
43373,9.901189
43394,10.02317
43415,10.0607
43436,10.1686
43457,10.13107
43478,10.31638
43499,10.35391
43520,10.40317
43541,10.51108
43562,10.66824
43583,10.75034
43604,10.86528
43625,10.80195
43646,10.84417
43667,10.82775
43688,10.81133
43709,10.87232
43730,10.71985
43751,10.71281
43772,10.72219
43793,10.54626
43814,10.65651
43835,10.49466
43856,10.5791
43877,10.497
43898,10.50873
43919,10.41256
43940,10.44071
43961,10.35391
43982,10.37033
44003,10.37503
44024,10.22959
44045,10.38675
44066,10.60491
44087,10.38441
44108,10.45713
44129,10.46651
44150,10.5275
44171,10.61194
44192,10.65182
44213,10.73392
44234,10.52515
44255,10.64947
44276,10.68232
44297,10.5838
44318,10.51342
44339,10.4712
44360,10.52984
44381,10.42429
44402,10.39379
44423,10.34922
44444,10.34688
44465,10.35391
44486,10.32811
44507,10.28823
44528,10.36564
44549,10.30465
44570,10.38206
44591,10.38675
44612,10.36799
44633,10.4149
44654,10.39848
44675,10.40552
44696,10.43132
44717,10.39848
44738,10.48997
44759,10.55565
44780,10.49935
44801,10.5533
44822,10.497
44843,10.48528
44864,10.51811
44885,10.46651
44906,10.40317
44927,10.41021
44948,10.42429
44969,10.29762
44990,10.22021
45011,10.20613
45032,10.17798
45053,10.1428
45074,10.1991
45095,10.22021
45116,10.20144
45137,10.23194
45158,10.2507
45179,10.2249
45200,10.24601
45221,10.23897
45242,10.43132
45263,10.45478
45284,10.42898
45305,10.39379
45326,10.42429
45347,10.42898
45368,10.49935
45389,10.51811
45410,10.52515
45431,10.48293
45452,10.41256
45473,10.40083
45494,10.44305
45515,10.26008
45536,10.26947
45557,10.26008
45578,10.03959
45599,10.0302
45620,10.12872
45641,9.924646
45662,9.934029
45683,10.09823
45704,9.98798
45725,10.01378
45746,10.08416
45767,10.06539
45788,10.13342
45809,10.20613
45830,10.35861
45851,10.36799
45872,10.29527
45893,10.39145
45914,10.39145
45935,10.35626
45956,10.40083
45977,10.55565
45998,10.45009
46019,10.36564
46040,10.20379
46061,10.46885
46082,10.51342
46103,10.41959
46124,10.35391
46145,10.31638
46166,10.34453
46187,10.38206
46208,10.29762
46229,10.12638
46250,10.17329
46271,10.26008
46292,10.36095
46313,10.1991
46334,10.0044
46355,10.15687
46376,10.30231
46397,9.858966
46418,9.748716
46439,9.826125
46460,9.713531
46481,9.600936
46502,9.429698
46523,9.577478
46544,9.295992
46565,9.312411
46586,9.396858
46607,9.387475
46628,9.24204
46649,9.089567
46670,9.094258
46691,9.354634
46712,9.253768
46733,9.211545
46754,9.113025
46775,9.188088
46796,9.378092
46817,9.2092
46838,9.164631
46859,9.080185
46880,9.220928
46901,9.244386
46922,9.432044
46943,9.931683
46964,9.765137
46985,9.741679
47006,9.23031
47027,9.138828
47048,9.678345
47069,9.253768
47090,9.51649
47111,9.48834
47132,9.324141
47153,9.511798
47174,9.504761
47195,9.453156
47216,9.636122
47237,9.694765
47258,9.523527
47279,9.640813
47300,9.668962
47321,9.593899
47342,9.577478
47363,9.490686
47384,9.605627
47405,9.535255
47426,9.715877
47447,9.495378
47468,9.326486
47489,9.446118
47510,9.286609
47531,9.169322
47552,9.312411
47573,9.371055
47594,9.265497
47615,9.352288
47636,9.204508
47657,9.061419
47678,9.056727
47699,9.054381
47720,9.115371
47741,9.061419
47762,9.176359
47783,9.169322
47804,9.166977
47825,9.13179
47846,9.143519
47867,9.169322
47888,9.181051
47909,9.075493
47930,9.117716
47951,9.103642
47972,9.155248
47993,9.04969
48014,9.066111
48035,9.005121
48056,9.005121
48077,8.927712
48098,8.993393
48119,8.911292
48140,8.873761
48161,8.864378
48182,8.969935
48203,8.976973
48224,9.094258
48245,9.068456
48266,8.991047
48287,8.927712
48308,8.941787
48329,8.890181
48350,9.035616
48371,8.965244
48392,8.967589
48413,9.115371
48434,9.094258
48455,9.113025
48476,9.101295
48497,9.237348
48518,9.24204
48539,9.202163
48560,9.237348
48581,9.150557
48602,9.138828
48623,9.138828
48644,8.955861
48665,8.941787
48686,8.95117
48707,8.887836
48728,8.862032
48749,8.84092
48770,8.756474
48791,8.777586
48812,8.847958
48833,8.876106
48854,8.838574
48875,8.962898
48896,8.887836
48917,8.899564
48938,8.918329
48959,9.007467
48980,9.026234
49001,9.174014
49022,9.190434
49043,9.117716
49064,9.216236
49085,9.174014
49106,9.464884
49127,9.619701
49148,9.767483
49169,9.704147
49190,9.809706
49211,9.929338
49232,9.934029
49253,10.18737
49274,10.08181
49295,10.02551
49316,9.901189
49337,9.945757
49358,10.15922
49379,10.04428
49400,9.948103
49421,9.966869
49442,10.03959
49463,9.828471
49484,9.924646
49505,10.02786
49526,10.06305
49547,9.894152
49568,9.842546
49589,9.980944
49610,10.03489
49631,9.87304
49652,9.98329
49673,9.910572
49694,9.744025
49715,9.727605
49736,9.819089
49757,9.936375
49778,9.697111
49799,9.502416
49820,9.624393
49841,9.713531
49862,9.729951
49883,9.607973
49904,9.652542
49925,9.898843
49946,9.861312
49967,9.636122
49988,9.690074
50009,9.626739
50030,9.636122
50051,9.561059
50072,9.711185
50093,9.692419
50114,9.530564
50135,9.51649
50156,9.694765
50177,9.697111
50198,9.645505
50219,9.725259
50240,9.7581
50261,9.887115
50282,10.06773
50303,10.18268
50324,10.18737
50345,9.912917
50366,10.05366
50387,10.15453
50408,10.19675
50429,10.25305
50450,10.27416
50471,10.27885
50492,10.2249
50513,10.15453
50534,10.07243
50555,9.971561
50576,9.992672
50597,10.09119
50618,9.877731
50639,9.969215
50660,10.13107
50681,10.0607
50702,10.03959
50723,10.17329
50744,10.13342
50765,10.16391
50786,10.12169
50807,10.14045
50828,10.28823
50849,10.31404
50870,10.28823
50891,10.2812
50912,10.26008
50933,10.40317
50954,10.37737
50975,10.40552
50996,10.41021
51017,10.46182
51038,10.48293
51059,10.39848
51080,10.42429
51101,10.44305
51122,10.37972
51143,10.43836
51164,10.37033
51185,10.24601
51206,10.24601
51227,10.32811
51248,10.33515
51269,10.33749
51290,10.31404
51311,10.2812
51332,10.28354
51353,10.29058
51374,10.25305
51395,10.33749
51416,10.34922
51437,10.31638
51458,10.37503
51479,10.38206
51500,10.41021
51521,10.48058
51542,10.52281
51563,10.497
51584,10.56503
51605,10.46182
51626,10.57207
51647,10.57676
51668,10.51577
51689,10.50169
51710,10.48293
51731,10.50169
51752,10.48058
51773,10.50404
51794,10.47589
51815,10.38441
51836,10.37033
51857,10.40083
51878,10.32107
51902,10.46182
51927,10.43836
51948,10.46416
51969,10.50873
51990,10.50873
52011,10.62133
52032,10.51108
52053,10.52984
52074,10.6354
52095,10.61898
52116,10.66355
52137,10.72454
52158,10.6659
52179,10.74565
52200,10.64947
52221,10.68232
52242,10.77614
52263,10.67293
52284,10.69404
52305,10.65417
52326,10.5533
52347,10.54626
52368,10.46651
52389,10.45713
52410,10.40552
52431,10.49466
52452,10.40317
52473,10.42194
52494,10.4149
52515,10.35391
52536,10.45713
52557,10.39848
52578,10.22255
52599,10.38206
52620,10.36564
52641,10.45009
52662,10.48528
52683,10.52046
52704,10.43601
52725,10.54392
52746,10.5838
52767,10.59787
52788,10.72454
52809,10.69404
52830,10.65417
52851,10.74565
52872,10.5791
52893,10.59083
52914,10.61429
52935,10.66355
52956,10.49466
52977,10.50639
52998,10.37033
53019,10.3633
53040,10.28823
53061,10.1991
53082,9.995018
53103,9.980944
53124,9.962177
53145,9.915263
53166,10.02551
53187,10.02551
53208,9.870694
53229,9.917608
53250,9.997364
53271,10.01848
53292,9.894152
53313,9.936375
53334,10.0302
53355,9.844892
53376,9.741679
53397,9.880077
53418,9.793285
53439,9.666616
53460,9.530564
53481,9.661925
53502,9.643159
53523,9.530564
53544,9.504761
53566,9.542293
53587,9.453156
53608,9.35698
53629,9.432044
53650,9.34056
53671,9.115371
53692,8.730671
53713,9.610318
53734,9.40624
53755,9.213891
53776,9.333523
53797,9.108333
53818,9.314757
53839,9.293646
53860,9.331178
53881,9.56575
53902,9.270188
53923,9.155248
53944,9.345251
53965,9.507107
53986,9.124753
54007,9.040307
54028,9.19278
54049,9.256114
54070,9.227965
54091,9.075493
54112,8.986356
54133,8.880798
54154,8.918329
54175,8.923021
54196,8.667336
54217,8.718943
54238,8.646226
54259,8.697831
54280,8.735363
54301,8.704868
54322,8.721289
54343,8.714252
54364,8.7424
54385,8.775241
54406,8.803389
54427,8.829192
54448,8.838574
54469,8.890181
54490,8.822155
54511,8.965244
54532,9.002776
54553,8.911292
54574,9.005121
54595,9.13179
54616,9.084876
54637,9.014504
54658,9.014504
54679,8.939441
54700,8.953515
54721,8.981664
54742,8.854995
54763,8.98401
54784,8.939441
54805,8.911292
54826,8.965244
54847,8.93475
54868,8.815118
54889,8.890181
54910,8.885489
54931,8.911292
54952,8.808081
54973,9.169322
54994,9.052036
55015,8.894873
55036,9.183396
55057,9.014504
55078,9.120062
55099,9.023888
55120,9.281918
55141,9.162285
55162,9.227965
55183,9.141173
55204,9.148211
55225,9.211545
55246,9.375746
55267,9.188088
55288,9.188088
55309,9.134136
55330,9.129445
55351,9.009813
55372,9.002776
55393,9.096604
55414,9.044999
55435,8.953515
55456,9.028579
55477,8.955861
55498,8.948824
55519,8.854995
55540,8.784623
55561,8.852649
55582,8.873761
55603,8.908947
55624,8.974627
55645,9.014504
55666,9.169322
55687,9.220928
55708,9.293646
55729,9.396858
55750,9.469575
55771,9.546985
55792,9.593899
55813,9.591553
55834,9.661925
55855,9.826125
55876,9.760445
55897,9.755754
55918,9.816743
55939,9.858966
55960,9.805015
55981,9.823779
56002,9.971561
56023,9.950449
56044,9.828471
56065,9.685382
56086,9.812052
56107,9.797977
56128,9.741679
56149,9.568096
56170,9.697111
56191,9.584516
56212,9.427352
56233,9.561059
56254,9.699456
56275,9.570441
56296,9.502416
56317,9.556367
56338,9.657233
56359,9.673654
56380,9.727605
56401,9.612664
56422,9.783903
56443,9.74637
56464,9.605627
56485,9.690074
56506,9.786248
56527,9.786248
56548,9.772174
56569,9.786248
56590,9.880077
56611,9.821435
56632,9.891806
56653,9.934029
56674,10.02082
56695,9.941067
56716,9.793285
56737,9.938721
56758,9.976252
56779,9.875386
56800,9.854274
56821,9.941067
56842,9.934029
56863,9.950449
56884,9.880077
56905,9.870694
56926,9.861312
56947,10.07243
56968,10.00675
56989,9.971561
57010,10.10761
57031,10.0302
57052,10.13576
57073,10.08416
57094,10.10761
57115,10.09119
57136,10.1123
57157,10.07946
57178,10.13342
57199,10.10058
57220,10.03255
57241,10.17329
57262,10.11465
57283,10.1123
57304,10.07477
57325,10.01848
57346,10.05601
57367,9.969215
57388,9.985635
57409,9.98798
57430,10.07477
57451,10.0607
57472,10.02551
57493,10.03724
57514,9.934029
57535,9.894152
57556,10.01848
57577,10.03724
57598,10.12872
57619,10.03959
57640,10.06539
57661,10.15922
57682,10.29527
57703,10.18033
57724,10.17095
57745,10.31873
57766,10.28589
57787,10.32811
57808,10.3328
57829,10.29762
57850,10.30231
57871,10.35861
57892,10.35391
57913,10.25539
57934,10.2507
57955,10.23897
57976,10.23663
57997,10.34219
58018,10.21317
58039,10.22959
58060,10.32342
58081,10.19675
58102,10.24366
58123,10.28354
58144,10.31169
58165,10.307
58186,10.3633
58207,10.33515
58228,10.30231
58249,10.42194
58270,10.38675
58291,10.47355
58312,10.53923
58333,10.59552
58354,10.63306
58375,10.64478
58396,10.63071
58417,10.69404
58438,10.64009
58459,10.5275
58480,10.48058
58501,10.48997
58522,10.45244
58543,10.47824
58564,10.54861
58585,10.4454
58606,10.36095
58627,10.39145
58648,10.3891
58669,10.46416
58690,10.41725
58711,10.39848
58732,10.48058
58753,10.54626
58774,10.52984
58795,10.60256
58816,10.52515
58837,10.64947
58858,10.66824
58879,10.69404
58900,10.67059
58921,10.73627
58942,10.69404
58963,10.69639
58984,10.67528
59005,10.65182
59026,10.64947
59047,10.5838
59068,10.59083
59089,10.43367
59110,10.50169
59131,10.3328
59152,10.29292
59173,10.22021
59194,10.14514
59215,10.12872
59236,10.09354
59257,10.10761
59278,9.962177
59299,10.02786
59320,10.15922
59341,10.18737
59362,10.07008
59383,10.02551
59404,10.21083
59425,10.18971
59446,10.10527
59467,10.07946
59488,10.2507
59509,10.31873
59530,10.35391
59551,10.32107
59572,10.30935
59593,10.28823
59614,10.23663
59635,10.24132
59656,10.24132
59677,10.24836
59698,10.34219
59719,10.27885
59740,10.20613
59761,10.08885
59782,9.957487
59803,9.980944
59824,9.90588
59845,9.727605
59866,9.624393
59887,9.575133
59908,9.561059
59929,9.497724
59950,9.546985
59971,9.436735
59992,9.432044
60013,9.457847
60034,9.577478
60055,9.568096
60076,9.471921
60097,9.50007
60118,9.600936
60139,9.58217
60160,9.593899
60181,9.704147
60202,9.680691
60223,9.722914
60244,9.61501
60265,9.781557
60286,9.917608
60307,9.880077
60328,9.980944
60349,10.09823
60370,10.04193
60391,10.12872
60412,9.640813
60433,10.04662
60454,10.20144
60475,10.70577
60496,10.51108
60517,9.861312
60538,10.36799
60559,9.912917
60580,9.842546
60601,10.1686
60622,9.912917
60643,9.736988
60664,10.18268
60685,9.912917
60706,9.673654
60727,9.715877
60748,9.828471
60769,9.781557
60790,9.645505
60811,9.631431
60832,9.591553
60853,9.380438
60874,9.35698
60895,9.551676
60916,9.441426
60937,9.347597
60958,9.235003
60979,9.113025
61000,9.115371
61021,9.120062
61042,9.077839
61063,9.143519
61084,8.972281
61105,9.136482
61126,9.216236
61147,9.075493
61168,9.009813
61189,9.059073
61210,8.974627
61231,9.063765
61252,8.974627
61273,9.026234
61294,9.035616
61315,9.056727
61336,9.164631
61357,9.19278
61378,9.218582
61399,9.178705
61420,9.223273
61441,9.277225
61462,9.317103
61483,9.30772
61504,9.300683
61525,9.232656
61546,9.347597
61567,9.312411
61588,9.265497
61609,9.373401
61630,9.249077
61651,9.394512
61672,9.284263
61693,9.30772
61714,9.211545
61735,9.181051
61756,9.218582
61777,9.253768
61798,9.202163
61819,9.232656
61840,9.148211
61861,9.176359
61882,9.25846
61903,9.171668
61924,9.174014
61945,9.124753
61966,9.162285
61987,9.211545
62008,9.317103
62029,9.181051
62050,9.249077
62071,9.272534
62092,9.284263
62113,9.303029
62134,9.256114
62155,9.267843
62176,9.094258
62197,9.040307
62218,9.174014
62239,9.019196
62260,8.894873
62281,8.918329
62302,8.904256
62323,8.939441
62344,8.897219
62365,8.873761
62386,8.878452
62407,8.831537
62428,8.887836
62449,8.930058
62470,8.90191
62491,8.887836
62512,9.028579
62533,9.009813
62554,9.021542
62575,9.117716
62596,9.063765
62617,9.070802
62638,9.15994
62659,9.169322
62680,9.218582
62701,9.110679
62722,9.054381
62743,9.138828
62764,9.030925
62785,8.944133
62806,9.026234
62827,8.981664
62848,8.655608
62869,8.763512
62890,8.836229
62911,8.859686
62932,8.768204
62953,8.892527
62974,8.831537
62995,8.908947
63016,8.953515
63037,8.904256
63058,8.90191
63079,9.105988
63100,9.150557
63121,9.166977
63142,9.249077
63163,9.382783
63184,9.502416
63205,9.535255
63226,9.633776
63247,9.732296
63268,9.676
63289,9.643159
63310,9.683037
63331,9.558713
63352,9.385129
63373,9.476612
63394,9.364017
63415,9.462538
63436,9.514144
63457,9.661925
63478,9.797977
63499,10.05366
63520,10.13576
63541,10.10996
63562,10.09354
63583,10.13342
63604,10.07243
63625,10.09823
63646,10.01378
63667,9.943413
63688,9.762791
63709,9.952795
63730,9.98798
63751,9.980944
63772,9.995018
63793,10.02317
63814,10.02786
63835,9.995018
63856,10.05835
63877,10.15218
63898,10.23897
63919,10.21317
63940,10.2765
63961,10.30231
63982,10.2812
64003,10.22021
64024,10.36799
64045,10.25774
64066,10.27416
64087,10.34453
64108,10.32576
64129,10.23194
64150,10.22959
64171,10.16391
64192,10.17564
64213,10.11934
64234,10.26478
64255,10.21083
64276,10.10761
64297,10.18502
64318,10.1123
64339,10.10996
64360,10.17798
64381,10.13107
64402,10.10527
64423,10.21317
64444,10.21317
64465,10.15687
64486,10.27181
64507,10.26008
64528,10.32576
64549,10.24836
64570,10.23897
64591,10.31873
64612,10.26243
64633,10.307
64654,10.33984
64675,10.32342
64696,10.23897
64717,10.21786
64738,10.26947
64759,10.20144
64780,10.13107
64801,10.25539
64822,10.20379
64843,10.16156
64864,10.12403
64885,10.09823
64906,10.07946
64927,10.06539
64948,10.05835
64969,10.14045
64990,10.03255
65011,10.17329
65032,10.21552
65053,10.13811
65074,10.26008
65095,10.12403
65116,10.22725
65137,10.12872
65158,10.22725
65179,10.50404
65200,10.37737
65221,10.497
65242,10.57207
65263,10.59787
65284,10.55565
65305,10.57441
65326,10.56972
65347,10.50639
65368,10.54157
65389,10.58614
65410,10.56738
65431,10.57207
65452,10.53923
65473,10.49231
65494,10.61194
65515,10.71516
65536,10.70577
65557,10.66824
65578,10.70577
65599,10.72454
65620,10.65417
65641,10.72454
65662,10.73861
65683,10.6917
65704,10.82541
65725,10.8817
65746,10.84183
65767,10.87936
65788,10.84652
65809,10.87232
65830,10.86997
65851,10.78787
65872,10.83948
65893,10.72454
65914,10.7175
65935,10.59083
65956,10.58614
65977,10.43367
65998,10.31404
66019,10.13576
66040,10.1428
66061,9.980944
66082,9.978598
66103,10.01613
66124,9.950449
66145,9.943413
66166,9.934029
66187,9.854274
66208,9.830817
66229,9.889461
66250,9.919954
66271,10.03489
66292,10.0865
66313,10.11934
66334,10.12403
66355,10.117
66376,10.1123
66397,10.117
66418,10.10527
66439,10.09354
66460,10.06539
66481,10.00909
66502,10.02082
66523,9.964523
66544,9.858966
66565,9.842546
66586,9.821435
66607,9.800323
66628,9.814397
66649,9.668962
66670,9.643159
66691,9.685382
66712,9.58217
66733,9.701802
66754,9.748716
66775,9.725259
66796,9.760445
66817,9.687728
66838,9.760445
66859,9.729951
66880,9.736988
66901,9.640813
66922,9.720568
66943,9.671308
66964,9.751062
66985,9.898843
67006,9.840199
67027,9.894152
67048,9.87304
67069,9.964523
67090,9.990326
67111,9.936375
67132,9.98329
67153,10.02317
67174,10.10058
67195,10.05601
67216,10.18737
67237,10.25305
67258,10.29527
67279,10.34922
67300,10.27416
67321,10.31404
67342,10.32811
67363,10.28823
67384,10.14045
67405,10.41725
67426,10.58849
67447,10.62602
67468,10.2765
67489,10.61429
67510,10.79491
67531,10.27416
67552,10.25774
67573,10.42194
67594,10.34688
67615,10.40552
67636,10.49466
67657,10.31638
67678,10.13576
67699,10.25539
67720,10.14984
67741,10.08885
67762,10.13811
67783,9.840199
67804,9.858966
67825,9.786248
67846,9.612664
67867,9.509453
67888,9.385129
67909,9.425007
67930,9.507107
67951,9.328832
67972,9.338214
67993,9.41797
68014,9.436735
68035,9.352288
68056,9.164631
68077,9.141173
68098,9.176359
68119,9.253768
68140,9.084876
68161,8.864378
68182,9.054381
68203,9.09895
68224,9.073148
68245,8.850304
68266,8.854995
68287,8.913638
68308,8.932404
68329,9.023888
68350,8.960552
68371,8.887836
68392,8.944133
68413,8.850304
68434,8.876106
68455,8.845612
68476,9.005121
68497,8.911292
68518,8.95117
68539,8.986356
68560,8.939441
68581,8.838574
68602,8.817463
68623,8.95117
68644,8.822155
68665,8.796351
68686,8.866723
68707,8.810426
68728,8.906601
68749,8.908947
68770,8.854995
68791,8.948824
68812,8.897219
68833,8.911292
68854,9.044999
68875,9.077839
68896,9.04969
68917,9.124753
68938,9.13179
68959,9.216236
68980,9.279572
69001,9.312411
69022,9.223273
69043,9.251423
69064,9.251423
69085,9.213891
69106,9.087222
69127,9.190434
69148,9.059073
69169,9.002776
69190,8.988701
69211,8.918329
69232,9.068456
69253,9.047344
69274,9.070802
69295,9.096604
69316,9.138828
69337,9.134136
69358,9.15994
69379,9.094258
69400,9.333523
69421,9.211545
69442,9.223273
69463,9.375746
69484,9.396858
69505,9.359325
69526,9.51649
69547,9.375746
69568,9.453156
69589,9.429698
69610,9.387475
69631,9.439081
69652,9.352288
69673,9.368709
69694,9.298337
69715,9.204508
69736,9.213891
69757,9.157594
69778,9.23031
69799,9.166977
69820,9.174014
69841,9.019196
69862,8.908947
69883,8.960552
69904,8.941787
69925,8.953515
69946,8.878452
69967,8.998084
69988,8.946478
70009,9.00043
70030,9.070802
70051,9.012158
70072,8.958207
70093,9.190434
70114,9.300683
70135,9.237348
70156,9.265497
70177,9.561059
70198,9.570441
70219,9.622047
70240,9.77452
70261,9.812052
70282,9.668962
70303,9.744025
70324,9.690074
70345,9.624393
70366,9.725259
70387,9.636122
70408,9.572787
70429,9.443772
70450,9.51649
70471,9.640813
70492,9.814397
70513,9.568096
70534,9.528218
70555,9.732296
70576,9.7581
70597,9.772174
70618,9.715877
70639,9.676
70660,9.772174
70681,9.586862
70702,9.521181
70723,9.708839
70744,9.668962
70765,9.476612
70786,9.401549
70807,9.457847
70828,9.612664
70849,9.345251
70870,9.305374
70891,9.403895
70912,9.380438
70933,9.225619
70954,9.448463
70975,9.687728
70996,9.624393
71017,9.610318
71038,9.802669
71059,9.847238
71080,9.64785
71101,9.732296
71122,9.990326
71143,10.00206
71164,9.819089
71185,9.844892
71206,9.924646
71227,9.901189
71248,9.976252
71269,9.952795
71290,10.04897
71311,9.952795
71332,10.01613
71353,10.15687
71374,10.17329
71395,10.23428
71416,10.25305
71437,10.19675
71458,10.21083
71479,10.2249
71500,10.2507
71521,10.20144
71542,10.15453
71563,10.24601
71584,10.21317
71605,10.14984
71626,10.13811
71647,10.16391
71668,10.09354
71689,10.05601
71710,10.0302
71731,10.07243
71752,10.01144
71773,10.00206
71794,9.952795
71815,9.868348
71836,9.952795
71857,9.908226
71878,9.980944
71899,9.903535
71920,10.07946
71941,10.04428
71962,10.0865
71983,10.14514
72004,10.18268
72025,10.10058
72046,10.25774
72067,10.38675
72088,10.39145
72109,10.36095
72130,10.47355
72151,10.51577
72172,10.41959
72193,10.45947
72214,10.46416
72235,10.307
72256,10.28354
72277,10.22255
72298,10.29527
72319,10.26712
72340,10.33046
72361,10.26008
72382,10.35861
72403,10.26478
72424,10.31404
72445,10.31404
72466,10.33046
72487,10.37737
72508,10.36564
72529,10.42663
72550,10.48762
72571,10.61194
72592,10.46651
72613,10.53688
72634,10.60256
72655,10.72688
72676,10.67528
72697,10.71516
72718,10.72923
72739,10.62836
72760,10.86528
72781,10.72688
72802,10.72923
72823,10.6354
72844,10.60725
72865,10.53453
72886,10.52046
72907,10.55799
72928,10.53219
72949,10.48058
72970,10.50873
72991,10.50169
73012,10.50639
73033,10.57441
73054,10.58849
73075,10.48528
73096,10.55096
73117,10.53453
73138,10.60022
73159,10.63775
73180,10.70343
73201,10.72454
73222,10.72219
73243,10.83244
73264,10.71281
73285,10.78787
73306,10.75034
73327,10.74331
73348,10.66121
73369,10.64478
73390,10.58145
73411,10.44774
73432,10.42194
73453,10.32342
73474,10.29762
73495,10.30231
73516,10.34453
73537,10.22725
73558,10.11934
73579,10.04897
73600,10.10527
73621,10.18971
73642,10.1991
73663,10.17329
73684,10.06305
73705,10.09354
73726,10.19675
73747,10.2812
73768,10.29292
73789,10.21317
73810,10.2812
73831,10.32107
73852,10.32811
73873,10.31169
73894,10.41021
73915,10.29058
73936,10.21552
73957,10.27416
73978,10.26478
73999,10.18971
74020,10.13107
74041,9.950449
74062,9.870694
74083,9.948103
74104,9.79094
74125,9.645505
74146,9.617355
74167,9.772174
74188,9.652542
74209,9.570441
74230,9.51649
74251,9.56575
74272,9.591553
74293,9.453156
74314,9.469575
74335,9.544639
74356,9.572787
74377,9.638468
74398,9.037962
74419,10.48293
74440,10.42194
74461,9.624393
74482,9.74637
74503,10.45947
74524,10.42429
74545,10.02317
74566,10.34219
74587,10.29058
74608,10.05835
74629,10.08885
74650,10.3633
74671,10.21552
74692,10.05366
74713,10.15687
74734,10.00206
74755,9.802669
74776,9.748716
74797,9.74637
74818,9.673654
74839,9.638468
74860,9.446118
74881,9.476612
74902,9.579824
74923,9.502416
74944,9.593899
74965,9.544639
74986,9.425007
75007,9.436735
75028,9.495378
75049,9.420315
75070,9.429698
75091,9.53291
75112,9.415624
75133,9.270188
75154,9.136482
75175,9.166977
75196,9.178705
75217,9.005121
75238,9.087222
75259,9.061419
75280,8.927712
75301,8.941787
75322,8.859686
75343,9.002776
75364,8.918329
75385,8.747091
75406,8.862032
75427,8.920675
75448,8.873761
75469,8.948824
75490,8.887836
75511,8.974627
75532,9.030925
75553,8.944133
75574,9.105988
75595,9.19278
75616,9.199817
75637,9.265497
75658,9.30772
75679,9.345251
75700,9.279572
75721,9.364017
75742,9.403895
75763,9.40624
75784,9.502416
75805,9.50007
75826,9.41797
75847,9.443772
75868,9.490686
75889,9.471921
75910,9.432044
75931,9.270188
75952,9.335869
75973,9.319448
75994,9.227965
76015,9.349943
76036,9.267843
76057,9.284263
76078,9.270188
76099,9.303029
76120,9.312411
76141,9.364017
76162,9.310066
76183,9.253768
76204,9.317103
76225,9.349943
76246,9.303029
76267,9.364017
76288,9.321795
76309,9.314757
76330,9.371055
76351,9.312411
76372,9.223273
76393,9.199817
76414,9.197471
76435,9.216236
76456,9.115371
76477,9.166977
76498,9.096604
76519,9.068456
76540,9.110679
76561,9.023888
76582,8.972281
76603,8.918329
76624,8.859686
76645,8.948824
76666,9.014504
76687,9.028579
76708,9.143519
76729,9.103642
76750,9.063765
76771,9.178705
76792,9.150557
76813,9.075493
76834,9.042653
76855,9.162285
76876,9.138828
76897,9.220928
76918,9.152903
76939,9.124753
76960,9.124753
76981,9.091913
77002,9.094258
77023,8.976973
77044,8.920675
77065,8.974627
77086,8.758821
77107,8.674374
77128,8.777586
77149,8.765858
77170,8.662645
77191,8.625113
77212,8.641534
77233,8.667336
77254,8.721289
77275,8.859686
77296,8.960552
77317,9.143519
77338,9.094258
77359,9.181051
77380,9.246731
77401,9.422661
77422,9.469575
77443,9.478958
77464,9.408587
77485,9.448463
77506,9.478958
77527,9.610318
77548,9.666616
77569,9.61501
77590,9.457847
77611,9.600936
77632,9.654888
77653,9.701802
77674,9.673654
77695,9.919954
77716,9.962177
77737,9.870694
77758,9.823779
77779,9.964523
77800,10.07243
77821,10.07008
77842,9.877731
77863,10.04662
77884,10.23897
77905,10.1991
77926,10.23428
77947,10.13107
77968,10.33749
77989,10.40317
78010,10.2812
78031,10.1428
78052,10.18033
78073,10.16156
78094,10.21083
78115,10.18268
78136,10.23897
78157,10.29762
78178,10.19675
78199,10.25305
78220,10.33515
78241,10.23194
78262,10.18971
78283,10.35391
78304,10.29762
78325,10.18737
78346,10.13342
78367,10.25774
78388,10.27885
78409,10.307
78430,10.17329
78451,10.15453
78472,10.26947
78493,10.1991
78514,10.24366
78535,10.18971
78556,10.20848
78577,10.29292
78598,10.40552
78619,10.24836
78640,10.22959
78661,10.13107
78682,10.08885
78703,10.03724
78724,10.06773
78745,9.98798
78766,10.02082
78787,10.02317
78808,10.08416
78829,10.05366
78850,10.10761
78871,10.05132
78892,10.07243
78913,10.01378
78934,10.06305
78955,10.05835
78976,10.1123
78997,10.10761
79018,10.11934
79039,10.05601
79060,10.0865
79081,10.01613
79102,10.12169
79123,10.16156
79144,10.33046
79165,10.37503
79186,10.45478
79207,10.54626
79228,10.60256
79249,10.5838
79270,10.53923
79291,10.64478
79312,10.72454
79333,10.75972
79354,10.82306
79375,10.84417
79396,10.79491
79417,10.78553
79438,10.79022
79459,10.86997
79480,10.89812
79501,10.8559
79522,10.90516
79543,10.92862
79564,10.86997
79585,10.91689
79606,10.92627
79627,10.91923
79648,10.97553
79669,10.97319
79690,10.91689
79711,10.91689
79732,11.01541
79753,11.03183
79774,11.00603
79795,11.0506
79816,10.98726
79837,11.05529
79858,10.99664
79879,10.94269
79900,10.84652
79921,10.83479
79942,10.81837
79963,10.71516
79984,10.63071
80005,10.66824
80026,10.59318
80047,10.58145
80068,10.64244
80089,10.48997
80110,10.54157
80131,10.497
80152,10.47824
80173,10.43601
80194,10.47824
80215,10.37972
80236,10.40787
80257,10.34922
80278,10.39614
80299,10.3328
80320,10.44071
80341,10.44071
80362,10.39848
80383,10.33749
80404,10.2507
80425,10.32342
80446,10.22959
80467,10.117
80488,10.2507
80509,10.22255
80530,10.13342
80551,10.11465
80572,10.09823
80593,9.945757
80614,10.01144
80635,9.929338
80656,9.966869
80677,9.861312
80698,9.788594
80719,9.870694
80740,9.912917
80761,9.840199
80782,9.934029
80803,9.882422
80824,10.04897
80845,9.976252
80866,9.903535
80887,10.10761
80908,10.28354
80929,10.10527
80950,10.19675
80971,10.22255
80992,10.19441
81013,10.22959
81034,10.41021
81055,10.32342
81076,10.26243
81097,10.26243
81118,10.45947
81139,10.32107
81160,10.23428
81181,10.37268
81202,10.62367
81223,10.43836
81244,10.37268
81265,10.29058
81286,10.23663
81307,10.1686
81328,10.07712
81349,9.912917
81370,9.783903
81391,9.74637
81412,9.711185
81433,9.678345
81454,9.427352
81475,9.439081
81496,9.551676
81517,9.713531
81538,9.563404
81559,9.471921
81580,9.629085
81601,9.85662
81622,9.783903
81643,9.692419
81664,9.77452
81685,9.736988
81706,9.61501
81727,9.629085
81748,9.631431
81769,9.561059
81790,9.518835
81811,9.469575
81832,9.331178
81853,9.2913
81874,9.066111
81895,8.960552
81916,8.854995
81937,8.749437
81958,8.925366
81979,8.876106
82000,8.681411
82021,8.756474
82042,8.756474
82063,8.836229
82084,8.763512
82105,8.728326
82126,8.923021
82147,9.026234
82168,8.866723
82189,8.998084
82210,9.03327
82231,8.948824
82252,9.04969
82273,8.958207
82294,9.007467
82315,9.005121
82336,9.042653
82357,9.087222
82378,9.002776
82399,9.070802
82420,9.2092
82441,9.056727
82462,9.169322
82483,9.141173
82504,9.138828
82525,9.04969
82546,9.152903
82567,9.047344
82588,9.101295
82609,9.138828
82630,9.136482
82651,9.220928
82672,9.232656
82693,9.279572
82714,9.371055
82735,9.185742
82756,9.286609
82777,9.40624
82798,9.361671
82819,9.471921
82840,9.408587
82861,9.443772
82882,9.469575
82903,9.396858
82924,9.460192
82945,9.518835
82966,9.443772
82987,9.349943
83008,9.366363
83029,9.345251
83050,9.38982
83071,9.427352
83092,9.413278
83113,9.277225
83134,9.319448
83155,9.335869
83176,9.328832
83197,9.284263
83218,9.361671
83239,9.396858
83260,9.338214
83281,9.333523
83302,9.48834
83323,9.366363
83344,9.394512
83365,9.368709
83386,9.324141
83407,9.331178
83428,9.401549
83449,9.310066
83470,9.333523
83491,9.335869
83512,9.239694
83533,9.199817
83554,9.298337
83575,9.246731
83596,9.2092
83617,9.174014
83638,9.13179
83659,9.01685
83680,9.115371
83701,9.068456
83722,9.052036
83743,8.986356
83764,8.937096
83785,8.871415
83806,8.876106
83827,8.845612
83848,8.885489
83869,8.829192
83890,8.843266
83911,8.923021
83932,8.967589
83953,8.953515
83974,9.124753
83995,9.239694
84016,9.216236
84037,9.263151
84058,9.380438
84079,9.453156
84100,9.413278
84121,9.321795
84142,9.342906
84163,9.436735
84184,9.572787
84205,9.446118
84226,9.448463
84247,9.652542
84268,9.561059
84289,9.633776
84310,9.828471
84331,9.896498
84352,9.957487
84373,9.90588
84394,9.952795
84415,9.980944
84436,9.87304
84457,9.741679
84478,9.736988
84499,9.633776
84520,9.50007
84541,9.593899
84562,9.748716
84583,9.659579
84604,9.741679
84625,9.783903
84646,9.741679
84667,9.748716
84688,9.765137
84709,9.800323
84730,9.788594
84751,9.734642
84772,9.809706
84793,9.786248
84814,9.887115
84835,9.870694
84856,9.802669
84877,9.854274
84898,9.776865
84919,9.671308
84940,9.910572
84961,9.929338
84982,9.833163
85003,9.762791
85024,9.898843
85045,9.760445
85066,9.802669
85087,9.884768
85108,9.891806
85129,9.87304
85150,9.924646
85171,9.891806
85192,9.990326
85213,9.760445
85234,10.03724
85255,9.919954
85276,10.05132
85297,10.04428
85318,10.1428
85339,10.25539
85360,10.23897
85381,10.13342
85402,10.30935
85423,10.32811
85444,10.41959
85465,10.32811
85486,10.35157
85507,10.27885
85528,10.31404
85549,10.307
85570,10.23194
85591,10.12403
85612,10.18971
85633,9.997364
85654,10.10996
85675,10.03255
85696,10.29527
85717,10.10527
85738,10.03489
85759,10.11934
85780,10.06305
85801,10.03724
85822,10.18502
85843,10.17564
85864,10.28354
85885,10.16156
85906,10.12638
85927,10.28589
85948,10.34922
85969,10.27885
85990,10.307
86011,10.36095
86032,10.40552
86053,10.34453
86074,10.45947
86095,10.41256
86116,10.36564
86137,10.33749
86158,10.29527
86179,10.34922
86200,10.42663
86221,10.34688
86242,10.31873
86263,10.48762
86284,10.47355
86305,10.45713
86326,10.45713
86347,10.4454
86368,10.43132
86389,10.35157
86410,10.3633
86431,10.41959
86452,10.48997
86473,10.50404
86494,10.55565
86515,10.5533
86536,10.61898
86557,10.72923
86578,10.78787
86599,10.71281
86620,10.66824
86641,10.67059
86662,10.68935
86683,10.65417
86704,10.6354
86725,10.60022
86746,10.49466
86767,10.45713
86788,10.35157
86809,10.31404
86830,10.26008
86851,10.36799
86872,10.29292
86893,10.29996
86914,10.2812
86935,10.33984
86956,10.37503
86977,10.40787
86998,10.40787
87019,10.48997
87040,10.47589
87061,10.60725
87082,10.54861
87103,10.65182
87124,10.53688
87145,10.53219
87166,10.62133
87187,10.59318
87208,10.42194
87229,10.40083
87250,10.54157
87271,10.40552
87292,10.29058
87313,10.23194
87334,10.07008
87355,10.05132
87376,10.03959
87397,9.973906
87418,9.9223
87439,9.676
87460,9.788594
87481,9.605627
87502,9.528218
87523,9.535255
87544,9.605627
87565,9.556367
87586,9.600936
87607,9.493032
87628,9.734642
87649,9.751062
87670,9.847238
87691,9.87304
87712,9.950449
87733,10.09823
87754,10.23897
87775,10.22959
87796,10.37268
87817,10.40787
87838,10.43836
87859,10.53688
87880,10.53688
87901,10.67528
87922,10.5838
87943,10.63306
87964,10.55565
87985,10.62133
88006,10.53688
88027,10.42194
88048,10.47824
88069,10.37972
88090,10.38441
88111,10.30935
88132,10.19441
88153,10.30465
88174,10.37268
88195,10.24601
88216,10.22725
88237,10.2765
88258,10.36564
88279,10.33046
88300,10.28354
88321,10.36564
88342,10.32576
88363,10.30465
88384,10.17095
88405,10.29292
88426,10.24132
88447,10.02317
88468,10.15922
88489,9.999709
88510,9.950449
88531,9.828471
88552,9.687728
88573,9.687728
88594,9.563404
88615,9.497724
88636,9.56575
88657,9.342906
88678,9.277225
88699,9.185742
88720,9.420315
88741,9.25846
88762,9.188088
88783,9.145865
88804,9.127099
88825,9.312411
88846,9.420315
88867,9.251423
88888,9.303029
88909,9.190434
88930,9.410933
88951,9.277225
88972,9.152903
88993,9.037962
89014,9.211545
89035,9.181051
89056,9.052036
89077,8.794006
89098,8.946478
89119,9.021542
89140,9.066111
89161,8.864378
89182,8.779932
89203,8.756474
89224,8.866723
89245,8.958207
89266,8.7424
89287,8.669683
89308,8.789314
89329,8.751783
89350,8.843266
89371,8.704868
89392,8.782278
89413,8.758821
89434,8.8245
89455,8.885489
89476,8.845612
89497,9.019196
89518,9.002776
89539,9.084876
89560,9.101295
89581,9.181051
89602,9.204508
89623,9.246731
89644,9.328832
89665,9.321795
89686,9.2913
89707,9.293646
89728,9.40624
89749,9.298337
89770,9.288955
89791,9.333523
89812,9.324141
89833,9.293646
89854,9.277225
89875,9.288955
89896,9.218582
89917,9.246731
89938,9.25846
89959,9.246731
89980,9.25846
90001,9.281918
90022,9.2913
90043,9.342906
90064,9.366363
90085,9.314757
90106,9.326486
90127,9.235003
90148,9.349943
90169,9.338214
90190,9.324141
90211,9.399203
90232,9.314757
90253,9.349943
90274,9.40624
90295,9.382783
90316,9.310066
90337,9.333523
90358,9.246731
90379,9.223273
90400,9.213891
90421,9.120062
90442,9.124753
90463,9.122408
90484,9.005121
90505,8.972281
90526,8.866723
90547,8.885489
90568,8.850304
90589,8.873761
90610,8.8245
90631,8.876106
90652,8.812772
90673,8.857341
90694,8.850304
90715,8.941787
90736,8.941787
90757,9.026234
90778,9.044999
90799,8.991047
90820,9.169322
90841,9.220928
90862,9.115371
90883,9.232656
90904,9.2092
90925,9.169322
90946,9.227965
90967,9.105988
90988,8.986356
91009,9.044999
91030,9.073148
91051,8.981664
91072,8.955861
91093,9.00043
91114,9.023888
91135,8.913638
91156,8.892527
91177,8.805735
91198,8.974627
91219,9.157594
91240,9.328832
91261,9.443772
91282,9.422661
91303,9.436735
91324,9.490686
91345,9.530564
91366,9.7581
91387,9.722914
91408,9.74637
91429,9.697111
91450,9.776865
91471,9.919954
91492,9.826125
91513,9.77452
91534,9.610318
91555,9.744025
91576,9.814397
91597,9.795631
91618,9.744025
91639,9.74637
91660,9.800323
91681,9.847238
91702,9.912917
91723,9.805015
91744,9.847238
91765,9.898843
91786,10.02551
91807,10.02317
91828,9.90588
91849,10.07477
91870,10.1123
91891,10.0302
91912,10.20144
91933,10.1991
91954,10.17564
91975,10.01848
91996,10.09354
92017,10.18502
92038,10.23194
92059,10.22959
92080,10.33515
92101,10.3633
92122,10.34688
92143,10.28823
92164,10.32107
92185,10.30231
92206,10.2765
92227,10.30231
92248,10.10761
92269,10.22021
92290,10.37737
92311,10.32107
92332,10.21317
92353,10.31404
92374,10.18737
92395,10.18502
92416,10.13107
92437,10.18737
92458,10.20613
92479,10.10058
92500,10.10527
92521,10.01848
92542,9.990326
92563,10.05601
92584,10.06539
92605,10.03255
92626,9.943413
92647,10.05366
92668,10.09588
92689,10.04897
92710,10.11934
92731,10.13811
92752,10.19441
92773,10.307
92794,10.24366
92815,10.35391
92836,10.33749
92857,10.37268
92878,10.42898
