8831,10.2812
8852,10.29292
8873,9.959831
8894,10.07243
8915,9.962177
8936,9.90588
8957,10.10292
8978,10.117
8999,10.10527
9020,10.18502
9041,10.17329
9062,10.11934
9083,10.52281
9104,10.53453
9125,10.50639
9146,10.45713
9167,10.42429
9188,10.64244
9209,10.72688
9230,10.68935
9251,10.83713
9272,10.88874
9293,10.89109
9314,10.8301
9335,10.73627
9356,10.84886
9377,10.83479
9398,10.72688
9419,10.70343
9440,10.60256
9461,10.61429
9482,10.48058
9503,10.37737
9524,10.34688
9545,10.30935
9566,10.14514
9587,10.10761
9608,10.10761
9629,10.23663
9650,10.1123
9671,10.117
9692,10.19206
9713,10.02786
9734,10.04662
9755,10.06305
9776,10.10292
9797,10.05366
9818,10.04662
9839,10.12638
9860,10.06773
9881,10.07008
9902,9.912917
9923,9.952795
9944,9.990326
9965,9.880077
9986,9.729951
10007,9.765137
10028,9.626739
10049,9.593899
10070,9.537601
10091,9.48834
10112,9.450809
10133,9.270188
10154,9.206854
10175,9.2092
10196,9.105988
10217,9.073148
10238,9.01685
10259,9.054381
10280,9.007467
10301,8.991047
10322,8.90191
10343,9.030925
10364,9.054381
10385,9.108333
10406,9.068456
10427,9.181051
10448,9.295992
10469,9.235003
10490,9.190434
10511,9.171668
10532,9.403895
10553,9.277225
10574,9.300683
10595,9.25846
10616,9.277225
10637,9.342906
10658,9.314757
10679,9.235003
10700,9.298337
10721,9.246731
10742,9.333523
10763,9.249077
10784,9.199817
10805,9.211545
10826,9.235003
10847,9.211545
10868,9.23031
10889,9.174014
10910,9.24204
10931,9.143519
10952,9.197471
10973,9.03327
10994,9.012158
11015,9.096604
11036,9.030925
11057,9.026234
11078,9.063765
11099,9.13179
11120,9.066111
11141,9.174014
11162,9.277225
11183,9.218582
11204,9.272534
11225,9.284263
11246,9.235003
11267,9.272534
11288,9.342906
11309,9.293646
11330,9.284263
11351,9.352288
11372,9.267843
11393,9.239694
11414,9.124753
11435,9.141173
11456,9.305374
11477,9.260805
11498,9.277225
11519,9.328832
11540,9.30772
11561,9.23031
11582,9.190434
11603,9.263151
11624,9.267843
11645,9.295992
11666,9.237348
11687,9.202163
11708,9.286609
11729,9.314757
11750,9.277225
11771,9.281918
11792,9.223273
11813,9.253768
11834,9.244386
11855,9.195126
11876,9.2092
11897,9.183396
11918,9.183396
11939,9.063765
11960,9.110679
11981,8.925366
12002,8.857341
12023,8.838574
12044,8.815118
12065,8.747091
12086,8.6603
12107,8.721289
12128,8.697831
12149,8.683757
12170,8.653263
12191,8.728326
12212,8.782278
12233,8.761166
12254,8.772895
12275,8.786969
12296,8.871415
12317,8.948824
12338,9.023888
12359,9.113025
12380,9.197471
12401,9.202163
12422,9.352288
12443,9.558713
12464,9.446118
12485,9.523527
12506,9.692419
12527,9.851928
12548,9.837853
12569,10.00675
12590,10.04193
12611,10.26712
12632,10.20144
12653,10.10058
12674,10.2507
12695,10.41725
12716,10.41256
12737,10.1991
12758,10.20848
12779,10.1686
12800,9.9223
12821,9.926992
12842,10.12403
12863,10.02317
12884,9.823779
12905,9.612664
12926,9.650196
12947,9.586862
12968,9.563404
12989,9.51649
13010,9.396858
13031,9.23031
13052,9.375746
13073,9.546985
13094,9.425007
13115,9.335869
13136,9.432044
13157,9.446118
13178,9.493032
13199,9.429698
13220,9.544639
13241,9.610318
13262,9.535255
13283,9.495378
13304,9.415624
13325,9.429698
13346,9.544639
13367,9.542293
13388,9.446118
13409,9.558713
13430,9.654888
13451,9.497724
13472,9.542293
13493,9.54933
13514,9.631431
13535,9.74637
13556,9.816743
13577,9.826125
13598,9.683037
13619,9.896498
13640,9.901189
13661,9.866002
13682,10.01613
13703,9.952795
13724,10.08885
13745,10.05366
13766,10.14514
13787,10.23194
13808,10.26712
13829,10.19441
13850,10.12872
13871,10.18268
13892,10.32576
13913,10.24366
13934,10.22255
13955,10.27181
13976,10.31169
13997,10.21552
14018,10.16626
14039,10.20613
14060,10.26712
14081,10.33984
14102,10.29058
14123,10.11934
14145,10.10292
14166,10.40552
14187,10.27885
14208,10.43367
14230,10.32576
14251,10.3891
14272,10.55799
14293,10.57207
14314,10.55799
14335,10.70343
14356,10.61429
14377,10.59083
14398,10.59083
14419,10.58614
14440,10.62602
14461,10.6096
14482,10.6096
14503,10.50169
14524,10.60022
14545,10.53219
14566,10.50639
14587,10.57441
14608,10.56738
14629,10.58614
14650,10.55565
14671,10.6917
14692,10.63775
14713,10.68701
14734,10.67293
14755,10.78318
14776,10.89109
14797,10.91454
14818,10.8301
14839,10.93565
14860,10.87936
14881,11.01541
14902,11.02714
14923,11.08813
14944,11.1327
14965,11.00603
14986,10.95207
15007,10.94269
15028,10.96146
15050,10.75738
15071,10.78787
15092,10.66355
15113,10.78787
15134,10.70812
15155,10.62836
15176,10.66355
15197,10.6096
15218,10.63306
15239,10.56972
15260,10.58614
15281,10.69639
15302,10.71281
15323,10.77849
15344,10.84417
15365,10.86997
15386,10.94738
15407,10.96849
15428,10.95911
15449,10.97084
15470,10.93565
15491,10.92158
15512,10.97319
15533,10.96849
15554,11.10455
15575,10.8559
15596,10.85355
15617,10.81602
15638,10.67997
15659,10.6354
15680,10.61429
15701,10.39848
15722,10.36095
15743,10.31404
15764,10.23428
15785,10.11465
15806,9.924646
15827,9.926992
15848,9.898843
15869,9.85662
15890,9.741679
15911,9.711185
15932,9.652542
15953,9.713531
15974,9.732296
15995,9.636122
16016,9.51649
16037,9.586862
16058,9.678345
16079,9.504761
16100,9.490686
16121,9.546985
16142,9.41797
16163,9.375746
16184,9.310066
16205,9.277225
16226,9.364017
16247,9.169322
16268,9.035616
16289,9.068456
16310,8.98401
16331,9.089567
16352,8.986356
16373,9.012158
16394,9.01685
16415,9.063765
16436,9.012158
16457,9.059073
16478,9.04969
16499,8.995738
16520,8.979319
16541,9.080185
16562,8.932404
16583,8.946478
16604,8.854995
16625,8.887836
16646,8.829192
16667,8.829192
16688,8.822155
16709,8.819809
16730,8.751783
16751,8.883143
16772,8.883143
16793,8.98401
16814,8.892527
16835,8.944133
16856,8.815118
16877,8.8245
16898,8.946478
16919,8.937096
16940,8.876106
16961,8.958207
16982,8.946478
17003,8.937096
17024,9.026234
17045,9.042653
17066,9.061419
17087,9.063765
17108,9.087222
17129,9.03327
17150,9.113025
17171,9.141173
17192,9.246731
17213,9.279572
17234,9.364017
17255,9.328832
17276,9.35698
17297,9.385129
17318,9.410933
17339,9.382783
17360,9.378092
17381,9.457847
17402,9.401549
17423,9.310066
17444,9.373401
17465,9.385129
17486,9.335869
17507,9.270188
17528,9.331178
17549,9.40624
17570,9.439081
17591,9.399203
17612,9.467229
17633,9.497724
17654,9.474266
17675,9.432044
17696,9.460192
17717,9.38982
17738,9.410933
17759,9.427352
17780,9.464884
17801,9.394512
17822,9.378092
17843,9.41797
17864,9.366363
17885,9.394512
17906,9.410933
17927,9.38982
17948,9.34056
17969,9.317103
17990,9.298337
18011,9.288955
18032,9.23031
18053,9.178705
18074,9.094258
18095,9.044999
18116,9.070802
18137,8.941787
18158,8.962898
18179,8.98401
18200,8.871415
18221,8.768204
18242,8.761166
18263,8.69314
18284,8.829192
18305,8.894873
18326,8.911292
18347,8.988701
18368,8.955861
18389,9.117716
18410,9.25846
18431,9.345251
18452,9.345251
18473,9.600936
18494,9.530564
18515,9.525873
18536,9.603281
18557,9.694765
18578,9.849584
18599,9.715877
18620,9.844892
18641,9.924646
18662,9.797977
18683,9.720568
18704,9.896498
18725,9.990326
18746,9.828471
18767,9.79094
18788,9.713531
18809,9.732296
18830,9.833163
18851,9.66427
18872,9.816743
18893,9.943413
18914,9.692419
18935,9.59859
18956,9.61501
18977,9.802669
18998,9.722914
19019,9.563404
19040,9.591553
19061,9.706493
19082,9.617355
19103,9.511798
19124,9.685382
19145,9.751062
19166,9.589207
19187,9.521181
19208,9.697111
19229,9.805015
19250,9.58217
19271,9.521181
19292,9.762791
19313,9.809706
19334,9.561059
19355,9.591553
19376,9.687728
19397,9.744025
19418,9.692419
19439,9.593899
19460,9.633776
19481,9.828471
19502,9.835509
19523,9.74637
19544,9.753407
19565,9.739333
19587,9.912917
19609,10.01378
19630,10.02551
19651,9.901189
19672,9.919954
19693,10.06305
19714,10.03959
19735,10.00909
19756,10.08416
19777,9.98329
19798,10.05835
19819,10.03489
19840,10.02082
19861,10.13342
19882,10.14514
19903,10.19441
19924,9.90588
19945,10.04193
19966,10.00909
19987,9.997364
20008,10.12169
20029,10.08416
20050,10.18971
20071,10.34922
20092,10.45713
20113,10.48528
20134,10.51342
20155,10.49466
20176,10.58614
20197,10.70577
20218,10.72923
20239,10.78553
20260,10.83479
20281,10.80664
20302,10.88405
20323,10.7996
20344,10.7996
20365,10.75503
20386,10.71281
20407,10.66824
20428,10.64947
20449,10.63306
20470,10.60725
20491,10.51811
20512,10.59318
20533,10.47824
20554,10.55096
20575,10.48293
20596,10.40552
20617,10.35861
20638,10.37972
20659,10.33749
20680,10.42429
20701,10.4712
20722,10.40083
20743,10.48762
20764,10.3891
20785,10.32342
20806,10.28823
20827,10.49466
20848,10.37033
20869,10.51342
20890,10.43132
20911,10.51108
20932,10.52984
20953,10.58145
20974,10.60256
20995,10.56972
21016,10.57441
21037,10.60725
21058,10.62836
21079,10.7175
21100,10.62367
21121,10.68935
21142,10.69639
21163,10.59318
21184,10.67762
21205,10.66355
21226,10.80664
21247,10.68701
21268,10.82306
21289,10.90985
21310,11.02479
21331,10.91454
21352,10.96146
21373,11.06467
21394,11.14442
21415,11.22887
21436,11.20072
21457,11.34146
21478,11.36492
21499,11.33677
21520,11.36492
21541,11.43295
21562,11.5127
21583,11.41653
21604,11.31566
21625,11.27578
21646,11.379
21667,11.2406
21688,11.1327
21709,11.00134
21730,11.00603
21751,11.02714
21772,10.90281
21793,10.7738
21814,10.73861
21835,10.75738
21856,10.4149
21877,10.51811
21898,10.54626
21919,10.39145
21940,10.20144
21961,10.07946
21982,9.999709
22003,9.945757
22024,9.875386
22045,9.680691
22066,9.61501
22087,9.64785
22108,9.603281
22129,9.572787
22150,9.38982
22171,9.239694
22192,9.188088
22213,9.2913
22234,9.220928
22255,9.197471
22276,9.246731
22297,9.084876
22318,9.075493
22339,9.014504
22360,8.948824
22381,9.005121
22402,8.838574
22423,8.747091
22444,8.704868
22465,8.747091
22486,8.639189
22507,8.547705
22528,8.587582
22549,8.634497
22570,8.709559
22591,8.718943
22612,8.589928
22633,8.648571
22654,8.505482
22675,8.528939
22696,8.43511
22717,8.477333
22738,8.425727
22759,8.575853
22780,8.535976
22801,8.557088
22822,8.653263
22843,8.620422
22864,8.763512
22885,8.782278
22906,8.786969
22927,8.923021
22948,8.944133
22969,8.974627
22990,9.005121
23011,9.077839
23032,9.105988
23053,9.080185
23074,9.19278
23095,9.166977
23116,9.204508
23137,9.143519
23158,9.185742
23179,9.349943
23200,9.349943
23221,9.319448
23242,9.326486
23263,9.415624
23284,9.518835
23305,9.392166
23326,9.422661
23347,9.394512
23368,9.448463
23389,9.509453
23410,9.495378
23431,9.434389
23452,9.453156
23473,9.392166
23494,9.446118
23515,9.432044
23536,9.429698
23557,9.324141
23578,9.319448
23599,9.317103
23620,9.34056
23641,9.284263
23662,9.328832
23683,9.253768
23704,9.263151
23725,9.288955
23746,9.326486
23767,9.220928
23788,9.218582
23809,9.251423
23830,9.227965
23851,9.19278
23872,9.272534
23893,9.157594
23914,9.117716
23935,9.195126
23956,9.138828
23977,9.070802
23998,9.070802
24019,9.023888
24040,8.941787
24061,8.838574
24082,8.770549
24103,8.672029
24124,8.761166
24145,8.6603
24166,8.604002
24187,8.606348
24208,8.557088
24229,8.460913
24250,8.425727
24271,8.378813
24292,8.397578
24313,8.238069
24334,8.212266
24355,8.249798
24376,8.383504
24397,8.299058
24418,8.36943
24439,8.507828
24460,8.653263
24481,8.657954
24502,8.833883
24523,9.075493
24544,9.195126
24565,9.206854
24586,9.40624
24607,9.563404
24628,9.640813
24649,9.739333
24670,9.729951
24691,9.840199
24712,10.01613
24733,10.16156
24754,10.18737
24775,10.20848
24796,10.26947
24817,10.39145
24838,10.43132
24859,10.37737
24880,10.26947
24901,10.21786
24922,10.5275
24943,10.51811
24964,10.20848
24985,10.0865
25006,10.1123
25027,10.28823
25048,10.02317
25069,9.934029
25090,9.924646
25111,9.908226
25132,9.926992
25153,9.950449
25174,10.01144
25195,9.931683
25216,10.05835
25237,10.1123
25258,10.16391
25279,10.21786
25300,10.13811
25321,10.17798
25342,10.26478
25363,10.49231
25384,10.34453
25405,10.46885
25426,10.4454
25447,10.40552
25468,10.42429
25489,10.52281
25510,10.53453
25531,10.65651
25552,10.72688
25573,10.74565
25594,10.78787
25615,10.72454
25636,10.56268
25657,10.48058
25678,10.40317
25699,10.46885
25720,10.52281
25741,10.36799
25762,10.29996
25783,10.26712
25804,10.15453
25825,10.07712
25846,10.08416
25867,10.09588
25888,10.05366
25909,9.915263
25930,10.07712
25951,10.05835
25972,10.12403
25993,10.0044
26014,9.976252
26035,10.06539
26056,10.15453
26077,10.19206
26098,10.26947
26119,10.3328
26140,10.30231
26161,10.24366
26182,10.47589
26203,10.54157
26224,10.497
26245,10.52046
26266,10.52984
26287,10.38206
26308,10.48762
26329,10.39379
26350,10.41959
26371,10.46885
26392,10.43836
26413,10.39145
26434,10.33515
26455,10.36564
26476,10.40552
26497,10.50639
26518,10.55565
26539,10.56738
26560,10.5533
26581,10.63775
26602,10.67528
26623,10.62602
26644,10.68935
26665,10.83479
26686,10.7738
26707,10.81837
26728,10.84417
26749,10.82541
26770,10.96146
26791,10.938
26812,11.01306
26833,10.93096
26854,10.87936
26875,10.98492
26896,10.86528
26917,10.86528
26938,10.76911
26959,10.77145
26980,10.71985
27001,10.64947
27022,10.43132
27043,10.58145
27064,10.54392
27085,10.50169
27106,10.50873
27127,10.53453
27148,10.61664
27169,10.60491
27190,10.53688
27211,10.63775
27232,10.68935
27253,10.65651
27274,10.68935
27295,10.73861
27316,10.67528
27337,10.78553
27358,10.77614
27379,10.748
27400,10.7738
27421,10.70812
27442,10.63306
27463,10.61429
27484,10.5838
27505,10.45478
27526,10.43601
27547,10.37033
27568,10.2765
27589,10.18268
27610,10.20379
27631,10.08416
27652,9.847238
27673,9.919954
27694,9.884768
27715,9.687728
27736,9.690074
27757,9.704147
27778,9.66427
27799,9.706493
27820,9.640813
27841,9.586862
27862,9.478958
27883,9.495378
27904,9.345251
27925,9.432044
27946,9.415624
27967,9.443772
27988,9.392166
28009,9.295992
28030,9.227965
28051,9.204508
28072,9.260805
28093,9.09895
28114,9.120062
28135,9.164631
28156,9.145865
28177,9.202163
28198,9.220928
28219,9.34056
28240,9.434389
28261,9.349943
28282,9.342906
28303,9.253768
28324,9.206854
28345,9.305374
28366,9.25846
28387,9.169322
28408,9.117716
28429,9.014504
28450,9.237348
28471,9.2092
28492,8.965244
28513,9.005121
28534,9.113025
28555,9.091913
28576,8.962898
28597,8.974627
28618,8.920675
28639,8.880798
28660,8.880798
28681,8.897219
28702,8.972281
28723,9.009813
28744,9.007467
28765,8.993393
28786,8.962898
28807,9.00043
28828,8.955861
28849,8.944133
28870,8.988701
28891,8.995738
28912,9.030925
28933,8.993393
28954,9.026234
28975,9.2092
28996,9.101295
29017,9.143519
29038,9.169322
29059,9.148211
29080,9.103642
29101,9.117716
29122,9.190434
29143,9.237348
29164,9.181051
29185,9.199817
29206,9.253768
29227,9.267843
29248,9.277225
29269,9.314757
29290,9.267843
29311,9.091913
29332,9.028579
29353,9.117716
29374,9.023888
29395,9.007467
29416,8.923021
29437,8.871415
29458,8.833883
29479,8.965244
29500,9.037962
29521,8.831537
29542,8.981664
29563,8.871415
29584,8.869069
29605,8.890181
29626,8.923021
29647,8.93475
29668,8.920675
29689,8.845612
29710,8.866723
29731,8.960552
29752,8.986356
29773,8.953515
29794,9.00043
29815,9.09895
29836,9.056727
29857,9.218582
29878,9.181051
29899,9.068456
29920,8.998084
29941,8.965244
29962,9.026234
29983,8.965244
30004,8.859686
30025,8.822155
30046,8.772895
30067,8.744746
30088,8.798697
30109,8.859686
30130,8.815118
30151,8.930058
30172,8.955861
30193,8.927712
30214,8.923021
30235,9.2092
30256,9.237348
30277,9.263151
30298,9.244386
30319,9.399203
30341,9.638468
30364,9.685382
30385,9.725259
30406,9.870694
30427,10.03489
30448,10.28589
30469,10.42663
30490,10.43836
30511,10.59318
30532,10.5275
30553,10.4149
30574,10.54861
30595,10.67293
30616,10.55565
30637,10.06305
30658,10.05835
30679,10.13107
30700,9.980944
30721,9.802669
30742,9.718222
30763,9.788594
30784,9.755754
30805,9.619701
30826,9.636122
30847,9.490686
30868,9.697111
30889,9.654888
30910,9.622047
30931,9.678345
30952,9.563404
30973,9.568096
30994,9.668962
31015,9.66427
31036,9.661925
31057,9.678345
31078,9.683037
31099,9.687728
31120,9.880077
31141,9.837853
31162,9.891806
31184,9.863657
31205,9.929338
31226,9.950449
31247,9.980944
31268,10.09354
31289,10.27181
31310,10.37033
31331,10.22021
31352,10.26243
31373,10.25539
31394,10.20379
31415,10.13811
31436,10.25305
31457,9.957487
31478,10.01613
31499,9.971561
31520,9.840199
31541,9.694765
31562,10.18971
31583,10.24836
31604,10.37268
31625,10.23428
31646,10.25774
31667,10.32342
31688,10.2765
31709,10.51577
31730,10.33046
31751,10.30465
31772,10.29058
31793,10.31873
31814,10.42898
31835,10.60256
31856,10.47589
31877,10.33749
31898,10.39848
31919,10.36799
31940,10.39379
31961,10.56268
31982,10.57676
32003,10.71046
32024,10.67528
32045,10.67528
32066,10.72923
32087,10.76207
32108,10.84652
32129,11.02245
32150,10.9943
32171,11.01541
32192,11.08109
32213,11.10924
32234,10.9943
32255,11.07405
32276,11.08813
32297,10.96615
32318,11.11393
32339,11.04356
32360,11.03652
32381,11.00368
32402,10.91454
32423,10.95911
32444,10.86059
32465,10.86763
32486,10.85121
32507,10.87232
32528,10.85824
32549,10.77145
32570,10.86059
32591,10.82541
32612,10.83244
32633,10.86763
32654,10.94504
32675,10.78787
32696,10.86763
32717,10.77614
32738,10.68232
32759,10.76911
32780,10.77145
32801,10.80664
32822,10.78787
32843,10.75972
32864,10.72688
32885,10.65651
32906,10.58145
32927,10.50169
32948,10.52281
32969,10.33515
32990,10.30231
33011,10.23194
33032,10.35626
33053,10.26243
33074,10.09588
33095,10.16626
33116,10.07946
33137,10.10058
33158,10.07477
33179,10.23663
33200,10.06773
33221,10.03959
33242,10.08416
33263,10.09119
33284,10.12872
33305,10.04428
33326,9.945757
33347,10.06539
33368,10.01144
33389,10.06305
33410,10.04428
33431,10.03959
33452,10.05601
33473,10.10527
33494,10.1686
33515,10.17329
33536,10.09588
33557,10.10058
33578,10.08416
33599,10.04662
33620,10.05835
33641,10.18268
33662,9.990326
33683,9.995018
33704,9.98329
33725,9.835509
33746,9.877731
33767,9.85662
33788,9.605627
33809,9.629085
33830,9.626739
33851,9.563404
33872,9.469575
33893,9.354634
33914,9.375746
33935,9.145865
33956,9.09895
33977,9.09895
33998,9.15994
34019,9.120062
34040,9.148211
34061,9.04969
34082,9.124753
34103,9.108333
34124,9.124753
34145,9.120062
34166,9.213891
34187,9.122408
34208,9.026234
34229,9.04969
34250,9.04969
34271,8.953515
34292,8.925366
34313,9.037962
34334,8.98401
34355,8.850304
34376,8.979319
34397,8.944133
34418,8.897219
34439,8.939441
34460,8.93475
34481,9.023888
34502,9.084876
34523,9.059073
34544,9.028579
34565,9.103642
34586,9.169322
34607,9.124753
34628,9.105988
34649,9.042653
34670,9.007467
34691,9.052036
34712,9.115371
34733,9.141173
34754,9.052036
34775,9.08253
34796,9.141173
34817,9.145865
34838,9.171668
34859,9.127099
34880,9.124753
34901,9.075493
34922,9.070802
34943,9.091913
34964,9.127099
34985,9.183396
35006,9.152903
35027,9.263151
35048,9.232656
35069,9.166977
35090,9.176359
35111,9.166977
35132,9.314757
35153,9.237348
35174,9.216236
35195,9.244386
35216,9.354634
35237,9.326486
35258,9.293646
35279,9.331178
35300,9.331178
35321,9.223273
35342,9.188088
35363,9.155248
35384,9.152903
35405,9.143519
35426,9.152903
35447,9.218582
35468,9.171668
35489,9.199817
35510,9.197471
35531,9.176359
35552,9.110679
35573,9.110679
35594,9.166977
35615,9.183396
35636,9.246731
35657,9.197471
35678,9.303029
35699,9.312411
35720,9.134136
35741,9.244386
35762,9.23031
35783,9.105988
35804,9.148211
35825,9.155248
35846,9.070802
35867,9.300683
35888,9.319448
35909,9.113025
35930,9.026234
35951,9.293646
35972,9.277225
35993,9.145865
36014,9.375746
36035,9.427352
36056,9.35698
36077,9.469575
36098,9.622047
36119,9.638468
36140,9.633776
36161,9.842546
36182,9.894152
36203,9.776865
36224,9.889461
36245,10.01613
36266,9.980944
36287,9.772174
36308,9.87304
36329,9.844892
36350,9.77452
36371,9.64785
36392,9.636122
36413,9.659579
36434,9.392166
36455,9.40624
36476,9.507107
36497,9.631431
36518,9.584516
36539,9.629085
36560,9.744025
36581,9.739333
36602,9.802669
36623,9.673654
36644,9.870694
36665,10.01378
36686,9.722914
36707,9.50007
36728,9.753407
36749,10.01378
36770,9.861312
36791,9.563404
36812,9.422661
36833,9.657233
36854,9.732296
36875,9.507107
36896,9.471921
36917,9.427352
36938,9.633776
36959,9.633776
36980,9.385129
37001,9.575133
37022,9.734642
37043,9.751062
37064,9.706493
37085,9.729951
37106,9.847238
37127,9.849584
37148,10.00909
37169,9.992672
37190,10.14749
37211,10.1428
37232,10.08885
37253,10.1428
37274,10.18268
37295,10.18268
37316,10.05132
37337,10.14045
37358,10.22021
37379,10.30935
37400,10.19675
37421,10.01378
37442,10.01144
37463,10.08885
37484,10.10761
37505,10.05366
37526,10.05366
37547,9.87304
37568,10.04428
37589,10.11934
37610,10.14045
37631,10.2507
37652,10.33984
37673,10.4149
37694,10.44774
37715,10.67528
37736,10.57207
37757,10.62133
37778,10.70577
37799,10.64713
37820,10.68701
37841,10.76676
37862,10.65417
37883,10.52515
37904,10.68701
37925,10.58614
37946,10.50404
37967,10.56738
37988,10.56503
38009,10.40083
38030,10.50873
38051,10.39614
38072,10.42429
38093,10.43367
38114,10.39848
38135,10.33515
38156,10.47824
38177,10.44774
38198,10.48293
38219,10.497
38240,10.44305
38261,10.45478
38282,10.45478
38303,10.48997
38324,10.57207
38345,10.5791
38366,10.5791
38387,10.5838
38408,10.58849
38429,10.52515
38450,10.56738
38471,10.44774
38492,10.48058
38513,10.4712
38534,10.34688
38555,10.38675
38576,10.32576
38597,10.24601
38618,10.18033
38639,10.18737
38660,10.12403
38681,10.09119
38702,10.16391
38723,10.22021
38744,10.26478
38765,10.18033
38786,10.25774
38807,10.23897
38828,10.29292
38849,10.29058
38870,10.2812
38891,10.36564
38912,10.33749
38933,10.26008
38954,10.33515
38975,10.27416
38996,10.30465
39017,10.29762
39038,10.3633
39059,10.32811
39080,10.307
39101,10.14514
39122,10.04428
39143,10.12169
39164,10.0302
39185,10.05835
39206,10.04662
39227,9.957487
39248,9.842546
39269,9.894152
39290,9.912917
39311,9.788594
39332,9.814397
39353,9.816743
39374,9.840199
39395,9.844892
39416,9.837853
39437,9.854274
39458,9.903535
39479,9.950449
39500,9.941067
39521,10.00206
39542,10.00909
39563,10.04897
39584,10.19675
39605,10.24366
39626,10.27181
39647,10.26947
39668,10.1991
39689,10.31873
39710,10.36095
39731,10.30465
39752,10.2249
39773,10.30231
39794,10.35626
39815,10.24836
39836,10.24601
39857,10.29292
39878,10.27416
39899,10.17095
39920,10.11934
39941,10.27416
39962,10.21786
39983,10.16626
40004,10.14749
40025,10.18268
40046,10.10761
40067,10.18971
40088,10.18033
40109,10.18502
40130,10.12403
40151,10.23663
40172,10.2812
40193,10.25305
40214,10.17329
40235,10.05835
40256,10.05835
40277,10.03489
40298,10.10058
40319,10.05132
40340,9.973906
40361,9.866002
40382,9.795631
40403,9.718222
40424,9.708839
40445,9.795631
40466,9.744025
40487,9.631431
40508,9.589207
40529,9.636122
40550,9.64785
40571,9.659579
40592,9.645505
40613,9.530564
40634,9.467229
40655,9.392166
40676,9.401549
40697,9.319448
40718,9.171668
40739,9.124753
40760,9.2092
40781,9.253768
40802,9.25846
40823,9.091913
40844,8.937096
40865,8.974627
40886,8.941787
40907,8.923021
40928,8.93475
40949,9.007467
40970,8.939441
40991,9.056727
41012,8.962898
41033,8.995738
41054,8.892527
41075,8.836229
41096,8.937096
41117,8.887836
41138,8.833883
41159,8.876106
41180,8.923021
41201,8.946478
41222,8.93475
41243,8.801044
41264,8.819809
41285,8.932404
41306,8.911292
41327,8.946478
41348,8.911292
41369,8.908947
41390,9.056727
41411,9.054381
41432,9.148211
41453,9.148211
41474,9.171668
41495,9.220928
41516,9.181051
41537,9.105988
41558,9.091913
41579,9.134136
41600,9.211545
41621,9.143519
41642,9.166977
41663,9.171668
41684,9.195126
41705,9.143519
41726,9.04969
41747,9.152903
41768,9.166977
41789,9.096604
41810,9.035616
41831,9.054381
41852,9.080185
41873,9.077839
41894,9.054381
41915,9.03327
41936,8.962898
41957,8.920675
41978,8.969935
41999,8.798697
42020,8.906601
42041,8.871415
42062,8.930058
42083,8.904256
42104,8.880798
42125,8.873761
42146,8.808081
42167,8.695485
42188,8.775241
42209,8.618076
42230,8.733017
42251,8.723634
42272,8.604002
42293,8.730671
42314,8.815118
42335,8.730671
42356,8.613385
42377,8.721289
42398,8.817463
42419,8.845612
42440,8.72598
42461,8.876106
42482,9.037962
42503,9.059073
42524,9.103642
42545,9.305374
42566,9.235003
42587,9.204508
42608,9.507107
42629,9.652542
42650,9.715877
42671,9.79094
42692,9.966869
42713,10.18268
42734,10.03255
42755,9.823779
42776,9.985635
42797,10.117
42818,10.09119
42839,10.04897
42860,10.0865
42881,10.05601
42902,9.955141
42923,9.917608
42944,9.938721
42965,9.915263
42986,9.992672
43007,9.870694
43028,9.866002
43049,10.01144
43070,9.934029
43091,9.997364
43112,10.0302
43133,10.01378
43154,10.06773
43175,10.12638
43196,10.16156
43217,10.19206
43238,10.26947
43259,10.12403
43280,10.22725
43301,10.26947
43322,10.32576
43343,10.45478
43364,10.45244
43385,10.47589
43406,10.53688
43427,10.51342
43448,10.34219
43469,10.52515
43490,10.42429
43511,10.43836
43532,10.37972
43553,10.45947
43574,10.30935
43595,10.18971
43616,10.02082
43637,10.02317
43658,9.941067
43679,9.882422
43700,9.847238
43721,9.875386
43742,9.901189
43763,9.814397
43784,9.901189
43805,9.722914
43826,9.697111
43847,9.769828
43868,9.973906
43889,10.05366
43910,10.10058
43931,10.18033
43952,10.18033
43973,10.19441
43994,10.35391
44015,10.32107
44036,10.42194
44057,10.55565
44078,10.61194
44099,10.45713
44120,10.54392
44141,10.55096
44162,10.63306
44183,10.61194
44204,10.51577
44225,10.43367
44246,10.40552
44267,10.41256
44288,10.50873
44309,10.48058
44330,10.51577
44351,10.50404
44372,10.49231
44393,10.50873
44414,10.55096
44435,10.59552
44456,10.57676
44477,10.74096
44498,10.71281
44519,10.71985
44540,10.78787
44561,10.74331
44582,10.74565
44603,10.79022
44624,10.92393
44645,10.92158
44666,10.90281
44687,10.95207
44708,10.94738
44729,10.8301
44750,10.78084
44771,10.84652
44792,10.60256
44813,10.65651
44834,10.60725
44855,10.50873
44876,10.55565
44897,10.50639
44918,10.5791
44939,10.53688
44960,10.51811
44981,10.44774
45002,10.48528
45023,10.58849
45044,10.65886
45065,10.59318
45086,10.68232
45107,10.62602
45128,10.61898
45149,10.61898
45170,10.61194
45191,10.66121
45212,10.72688
45233,10.69404
45254,10.70108
45275,10.76207
45296,10.76676
45317,10.81602
45338,10.71046
45359,10.64009
45380,10.55799
45401,10.46885
45422,10.42194
45443,10.56268
45464,10.20144
45485,10.24836
45506,10.02551
45527,10.21317
45548,10.10996
45569,9.938721
45590,9.896498
45611,9.976252
45632,9.966869
45653,9.87304
45674,9.912917
45695,9.912917
45716,9.765137
45737,9.814397
45758,9.776865
45779,9.744025
45800,9.638468
45821,9.697111
45842,9.7581
45863,9.622047
45884,9.58217
45905,9.483649
45926,9.657233
45947,9.617355
45968,9.603281
45989,9.56575
46010,9.471921
46031,9.483649
46052,9.420315
46073,9.450809
46094,9.359325
46115,9.403895
46136,9.441426
46157,9.103642
46178,9.24204
46199,9.366363
46220,9.265497
46241,9.096604
46262,9.120062
46283,9.220928
46304,9.279572
46325,9.195126
46346,9.164631
46367,9.312411
46388,9.378092
46409,9.223273
46430,9.232656
46451,9.281918
46472,9.310066
46493,9.183396
46514,9.157594
46535,9.101295
46556,9.169322
46577,9.105988
46598,9.002776
46619,8.998084
46640,8.953515
46661,8.913638
46682,8.946478
46703,8.808081
46724,8.751783
46745,8.702522
46766,8.721289
46787,8.702522
46808,8.730671
46829,8.707214
46850,8.801044
46871,8.737708
46892,8.674374
46913,8.744746
46934,8.923021
46955,8.960552
46976,8.95117
46997,9.019196
47018,9.066111
47039,9.113025
47060,9.023888
47081,9.171668
47102,9.195126
47123,9.164631
47144,9.124753
47165,9.044999
47186,9.002776
47207,9.030925
47228,8.962898
47249,8.979319
47270,8.995738
47291,8.911292
47312,9.014504
47333,9.087222
47354,9.054381
47375,9.044999
47396,9.073148
47417,9.113025
47438,9.047344
47459,9.129445
47480,9.239694
47501,9.166977
47522,9.129445
47543,9.164631
47564,9.237348
47585,9.328832
47606,9.166977
47627,9.218582
47648,9.223273
47669,9.155248
47690,9.206854
47711,9.385129
47732,9.206854
47753,9.204508
47774,9.169322
47795,9.117716
47816,9.026234
47837,9.007467
47858,8.930058
47879,8.869069
47900,8.653263
47921,8.695485
47942,8.737708
47963,8.646226
47984,8.606348
48005,8.493753
48026,8.519556
48047,8.604002
48068,8.517211
48089,8.470296
48110,8.625113
48131,8.740054
48152,8.64388
48173,8.667336
48194,9.028579
48215,9.021542
48236,8.944133
48257,9.204508
48278,9.34056
48299,9.239694
48320,9.399203
48341,9.427352
48362,9.561059
48383,9.701802
48404,9.683037
48425,9.666616
48446,9.462538
48467,9.753407
48488,9.694765
48509,9.844892
48530,9.877731
48551,9.725259
48572,9.542293
48593,9.61501
48614,9.729951
48635,9.805015
48656,9.718222
48677,9.772174
48698,9.683037
48719,9.643159
48740,9.755754
48761,9.739333
48782,9.854274
48803,9.875386
48824,9.753407
48845,9.842546
48866,9.692419
48887,9.59859
48908,9.697111
48929,9.87304
48950,9.861312
48971,9.575133
48992,9.725259
49013,9.917608
49034,9.779211
49055,9.593899
49076,9.718222
49097,10.00909
49118,9.835509
49139,9.676
49160,9.720568
49181,9.80736
49202,9.887115
49223,9.826125
49244,9.793285
49265,9.849584
49286,9.812052
49307,9.779211
49328,9.830817
49349,9.783903
49370,9.997364
49391,9.926992
49412,10.117
49433,10.1428
49454,10.02551
49475,10.09354
49496,10.0607
49517,10.04897
49538,10.04662
49559,9.966869
49580,10.0607
49601,10.12403
49622,10.22959
49643,10.25539
49664,10.06305
49685,9.999709
49706,10.03724
49727,10.117
49748,10.21317
49769,10.10292
49790,10.07946
49811,9.955141
49832,10.03959
49853,10.08416
49874,10.0044
49895,9.995018
49916,10.04662
49937,10.09354
49958,10.17329
49979,10.2765
50000,10.26478
50021,10.22725
50042,10.26243
50063,10.31404
50084,10.46182
50105,10.60022
50126,10.64244
50147,10.83244
50168,10.66355
50189,10.75738
50210,10.72219
50231,10.71046
50252,10.6659
50273,10.73158
50294,10.61664
50315,10.54157
50336,10.62367
50357,10.48058
50378,10.54626
50399,10.54861
50420,10.7996
50441,10.8559
50462,10.86528
50483,10.86294
50504,10.9638
50525,10.87232
50546,10.95442
50567,10.99195
50588,11.04825
50609,10.97084
50630,11.05763
50651,11.09282
50672,11.14208
50693,11.14208
50714,11.14677
50735,11.11158
50756,10.94738
50777,10.91923
50798,10.90281
50819,10.89343
50840,10.69639
50861,10.62133
50882,10.57441
50903,10.42194
50924,10.43367
50945,10.26478
50966,10.30935
50987,10.13811
51008,10.05366
51029,9.896498
51050,10.08181
51071,10.23428
51092,10.15453
51113,10.08885
51134,10.26712
51155,10.34219
51176,10.4149
51197,10.32107
51218,10.47824
51239,10.48293
51260,10.40317
51281,10.57207
51302,10.60256
51323,10.56738
51344,10.53453
51365,10.67293
51386,10.55799
51407,10.52984
51428,10.5791
51449,10.49935
51470,10.43836
51491,10.39145
51512,10.18502
51533,10.09354
51554,9.952795
51575,9.936375
51596,10.17798
51617,10.22959
51638,10.06539
51659,9.849584
51680,9.962177
51701,9.90588
51722,9.901189
51743,9.85662
51764,9.889461
51785,9.90588
51806,9.861312
51827,9.786248
51851,9.889461
51876,9.809706
51897,9.668962
51918,9.64785
51939,9.610318
51960,9.654888
51981,9.640813
52002,9.591553
52023,9.579824
52044,9.539948
52065,9.530564
52086,9.603281
52107,9.450809
52128,9.361671
52149,9.425007
52170,9.422661
52191,9.561059
52212,9.469575
52233,9.371055
52254,9.270188
52275,9.300683
52296,9.333523
52317,9.164631
52338,9.122408
52359,9.293646
52380,8.932404
52401,8.939441
52422,8.871415
52443,8.639189
52464,8.775241
52485,8.679066
52506,8.723634
52527,8.756474
52548,8.64388
52569,8.695485
52590,8.672029
52611,8.618076
52632,8.64388
52653,8.622768
52674,8.648571
52695,8.611039
52716,8.453876
52737,8.611039
52758,8.568816
52779,8.622768
52800,8.618076
52821,8.700177
52842,8.723634
52863,8.812772
52884,8.890181
52905,8.948824
52926,8.962898
52947,9.009813
52968,9.021542
52989,9.115371
53010,9.115371
53031,9.141173
53052,9.213891
53073,9.364017
53094,9.40624
53115,9.277225
53136,9.2913
53157,9.27488
53178,9.331178
53199,9.352288
53220,9.267843
53241,9.295992
53262,9.385129
53283,9.286609
53304,9.361671
53325,9.410933
53346,9.514144
53367,9.478958
53388,9.310066
53409,9.425007
53430,9.464884
53451,9.48834
53472,9.478958
53493,9.593899
53515,9.507107
53536,9.556367
53557,9.584516
53578,9.699456
53599,9.704147
53620,9.591553
53641,9.697111
53662,9.593899
53683,9.643159
53704,9.600936
53725,9.61501
53746,9.542293
53767,9.537601
53788,9.504761
53809,9.368709
53830,9.403895
53851,9.35698
53872,9.27488
53893,9.303029
53914,9.324141
53935,9.298337
53956,9.143519
53977,9.138828
53998,9.281918
54019,9.174014
54040,9.094258
54061,9.087222
54082,9.23031
54103,9.277225
54124,9.096604
54145,8.998084
54166,9.206854
54187,9.270188
54208,8.988701
54229,8.995738
54250,9.293646
54271,9.394512
54292,9.174014
54313,9.148211
54334,9.324141
54355,9.256114
54376,9.155248
54397,9.15994
54418,9.216236
54439,9.267843
54460,9.366363
54481,9.300683
54502,9.24204
54523,9.448463
54544,9.485995
54565,9.394512
54586,9.319448
54607,9.427352
54628,9.518835
54649,9.453156
54670,9.584516
54691,9.521181
54712,9.561059
54733,9.50007
54754,9.48834
54775,9.603281
54796,9.589207
54817,9.422661
54838,9.427352
54859,9.690074
54880,9.584516
54901,9.38982
54922,9.640813
54943,9.866002
54964,9.739333
54985,9.699456
55006,9.572787
55027,9.755754
55048,9.858966
55069,9.863657
55090,9.934029
55111,9.9223
55132,9.978598
55153,10.05601
55174,10.02082
55195,9.966869
55216,10.04193
55237,10.20613
55258,10.24366
55279,10.2507
55300,10.22021
55321,10.10761
55342,10.24836
55363,10.1686
55384,10.28823
55405,10.41725
55426,10.49466
55447,10.47589
55468,10.51108
55489,10.49466
55510,10.65651
55531,10.52046
55552,10.4454
55573,10.44305
55594,10.52515
55615,10.56034
55636,10.497
55657,10.64713
55678,10.54157
55699,10.47824
55720,10.48762
55741,10.47824
55762,10.41021
55783,10.45478
55804,10.44774
55825,10.37737
55846,10.32811
55867,10.37503
55888,10.3633
55909,10.34453
55930,10.22021
55951,10.14045
55972,10.2507
55993,10.35391
56014,10.26947
56035,10.37268
56056,10.35391
56077,10.36799
56098,10.50639
56119,10.48293
56140,10.44305
56161,10.56972
56182,10.48293
56203,10.50873
56224,10.4454
56245,10.50169
56266,10.28589
56287,10.31404
56308,10.32342
56329,10.34219
56350,10.26478
56371,10.32811
56392,10.20144
56413,10.27181
56434,10.25305
56455,10.23897
56476,10.26478
56497,10.3633
56518,10.37268
56539,10.3328
56560,10.45478
56581,10.42194
56602,10.38675
56623,10.46182
56644,10.49466
56665,10.47355
56686,10.51342
56707,10.58145
56728,10.497
56749,10.53688
56770,10.54626
56791,10.59318
56812,10.50639
56833,10.54626
56854,10.50873
56875,10.49231
56896,10.42194
56917,10.40317
56938,10.39848
56959,10.37972
56980,10.30231
57001,10.35626
57022,10.45244
57043,10.37033
57064,10.43132
57085,10.40083
57106,10.36095
57127,10.38441
57148,10.32342
57169,10.40552
57190,10.44774
57211,10.46416
57232,10.3891
57253,10.48997
57274,10.62133
57295,10.61664
57316,10.61194
57337,10.5533
57358,10.50873
57379,10.73861
57400,10.70812
57421,10.58614
57442,10.50169
57463,10.60725
57484,10.78787
57505,10.57676
57526,10.55096
57547,10.59552
57568,10.49231
57589,10.42663
57610,10.32811
57631,10.67762
57652,10.4454
57673,10.32811
57694,10.29292
57715,10.22255
57736,10.10996
57757,10.18268
57778,10.07243
57799,10.05132
57820,9.997364
57841,10.03724
57862,9.924646
57883,9.973906
57904,9.992672
57925,10.06539
57946,9.985635
57967,9.903535
57988,9.896498
58009,9.980944
58030,9.898843
58051,9.955141
58072,9.861312
58093,9.765137
58114,9.708839
58135,9.661925
58156,9.828471
58177,9.439081
58198,9.314757
58219,9.425007
58240,9.401549
58261,9.244386
58282,9.178705
58303,9.227965
58324,9.27488
58345,9.122408
58366,9.061419
58387,8.974627
58408,9.021542
58429,9.09895
58450,9.047344
58471,9.202163
58492,9.026234
58513,9.145865
58534,9.108333
58555,9.225619
58576,9.204508
58597,9.141173
58618,9.141173
58639,9.284263
58660,9.204508
58681,9.202163
58702,9.120062
58723,9.115371
58744,9.199817
58765,9.204508
58786,9.129445
58807,9.148211
58828,9.101295
58849,9.094258
58870,9.047344
58891,9.073148
58912,9.134136
58933,9.227965
58954,9.103642
58975,9.15994
58996,9.122408
59017,9.141173
59038,9.059073
59059,9.01685
59080,8.953515
59101,9.141173
59122,9.136482
59143,9.040307
59164,9.087222
59185,9.063765
59206,9.08253
59227,9.148211
59248,9.174014
59269,9.237348
59290,9.216236
59311,9.256114
59332,9.178705
59353,9.148211
59374,9.138828
59395,9.120062
59416,9.091913
59437,9.059073
59458,9.035616
59479,9.005121
59500,8.911292
59521,8.939441
59542,9.005121
59563,8.930058
59584,9.134136
59605,9.09895
59626,8.972281
59647,9.204508
59668,9.19278
59689,9.174014
59710,9.164631
59731,8.944133
59752,9.061419
59773,9.181051
59794,9.185742
59815,9.331178
59836,9.25846
59857,9.288955
59878,9.263151
59899,9.335869
59920,9.326486
59941,9.281918
59962,9.295992
59983,9.361671
60004,9.181051
60025,9.279572
60046,9.237348
60067,9.096604
60088,9.061419
60109,9.091913
60130,8.904256
60151,8.904256
60172,9.04969
60193,8.960552
60214,8.897219
60235,8.920675
60256,9.075493
60277,8.95117
60298,8.873761
60319,8.967589
60340,9.09895
60361,9.134136
60382,9.056727
60403,9.227965
60424,9.439081
60445,9.460192
60466,9.305374
60487,9.425007
60508,9.556367
60529,9.558713
60550,9.51649
60571,9.645505
60592,9.755754
60613,9.776865
60634,9.734642
60655,9.823779
60676,9.964523
60697,9.851928
60718,9.643159
60739,9.826125
60760,10.06305
60781,9.854274
60802,9.80736
60823,9.706493
60844,9.741679
60865,9.650196
60886,9.751062
60907,9.98798
60928,9.863657
60949,9.783903
60970,9.870694
60991,9.690074
61012,9.509453
61033,9.676
61054,9.645505
61075,9.446118
61096,9.429698
61117,9.586862
61138,9.225619
61159,8.960552
61180,9.075493
61201,9.305374
61222,9.035616
61243,9.08253
61264,9.171668
61285,9.328832
61306,9.396858
61327,9.319448
61348,9.342906
61369,9.366363
61390,9.380438
61411,9.443772
61432,9.469575
61453,9.485995
61474,9.485995
61495,9.432044
61516,9.368709
61537,9.570441
61558,9.575133
61579,9.561059
61600,9.467229
61621,9.446118
61642,9.577478
61663,9.739333
61684,9.882422
61705,9.814397
61726,9.833163
61747,9.80736
61768,9.802669
61789,9.814397
61810,9.9223
61831,10.01848
61852,10.10292
61873,10.11465
61894,10.21552
61915,10.4712
61936,10.3891
61957,10.33749
61978,10.34922
61999,10.30935
62020,10.39848
62041,10.53219
62062,10.64947
62083,10.59083
62104,10.55799
62125,10.49466
62146,10.56503
62167,10.42898
62188,10.52984
62209,10.56268
62230,10.56034
62251,10.61664
62272,10.61664
62293,10.52515
62314,10.66824
62335,10.74565
62356,10.71046
62377,10.62836
62398,10.81602
62419,11.0201
62440,10.81133
62461,10.7738
62482,10.67762
62503,10.748
62524,10.75034
62545,10.69404
62566,10.65182
62587,10.5838
62608,10.57441
62629,10.59552
62650,10.7175
62671,10.52046
62692,10.54157
62713,10.54392
62734,10.56034
62755,10.64009
62776,10.57207
62797,10.65182
62818,10.62836
62839,10.67059
62860,10.6917
62881,10.68701
62902,10.64009
62923,10.76676
62944,10.78787
62965,10.88639
62986,10.79726
63007,10.90281
63028,11.06936
63049,11.05529
63070,11.0201
63091,10.94973
63112,10.87232
63133,10.83244
63154,10.78553
63175,10.73861
63196,10.65182
63217,10.54392
63238,10.56738
63259,10.46885
63280,10.45478
63301,10.32576
63322,10.15218
63343,10.34922
63364,10.36095
63385,10.24601
63406,10.25305
63427,10.28823
63448,10.37268
63469,10.32342
63490,10.40083
63511,10.40317
63532,10.53923
63553,10.49935
63574,10.52984
63595,10.57207
63616,10.54861
63637,10.51577
63658,10.54392
63679,10.4712
63700,10.4712
63721,10.46416
63742,10.38675
63763,10.3891
63784,10.39145
63805,10.24366
63826,10.28354
63847,9.952795
63868,10.14984
63889,10.21083
63910,10.19675
63931,9.962177
63952,9.849584
63973,9.765137
63994,9.929338
64015,9.734642
64036,9.706493
64057,9.591553
64078,9.624393
64099,9.706493
64120,9.800323
64141,9.591553
64162,9.612664
64183,9.591553
64204,9.537601
64225,9.507107
64246,9.321795
64267,9.368709
64288,9.467229
64309,9.244386
64330,9.220928
64351,9.23031
64372,9.197471
64393,9.284263
64414,9.23031
64435,9.235003
64456,9.171668
64477,9.206854
64498,9.188088
64519,9.295992
64540,9.298337
64561,9.279572
64582,9.317103
64603,9.312411
64624,9.392166
64645,9.425007
64666,9.310066
64687,9.373401
64708,9.312411
64729,9.364017
64750,9.293646
64771,9.288955
64792,9.324141
64813,9.263151
64834,9.13179
64855,9.077839
64876,9.009813
64897,9.014504
64918,8.974627
64939,8.962898
64960,8.913638
64981,8.90191
65002,8.869069
65023,8.84092
65044,8.908947
65065,8.944133
65086,8.878452
65107,8.937096
65128,8.897219
65149,8.831537
65170,8.906601
65191,8.941787
65212,8.873761
65233,8.939441
65254,8.967589
65275,8.852649
65296,8.908947
65317,9.021542
65338,8.962898
65359,8.946478
65380,9.108333
65401,9.155248
65422,9.251423
65443,9.162285
65464,9.185742
65485,9.134136
65506,9.030925
65527,9.070802
65548,9.044999
65569,9.002776
65590,9.110679
65611,9.052036
65632,9.096604
65653,9.124753
65674,9.141173
65695,9.113025
65716,9.035616
65737,9.141173
65758,8.993393
65779,9.040307
65800,9.13179
65821,9.157594
65842,9.195126
65863,9.288955
65884,9.260805
65905,9.2092
65926,9.2913
65947,9.396858
65968,9.328832
65989,9.253768
66010,9.27488
66031,9.303029
66052,9.300683
66073,9.265497
66094,9.378092
66115,9.443772
66136,9.354634
66157,9.321795
66178,9.349943
66199,9.272534
66220,9.27488
66241,9.164631
66262,9.087222
66283,9.232656
66304,9.235003
66325,9.188088
66346,9.059073
66367,9.197471
66388,9.113025
66409,9.026234
66430,9.054381
66451,9.213891
66472,9.110679
66493,8.904256
66514,9.044999
66535,9.300683
66556,8.976973
66577,8.8245
66598,9.044999
66619,9.190434
66640,8.972281
66661,8.958207
66682,9.40624
66703,9.385129
66724,9.202163
66745,9.295992
66766,9.622047
66787,9.551676
66808,9.2092
66829,9.338214
66850,9.795631
66871,9.530564
66892,9.143519
66913,9.410933
66934,9.835509
66955,9.830817
66976,9.019196
66997,9.227965
67018,9.485995
67039,9.235003
67060,8.892527
67081,8.836229
67102,9.310066
67123,9.476612
67144,9.385129
67165,9.00043
67186,9.319448
67207,9.539948
67228,9.267843
67249,9.211545
67270,9.50007
67291,9.680691
67312,9.493032
67333,9.521181
67354,9.607973
67375,9.687728
67396,9.783903
67417,9.781557
67438,9.800323
67459,9.936375
67480,9.772174
67501,9.917608
67522,10.0865
67543,10.25305
67564,10.29292
67585,10.21317
67606,10.28589
67627,10.45947
67648,10.43367
67669,10.50873
67690,10.62133
67711,10.64947
67732,10.67293
67753,10.6096
67774,10.64947
67795,10.7175
67816,10.82071
67837,10.77849
67858,10.75972
67879,10.80664
67900,10.95677
67921,10.86528
67942,10.93565
67963,10.69404
67984,10.82071
68005,10.75269
68026,10.73627
68047,10.84886
68068,10.81133
68089,10.83244
68110,10.87232
68131,10.78084
68152,10.89343
68173,10.86763
68194,10.9122
68215,10.85121
68236,10.92393
68257,10.92627
68278,10.90516
68299,10.86528
68320,10.99195
68341,10.91454
68362,10.98257
68383,10.97319
68404,11.09985
68425,11.05998
68446,11.11862
68467,11.11862
68488,11.09282
68509,11.0764
68530,11.01072
68551,11.01072
68572,11.02948
68593,11.0506
68614,10.93331
68635,10.938
68656,10.94738
68677,10.86997
68698,10.78318
68719,10.80899
68740,10.81133
68761,10.73627
68782,10.6917
68803,10.62367
68824,10.4712
68845,10.39848
68866,10.44774
68887,10.40787
68908,10.48528
68929,10.50169
68950,10.38441
68971,10.48997
68992,10.44071
69013,10.42429
69034,10.45009
69055,10.56738
69076,10.54392
69097,10.4712
69118,10.53219
69139,10.43601
69160,10.44071
69181,10.40552
69202,10.49231
69223,10.36564
69244,10.35626
69265,10.27181
69286,10.24366
69307,10.09588
69328,10.15453
69349,10.22255
69370,10.12403
69391,10.10058
69412,10.23194
69433,10.14984
69454,10.15687
69475,10.05366
69496,10.0865
69517,10.11465
69538,10.11465
69559,10.17095
69580,10.07946
69601,10.14984
69622,10.307
69643,10.25539
69664,10.02786
69685,10.24836
69706,10.15218
69727,10.20379
69748,10.20613
69769,10.21083
69790,10.29996
69811,10.02317
69832,10.117
69853,10.09119
69874,9.976252
69895,9.971561
69916,9.844892
69937,9.870694
69958,9.912917
69979,9.819089
70000,9.53291
70021,9.511798
70042,9.579824
70063,9.591553
70084,9.48834
70105,9.575133
70126,9.462538
70147,9.432044
70168,9.335869
70189,9.260805
70210,9.279572
70231,9.19278
70252,9.295992
70273,9.249077
70294,9.136482
70315,9.152903
70336,9.136482
70357,9.101295
70378,9.216236
70399,9.174014
70420,9.216236
70441,9.185742
70462,9.068456
70483,9.169322
70504,9.052036
70525,8.976973
70546,8.946478
70567,9.19278
70588,9.103642
70609,9.103642
70630,8.887836
70651,8.897219
70672,8.866723
70693,8.869069
70714,8.744746
70735,8.777586
70756,8.969935
70777,8.831537
70798,8.890181
70819,8.995738
70840,8.920675
70861,8.892527
70882,8.904256
70903,9.03327
70924,8.925366
70945,8.98401
70966,9.044999
70987,9.03327
71008,9.068456
71029,9.08253
71050,9.152903
71071,9.113025
71092,9.04969
71113,9.13179
71134,9.042653
71155,9.080185
71176,9.00043
71197,8.90191
71218,8.937096
71239,9.068456
71260,9.014504
71281,9.037962
71302,9.01685
71323,9.061419
71344,9.047344
71365,9.070802
71386,9.007467
71407,9.012158
71428,9.129445
71449,9.124753
71470,9.185742
71491,9.199817
71512,9.089567
71533,9.145865
71554,9.148211
71575,9.103642
71596,9.030925
71617,9.007467
71638,9.150557
71659,9.030925
71680,9.04969
71701,9.124753
71722,9.127099
71743,8.965244
71764,8.960552
71785,8.850304
71806,8.953515
71827,8.843266
71848,8.885489
71869,8.794006
71890,8.782278
71911,8.763512
71932,8.770549
71953,8.749437
71974,8.958207
71995,9.052036
72016,8.98401
72037,8.98401
72058,9.150557
72079,9.260805
72100,9.30772
72121,9.288955
72142,9.338214
72163,9.342906
72184,9.216236
72205,9.539948
72226,9.661925
72247,9.331178
72268,9.317103
72289,9.690074
72310,9.755754
72331,9.434389
72352,9.439081
72373,10.03489
72394,10.06773
72415,9.844892
72436,9.739333
72457,9.997364
72478,10.13107
72499,9.786248
72520,9.781557
72541,10.0302
72562,10.01144
72583,9.713531
72604,9.668962
72625,9.692419
72646,9.593899
72667,9.394512
72688,9.054381
72709,9.422661
72730,9.460192
72751,9.467229
72772,9.068456
72793,9.13179
72814,9.260805
72835,9.157594
72856,8.915984
72877,9.002776
72898,9.251423
72919,9.443772
72940,9.51649
72961,9.50007
72982,9.535255
73003,9.645505
73024,9.898843
73045,10.10761
73066,10.1123
73087,10.29527
73108,10.39145
73129,10.39379
73150,10.42663
73171,10.70812
73192,10.7175
73213,10.56972
73234,10.79022
73255,10.93565
73276,10.95207
73297,10.93331
73318,10.95207
73339,11.03183
73360,10.97788
73381,10.98257
73402,10.98961
73423,10.99664
73444,10.9122
73465,10.88405
73486,10.9122
73507,10.83479
73528,10.71985
73549,10.75034
73570,10.83948
73591,10.8559
73612,10.90281
73633,10.90985
73654,10.87232
73675,10.90985
73696,11.00603
73717,10.99664
73738,11.03652
73759,10.97319
73780,10.93096
73801,10.92158
73822,10.8301
73843,10.85824
73864,10.86294
73885,10.87936
73906,10.78553
73927,10.80664
73948,10.67059
73969,10.65886
73990,10.73861
74011,10.748
74032,10.65886
74053,10.78787
74074,10.6917
74095,10.64478
74116,10.61898
74137,10.60256
74158,10.60491
74179,10.6659
74200,10.69404
74221,10.67997
74242,10.64947
74263,10.6354
74284,10.6096
74305,10.60491
74326,10.67059
74347,10.69404
74368,10.5533
74389,10.56034
74410,10.54157
74431,10.54626
74452,10.53219
74473,10.47355
74494,10.38206
74515,10.47589
74536,10.40083
74557,10.36564
74578,10.37737
74599,10.29527
74620,10.21786
74641,10.31169
74662,10.24836
74683,10.13342
74704,10.09119
74725,10.18737
74746,10.26712
74767,10.19441
74788,10.09354
74809,10.05366
74830,10.10058
74851,10.10058
74872,10.18268
74893,10.15218
74914,10.1428
74935,10.26008
74956,10.33515
74977,10.41021
74998,10.31169
75019,10.38675
75040,10.43132
75061,10.3633
75082,10.35157
75103,10.44305
75124,10.36564
75145,10.37737
75166,10.41725
75187,10.45244
75208,10.33515
75229,10.3328
75250,10.2765
75271,10.26008
75292,10.30231
75313,10.23897
75334,10.17329
75355,10.18737
75376,10.13576
75397,10.04428
75418,10.00909
75439,10.12872
75460,10.06305
75481,10.09119
75502,10.0302
75523,9.903535
75544,10.00909
75565,9.87304
75586,9.704147
75607,9.636122
75628,9.530564
75649,9.579824
75670,9.40624
75691,9.232656
75712,9.277225
75733,9.27488
75754,9.24204
75775,9.174014
75796,9.113025
75817,9.115371
75838,9.206854
75859,9.373401
75880,9.345251
75901,9.338214
75922,9.342906
75943,9.420315
75964,9.633776
75985,9.626739
76006,9.708839
76027,9.837853
76048,9.751062
76069,9.612664
76090,9.753407
76111,9.690074
76132,9.762791
76153,9.558713
76174,9.683037
76195,9.617355
76216,9.579824
76237,9.612664
76258,9.586862
76279,9.525873
76300,9.439081
76321,9.425007
76342,9.40624
76363,9.211545
76384,9.183396
76405,9.075493
76426,8.962898
76447,8.986356
76468,8.908947
76489,8.871415
76510,8.831537
76531,8.817463
76552,8.815118
76573,8.798697
76594,8.772895
76615,8.798697
76636,8.765858
76657,8.79166
76678,8.981664
76699,9.094258
76720,9.054381
76741,9.09895
76762,9.08253
76783,9.09895
76804,9.150557
76825,9.19278
76846,9.319448
76867,9.223273
76888,9.164631
76909,9.120062
76930,9.01685
76951,9.023888
76972,8.95117
76993,9.063765
77014,9.127099
77035,9.026234
77056,9.028579
77077,9.141173
77098,9.105988
77119,9.157594
77140,9.145865
77161,9.096604
77182,9.087222
77203,9.040307
77224,9.176359
77245,9.227965
77266,9.246731
77287,9.288955
77308,9.197471
77329,9.24204
77350,9.253768
77371,9.305374
77392,9.265497
77413,9.204508
77434,9.27488
77455,9.281918
77476,9.263151
77497,9.162285
77518,9.227965
77539,9.174014
77560,9.113025
77581,8.892527
77602,8.944133
77623,8.948824
77644,8.894873
77665,8.836229
77686,8.812772
77707,8.796351
77728,8.883143
77749,8.911292
77770,8.690794
77791,8.697831
77812,8.747091
77833,8.866723
77854,8.803389
77875,8.8245
77896,9.059073
77917,9.044999
77938,8.946478
77959,9.145865
77980,9.392166
78001,9.324141
78022,9.349943
78043,9.51649
78064,9.575133
78085,9.652542
78106,9.607973
78127,9.694765
78148,9.755754
78169,9.570441
78190,9.493032
78211,9.523527
78232,9.591553
78253,9.413278
78274,9.422661
78295,9.58217
78316,9.626739
78337,9.497724
78358,9.493032
78379,9.591553
78400,9.765137
78421,9.74637
78442,9.762791
78463,9.734642
78484,9.624393
78505,9.783903
78526,9.889461
78547,9.87304
78568,9.701802
78589,9.997364
78610,10.117
78631,9.849584
78652,9.725259
78673,10.01848
78694,10.03489
78715,9.59859
78736,9.640813
78757,9.840199
78778,9.957487
78799,9.673654
78820,9.776865
78841,9.851928
78862,9.896498
78883,9.840199
78904,9.812052
78925,9.868348
78946,9.863657
78967,9.938721
78988,10.00909
79009,9.887115
79030,10.04428
79051,10.02551
79072,9.973906
79093,10.01613
79114,9.901189
79135,10.00206
79156,10.03959
79177,10.07008
79198,9.978598
79219,9.973906
79240,10.13342
79261,10.15687
79282,10.2249
79303,10.03489
79324,9.973906
79345,10.07243
79366,10.08885
79387,10.01378
79408,9.945757
79429,10.04428
79450,10.02317
79471,9.997364
79492,9.980944
79513,9.938721
79534,9.98798
79555,9.980944
79576,10.0302
79597,10.04662
79618,10.14514
79639,10.09119
79660,10.05132
79681,9.98798
79702,9.816743
79723,9.995018
79744,10.12638
79765,10.20379
79786,10.18971
79807,10.15453
79828,10.13342
79849,10.13811
79870,10.33046
79891,10.21317
79912,10.25305
79933,10.27416
79954,10.2249
79975,10.26478
79996,10.2507
80017,10.27181
80038,10.31169
80059,10.24601
80080,10.29527
80101,10.23428
80122,10.27416
80143,10.36799
80164,10.33515
80185,10.23897
80206,10.25539
80227,10.29996
80248,10.31169
80269,10.38441
80290,10.31169
80311,10.37737
80332,10.26712
80353,10.34688
80374,10.45009
80395,10.39848
80416,10.36799
80437,10.43601
80458,10.41256
80479,10.36564
80500,10.43132
80521,10.42429
80542,10.497
80563,10.47355
80584,10.48528
80605,10.52281
80626,10.47589
80647,10.46651
80668,10.42429
80689,10.43367
80710,10.40552
80731,10.37972
80752,10.46416
80773,10.35157
80794,10.28823
80815,10.34688
80836,10.28823
80857,10.31169
80878,10.34922
80899,10.35861
80920,10.29527
80941,10.36799
80962,10.31638
80983,10.37033
81004,10.39145
81025,10.40552
81046,10.50169
81067,10.53453
81088,10.48762
81109,10.47824
81130,10.4454
81151,10.51108
81172,10.55799
81193,10.6096
81214,10.46182
81235,10.56034
81256,10.53453
81277,10.46885
81298,10.52046
81319,10.44774
81340,10.48997
81361,10.35861
81382,10.3633
81403,10.33984
81424,10.28354
81445,10.15922
81466,10.22255
81487,10.1991
81508,10.30935
81529,10.13107
81550,10.08416
81571,10.02317
81592,10.117
81613,10.1991
81634,10.16391
81655,10.14984
81676,10.10527
81697,9.997364
81718,10.1428
81739,10.40552
81760,10.34219
81781,10.29762
81802,10.20613
81823,10.18268
81844,10.23194
81865,10.23897
81886,10.16391
81907,10.19441
81928,10.18268
81949,10.35157
81970,10.40083
81991,10.26947
82012,10.27181
82033,10.1123
82054,10.18502
82075,10.26947
82096,10.16626
82117,10.07008
82138,10.19441
82159,10.24366
82180,10.15687
82201,10.0865
82222,10.06305
82243,9.957487
82264,9.821435
82285,9.753407
82306,9.612664
82327,9.638468
82348,9.659579
82369,9.514144
82390,9.429698
82411,9.518835
82432,9.497724
82453,9.471921
82474,9.558713
82495,9.537601
82516,9.535255
82537,9.462538
82558,9.507107
82579,9.551676
82600,9.619701
82621,9.53291
82642,9.51649
82663,9.546985
82684,9.493032
82705,9.53291
82726,9.394512
82747,9.312411
82768,9.396858
82789,9.30772
82810,9.216236
82831,9.080185
82852,9.136482
82873,9.199817
82894,9.157594
82915,8.979319
82936,9.007467
82957,9.059073
82978,9.042653
82999,8.998084
83020,8.887836
83041,9.019196
83062,9.040307
83083,9.03327
83104,9.028579
83125,8.95117
83146,8.960552
83167,8.944133
83188,8.852649
83209,8.817463
83230,8.941787
83251,8.876106
83272,8.892527
83293,8.904256
83314,8.885489
83335,8.866723
83356,8.920675
83377,8.878452
83398,8.932404
83419,9.00043
83440,9.061419
83461,9.138828
83482,9.117716
83503,9.169322
83524,9.141173
83545,9.199817
83566,9.197471
83587,9.249077
83608,9.213891
83629,9.331178
83650,9.284263
83671,9.347597
83692,9.382783
83713,9.310066
83734,9.281918
83755,9.364017
83776,9.467229
83797,9.300683
83818,9.387475
83839,9.335869
83860,9.401549
83881,9.317103
83902,9.326486
83923,9.399203
83944,9.300683
83965,9.300683
83986,9.256114
84007,9.174014
84028,9.232656
84049,9.171668
84070,9.211545
84091,9.249077
84112,9.113025
84133,9.103642
84154,9.077839
84175,9.073148
84196,9.021542
84217,9.148211
84238,9.021542
84259,8.988701
84280,8.892527
84301,8.979319
84322,8.920675
84343,8.815118
84364,8.876106
84385,9.01685
84406,9.028579
84427,8.904256
84448,8.639189
84469,9.00043
84490,9.073148
84511,8.857341
84532,8.798697
84553,9.103642
84574,9.15994
84595,8.981664
84616,9.115371
84637,9.251423
84658,9.176359
84679,9.267843
84700,9.359325
84721,9.298337
84742,9.443772
84763,9.528218
84784,9.478958
84805,9.462538
84826,9.518835
84847,9.577478
84868,9.605627
84889,9.678345
84910,9.579824
84931,9.546985
84952,9.511798
84973,9.544639
84994,9.683037
85015,9.61501
85036,9.650196
85057,9.722914
85078,9.624393
85099,9.50007
85120,9.800323
85141,9.863657
85162,9.528218
85183,9.769828
85204,9.87304
85225,9.739333
85246,9.650196
85267,9.919954
85288,9.985635
85309,9.964523
85330,10.05132
85351,10.3891
85372,10.37503
85393,10.14984
85414,10.29996
85435,10.46416
85456,10.36564
85477,10.45478
85498,10.46651
85519,10.32576
85540,10.11465
85561,10.22255
85582,10.21786
85603,10.07946
85624,9.941067
85645,10.07712
85666,10.09588
85687,10.14749
85708,10.24132
85729,10.0865
85750,10.05132
85771,10.09823
85792,10.12169
85813,9.941067
85834,9.973906
85855,10.12403
85876,10.18033
85897,10.16626
85918,10.10996
85939,10.0865
85960,10.03724
85981,10.00909
86002,10.04193
86023,10.22725
86044,10.26478
86065,10.43601
86086,10.54392
86107,10.68935
86128,10.66121
86149,10.71516
86170,10.71281
86191,10.80195
86212,10.64478
86233,10.86294
86254,10.84417
86275,10.9638
86296,10.95207
86317,10.81602
86338,10.90047
86359,10.83479
86380,10.86059
86401,10.93096
86422,10.93096
86443,10.94035
86464,10.96849
86485,11.02479
86506,10.95677
86527,11.01072
86548,10.938
86569,10.98257
86590,10.9122
86611,10.90985
86632,10.87232
86653,10.97788
86674,11.01306
86695,10.93331
86716,11.02479
86737,11.01541
86758,10.95207
86779,10.94035
86800,10.99899
86821,11.03652
86842,10.95677
86863,11.01541
86884,10.92862
86905,10.91454
86926,10.81602
86947,10.73861
86968,10.73392
86989,10.73392
87010,10.72923
87031,10.80664
87052,10.70108
87073,10.51108
87094,10.53688
87115,10.49935
87136,10.4149
87157,10.42429
87178,10.39145
87199,10.25774
87220,10.32342
87241,10.31873
87262,10.20613
87283,10.22959
87304,10.18502
87325,10.35157
87346,10.1686
87367,10.09823
87388,10.01613
87409,10.25539
87430,10.13576
87451,10.24132
87472,10.10996
87493,10.15453
87514,10.13811
87535,10.26008
87556,10.28589
87577,10.1686
87598,10.14514
87619,10.07712
87640,10.16391
87661,10.11465
87682,10.22959
87703,10.26243
87724,10.08416
87745,10.18268
87766,10.13811
87787,10.26008
87808,10.17095
87829,10.14984
87850,10.15922
87871,10.12638
87892,10.13576
87913,10.21552
87934,10.1991
87955,10.24601
87976,10.34453
87997,10.29996
88018,10.26712
88039,10.26243
88060,10.13811
88081,10.22255
88102,10.01378
88123,10.11465
88144,9.941067
88165,9.767483
88186,9.739333
88207,9.699456
88228,9.729951
88249,9.654888
88270,9.464884
88291,9.612664
88312,9.478958
88333,9.469575
88354,9.439081
88375,9.328832
88396,9.237348
88417,9.204508
88438,9.129445
88459,9.117716
88480,9.143519
88501,9.270188
88522,9.319448
88543,9.281918
88564,9.188088
88585,9.295992
88606,9.399203
88627,9.373401
88648,9.284263
88669,9.265497
88690,9.286609
88711,9.225619
88732,9.068456
88753,8.974627
88774,9.01685
88795,9.042653
88816,8.955861
88837,8.941787
88858,8.927712
88879,8.972281
88900,8.887836
88921,8.857341
88942,8.826846
88963,8.859686
88984,8.803389
89005,8.801044
89026,8.955861
89047,9.009813
89068,9.021542
89089,8.948824
89110,8.899564
89131,8.871415
89152,8.941787
89173,8.95117
89194,8.974627
89215,8.974627
89236,9.070802
89257,8.885489
89278,9.021542
89299,9.206854
89320,9.096604
89341,8.927712
89362,9.028579
89383,8.932404
89404,9.087222
89425,8.944133
89446,8.918329
89467,8.899564
89488,8.887836
89509,8.876106
89530,8.836229
89551,8.845612
89572,8.831537
89593,8.897219
89614,8.887836
89635,8.899564
89656,8.749437
89677,8.730671
89698,8.8245
89719,8.716597
89740,8.711905
89761,8.700177
89782,8.723634
89803,8.751783
89824,8.641534
89845,8.763512
89866,8.735363
89887,8.765858
89908,8.770549
89929,8.808081
89950,8.770549
89971,8.801044
89992,8.730671
90013,8.768204
90034,8.873761
90055,8.817463
90076,8.681411
90097,8.749437
90118,8.876106
90139,8.819809
90160,8.686103
90181,8.948824
90202,9.023888
90223,8.822155
90244,9.073148
90265,9.295992
90286,9.375746
90307,9.256114
90328,9.385129
90349,9.720568
90370,9.668962
90391,9.537601
90412,9.779211
90433,10.07712
90454,9.971561
90475,9.809706
90496,9.976252
90517,10.00675
90538,10.01378
90559,10.10527
90580,10.10058
90601,9.98798
90622,9.943413
90643,10.02317
90664,9.9223
90685,10.02082
90706,9.999709
90727,9.901189
90748,9.844892
90769,9.926992
90790,9.736988
90811,9.626739
90832,9.797977
90853,9.964523
90874,9.673654
90895,9.434389
90916,9.697111
90937,9.861312
90958,9.769828
90979,9.722914
91000,9.769828
91021,9.80736
91042,9.877731
91063,9.781557
91084,9.80736
91105,9.882422
91126,10.07946
91147,9.973906
91168,9.950449
91189,9.910572
91210,9.887115
91231,9.978598
91252,10.02551
91273,10.14045
91294,10.14984
91315,10.07008
91336,10.04193
91357,10.10058
91378,10.10996
91399,10.13342
91420,10.14984
91441,10.16156
91462,10.20144
91483,10.19441
91504,10.25305
91525,10.20848
91546,10.28589
91567,10.36095
91588,10.37737
91609,10.41959
91630,10.49231
91651,10.64713
91672,10.70343
91693,10.70577
91714,10.70577
91735,10.67059
91756,10.78553
91777,10.85121
91798,10.92627
91819,10.89812
91840,10.87232
91861,10.86763
91882,10.87467
91903,10.73861
91924,10.81602
91945,10.79256
91966,10.80429
91987,10.8301
92008,10.84183
92029,10.80429
92050,10.85121
92071,10.80899
92092,10.93331
92113,10.88405
92134,10.85355
92155,10.84652
92176,10.87936
92197,10.92862
92218,10.99195
92239,11.02948
92260,11.10455
92281,11.17492
92302,11.14442
92323,11.22652
92344,11.21714
92365,11.25702
92386,11.30159
92407,11.22183
92428,11.28048
92449,11.11862
92470,11.0764
92491,10.99664
92512,10.89109
92533,10.87701
92554,10.75738
92575,10.67059
92596,10.62602
92617,10.65182
92638,10.54626
92659,10.67059
92680,10.74565
92701,10.74096
92722,10.73627
92743,10.79726
92764,10.92158
92785,10.95207
92806,11.0764
92827,11.05294
