8822,9.002776
8843,9.103642
8864,9.061419
8885,9.110679
8906,9.063765
8927,9.063765
8948,9.127099
8969,9.052036
8990,9.138828
9011,9.127099
9032,9.127099
9053,9.171668
9074,9.321795
9095,9.15994
9116,9.124753
9137,9.195126
9158,9.157594
9179,9.235003
9200,9.176359
9221,9.091913
9242,9.174014
9263,9.185742
9284,9.171668
9305,9.120062
9326,9.040307
9347,8.974627
9368,9.04969
9389,8.911292
9410,9.028579
9431,9.014504
9452,8.958207
9473,9.019196
9494,9.110679
9515,9.035616
9536,8.941787
9557,8.932404
9578,8.829192
9599,8.899564
9620,8.95117
9641,9.01685
9662,9.035616
9683,9.030925
9704,9.145865
9725,9.037962
9746,8.995738
9767,9.047344
9788,9.141173
9809,9.110679
9830,9.206854
9851,9.211545
9872,9.27488
9893,9.317103
9914,9.338214
9935,9.23031
9956,9.293646
9977,9.385129
9998,9.457847
10019,9.387475
10040,9.413278
10061,9.497724
10082,9.410933
10103,9.558713
10124,9.518835
10145,9.471921
10166,9.535255
10187,9.64785
10208,9.7581
10229,9.725259
10250,9.701802
10271,9.734642
10292,9.617355
10313,9.704147
10334,9.603281
10355,9.556367
10376,9.643159
10397,9.837853
10418,9.715877
10439,9.600936
10460,9.483649
10481,9.622047
10502,9.56575
10523,9.507107
10544,9.464884
10565,9.434389
10586,9.216236
10607,9.394512
10628,9.279572
10649,9.13179
10670,9.096604
10691,9.070802
10712,9.040307
10733,9.080185
10754,9.01685
10775,9.066111
10796,9.084876
10817,9.103642
10838,9.073148
10859,9.270188
10880,9.40624
10901,9.441426
10922,9.40624
10943,9.593899
10964,9.797977
10985,9.805015
11006,9.882422
11027,9.875386
11048,10.12872
11069,10.26712
11090,10.20379
11111,10.22021
11132,10.36799
11153,10.39848
11174,10.46651
11195,10.37268
11216,10.54861
11237,10.5275
11258,10.66824
11279,10.70343
11300,10.68935
11321,10.58614
11342,10.60256
11363,10.62836
11384,10.748
11405,10.58849
11426,10.72688
11447,10.54392
11468,10.62836
11489,10.57441
11510,10.68935
11532,10.67997
11553,10.62602
11574,10.62133
11595,10.68232
11616,10.68232
11637,10.65182
11658,10.68232
11679,10.65182
11700,10.67997
11721,10.51342
11742,10.60725
11763,10.5838
11784,10.4454
11805,10.42898
11826,10.22021
11847,10.19441
11868,10.25774
11889,10.21552
11910,10.12403
11931,10.0865
11952,10.05835
11973,10.06773
11994,10.12872
12015,10.27181
12036,10.33984
12057,10.32342
12078,10.32107
12099,10.2812
12120,10.30465
12141,10.48997
12162,10.45478
12183,10.45478
12204,10.46416
12225,10.43836
12246,10.53923
12267,10.60256
12288,10.58849
12309,10.66121
12330,10.65651
12351,10.6659
12372,10.51342
12393,10.45009
12414,10.46885
12435,10.3891
12456,10.31169
12477,10.28823
12498,10.307
12519,10.20613
12540,10.06773
12561,10.01613
12582,10.07712
12603,10.04193
12624,10.08885
12645,10.16391
12666,10.1123
12687,10.07946
12708,10.22725
12729,10.18971
12750,10.20379
12771,10.31638
12792,10.3633
12813,10.22959
12834,10.37972
12855,10.35626
12876,10.44774
12897,10.4454
12918,10.46416
12939,10.42429
12960,10.50404
12981,10.57207
13002,10.51811
13023,10.44305
13044,10.37033
13065,10.38675
13086,10.2765
13107,10.06539
13128,10.04897
13149,9.945757
13170,9.814397
13191,9.802669
13212,9.788594
13233,9.537601
13254,9.380438
13275,9.432044
13296,9.354634
13317,8.960552
13338,9.056727
13359,9.145865
13380,9.150557
13401,8.976973
13422,8.885489
13443,9.150557
13464,9.00043
13485,8.937096
13506,9.028579
13527,9.281918
13548,9.040307
13569,8.772895
13590,9.012158
13611,9.096604
13632,8.859686
13653,8.817463
13674,9.096604
13695,9.124753
13716,8.878452
13737,8.890181
13758,9.166977
13779,9.068456
13800,8.967589
13821,9.052036
13842,9.15994
13863,8.932404
13884,8.974627
13905,9.136482
13926,9.115371
13947,8.976973
13968,9.080185
13989,9.185742
14010,9.145865
14031,9.127099
14052,9.141173
14073,9.068456
14094,9.070802
14115,9.150557
14136,9.145865
14157,9.129445
14178,9.169322
14199,9.145865
14221,9.15994
14242,9.117716
14263,9.09895
14284,9.105988
14305,9.01685
14326,9.075493
14347,9.122408
14368,9.073148
14389,9.164631
14410,9.070802
14431,9.073148
14452,9.101295
14473,8.976973
14494,9.152903
14515,9.171668
14536,9.084876
14557,9.08253
14578,9.035616
14599,9.061419
14620,9.164631
14641,9.169322
14662,9.124753
14683,8.991047
14704,8.93475
14725,8.960552
14746,8.946478
14767,8.974627
14788,8.899564
14809,8.894873
14830,8.876106
14851,8.869069
14872,8.655608
14893,8.575853
14914,8.573507
14935,8.604002
14956,8.604002
14977,8.526593
14998,8.482024
15019,8.528939
15040,8.550051
15061,8.470296
15082,8.350664
15103,8.413999
15124,8.460913
15145,8.547705
15166,8.353009
15187,8.552396
15208,8.618076
15229,8.592274
15250,8.622768
15271,8.611039
15292,8.819809
15313,9.120062
15334,9.279572
15355,9.420315
15376,9.50007
15397,9.821435
15418,9.9223
15439,10.09354
15460,10.21083
15481,10.35391
15502,10.56268
15523,10.75034
15544,10.73392
15565,10.49231
15586,10.56972
15607,10.73861
15628,10.63775
15649,10.68701
15670,10.37268
15691,10.46416
15712,10.77145
15733,10.69874
15754,10.48762
15775,10.40552
15796,10.39848
15817,10.61664
15838,10.70343
15859,10.46885
15880,10.34688
15901,10.49935
15922,10.56738
15943,10.62602
15964,10.45244
15985,10.43132
16006,10.52281
16027,10.59787
16048,10.50169
16069,10.49935
16090,10.48762
16111,10.48997
16132,10.58614
16153,10.59787
16174,10.53219
16195,10.53453
16216,10.48293
16237,10.55565
16258,10.61194
16279,10.72454
16300,10.63306
16321,10.65886
16342,10.69874
16363,10.7738
16384,10.72454
16405,10.71046
16426,10.82306
16447,10.91923
16468,10.99664
16489,11.0201
16510,10.93565
16531,11.03417
16552,11.02245
16573,11.0506
16594,11.00837
16615,11.08813
16636,11.11158
16657,11.13973
16678,11.19134
16699,11.16319
16720,11.19603
16741,11.13739
16762,11.14912
16783,11.14208
16804,11.22418
16825,11.16319
16846,11.14442
16867,11.00603
16888,11.08343
16909,11.02245
16930,11.00603
16951,10.94269
16972,10.83244
16993,10.69874
17014,10.60256
17035,10.62836
17056,10.53453
17077,10.47824
17098,10.56034
17119,10.51342
17140,10.52984
17161,10.49935
17182,10.41021
17203,10.31638
17224,10.39379
17245,10.42429
17266,10.22725
17287,10.39848
17308,10.22959
17329,10.18268
17350,10.28823
17371,10.33984
17392,10.2812
17413,10.29527
17434,10.30465
17455,10.19206
17476,10.19675
17497,10.24836
17518,10.25305
17539,10.21552
17560,10.0607
17581,10.1686
17602,10.07243
17623,10.08181
17644,9.995018
17665,10.00909
17686,9.858966
17707,9.826125
17728,9.830817
17749,9.74637
17770,9.678345
17791,9.736988
17812,9.603281
17833,9.577478
17854,9.558713
17875,9.570441
17896,9.371055
17917,9.399203
17938,9.457847
17959,9.495378
17980,9.314757
18001,9.174014
18022,9.34056
18043,9.270188
18064,8.986356
18085,9.026234
18106,9.188088
18127,9.113025
18148,8.847958
18169,8.838574
18190,9.00043
18211,8.850304
18232,8.707214
18253,8.79166
18274,8.786969
18295,8.740054
18316,8.62746
18337,8.798697
18358,8.899564
18379,8.702522
18400,8.601656
18421,8.815118
18442,8.904256
18463,8.857341
18484,8.887836
18505,8.831537
18526,8.801044
18547,8.965244
18568,8.890181
18589,8.859686
18610,8.817463
18631,8.761166
18652,8.770549
18673,8.716597
18694,8.768204
18715,8.700177
18736,8.72598
18757,9.026234
18778,8.700177
18799,8.782278
18820,8.805735
18841,8.72598
18862,8.697831
18883,8.735363
18904,8.885489
18925,8.908947
18946,8.801044
18967,8.777586
18988,8.932404
19009,9.002776
19030,8.946478
19051,9.019196
19072,8.93475
19093,9.002776
19114,9.117716
19135,9.075493
19156,9.044999
19177,8.930058
19198,9.066111
19219,9.077839
19240,8.974627
19261,8.831537
19282,8.904256
19303,9.052036
19324,8.941787
19345,8.918329
19366,8.878452
19387,9.037962
19408,8.93475
19429,8.831537
19450,8.836229
19471,9.026234
19492,9.080185
19513,8.953515
19534,9.169322
19555,9.195126
19577,9.364017
19599,9.2913
19620,9.413278
19641,9.521181
19662,9.678345
19683,9.483649
19704,9.605627
19725,9.650196
19746,9.729951
19767,9.584516
19788,9.668962
19809,9.821435
19830,9.79094
19851,9.854274
19872,9.812052
19893,9.833163
19914,9.858966
19935,9.77452
19956,10.01848
19977,10.01378
19998,9.978598
20019,9.98798
20040,10.09354
20061,10.09823
20082,9.997364
20103,10.0044
20124,10.1686
20145,10.34453
20166,10.34453
20187,10.12638
20208,10.23194
20229,10.42429
20250,10.46651
20271,10.29292
20292,10.42429
20313,10.4454
20334,10.37033
20355,10.61664
20376,10.43132
20397,10.26243
20418,10.29058
20439,10.2507
20460,10.2765
20481,10.40787
20502,10.35391
20523,10.24836
20544,10.23897
20565,10.21083
20586,10.23663
20607,10.17798
20628,10.39848
20649,10.39848
20670,10.31638
20691,10.09354
20712,10.11934
20733,10.0865
20754,10.1686
20775,10.15687
20796,10.22959
20817,10.13342
20838,10.22021
20859,10.28354
20880,10.37033
20901,10.4454
20922,10.34922
20943,10.33515
20964,10.37503
20985,10.33749
21006,10.33984
21027,10.31638
21048,10.37503
21069,10.26712
21090,10.24601
21111,10.2765
21132,10.31169
21153,10.30465
21174,10.44071
21195,10.44305
21216,10.51577
21237,10.37268
21258,10.43601
21279,10.47355
21300,10.54861
21321,10.62602
21342,10.72688
21363,10.68466
21384,10.5838
21405,10.65651
21426,10.70812
21447,10.82541
21468,10.83479
21489,10.91923
21510,10.87936
21531,10.90047
21552,10.71985
21573,10.78553
21594,10.67293
21615,10.8559
21636,10.60256
21657,10.59552
21678,10.55565
21699,10.497
21720,10.40552
21741,10.32576
21762,10.35157
21783,10.307
21804,10.31873
21825,10.14045
21846,10.10996
21867,10.21317
21888,10.27885
21909,10.17564
21930,10.08885
21951,10.26478
21972,10.24366
21993,10.17329
22014,10.02551
22035,10.19441
22056,10.17095
22077,10.17095
22098,10.08416
22119,9.948103
22140,10.10996
22161,10.14984
22182,10.21317
22203,10.1991
22224,10.21786
22245,10.19206
22266,9.98798
22287,10.12169
22308,10.23428
22329,9.997364
22350,10.00909
22371,10.10761
22392,9.943413
22413,9.934029
22434,10.07946
22455,10.10527
22476,9.992672
22497,9.910572
22518,9.896498
22539,9.936375
22560,9.889461
22581,9.851928
22602,9.87304
22623,9.706493
22644,9.809706
22665,9.629085
22686,9.706493
22707,9.48834
22728,9.58217
22749,9.347597
22770,9.366363
22791,9.263151
22812,9.328832
22833,9.225619
22854,9.105988
22875,9.227965
22896,9.124753
22917,8.988701
22938,9.021542
22959,8.962898
22980,8.981664
23001,8.998084
23022,8.897219
23043,8.761166
23064,8.744746
23085,8.878452
23106,8.728326
23127,8.636843
23148,8.854995
23169,8.772895
23190,8.850304
23211,8.803389
23232,8.801044
23253,8.751783
23274,8.655608
23295,8.632151
23316,8.648571
23337,8.524248
23358,8.465604
23379,8.46795
23400,8.559433
23421,8.606348
23442,8.48437
23463,8.486716
23484,8.40227
23505,8.428073
23526,8.53363
23547,8.53363
23568,8.634497
23589,8.56647
23610,8.67672
23631,8.69314
23652,8.67672
23673,8.611039
23694,8.648571
23715,8.6603
23736,8.718943
23757,8.672029
23778,8.79166
23799,8.887836
23820,8.960552
23841,8.876106
23862,8.953515
23883,8.920675
23904,8.972281
23925,9.094258
23946,9.002776
23967,8.913638
23988,8.965244
24009,8.95117
24030,8.866723
24051,8.655608
24072,8.646226
24093,8.629806
24114,8.64388
24135,8.599311
24156,8.578199
24177,8.575853
24198,8.64388
24219,8.657954
24240,8.866723
24261,8.796351
24282,8.789314
24303,9.056727
24324,9.169322
24345,9.117716
24366,9.218582
24387,9.38982
24408,9.40624
24429,9.66427
24450,9.762791
24471,9.753407
24492,9.687728
24513,9.755754
24534,9.861312
24555,9.934029
24576,10.07477
24597,9.973906
24618,9.941067
24639,9.887115
24660,9.861312
24681,9.957487
24702,9.985635
24723,9.971561
24744,9.858966
24765,9.819089
24786,9.797977
24807,9.741679
24828,9.690074
24849,9.884768
24870,9.769828
24891,9.661925
24912,9.652542
24933,9.626739
24954,9.694765
24975,9.861312
24996,9.85662
25017,9.800323
25038,9.694765
25059,9.797977
25080,9.870694
25101,9.861312
25122,9.837853
25143,9.755754
25164,9.971561
25185,10.00675
25206,9.903535
25227,9.776865
25248,9.861312
25269,9.919954
25290,9.990326
25311,9.938721
25332,9.880077
25353,9.929338
25374,9.901189
25395,9.870694
25416,10.02317
25437,9.978598
25458,9.896498
25479,9.833163
25500,10.04428
25521,10.02317
25542,9.990326
25563,10.0044
25584,9.903535
25605,10.09119
25626,10.05835
25647,10.03489
25668,10.07712
25689,10.07946
25710,10.13107
25731,10.03255
25752,9.929338
25773,9.941067
25794,10.07243
25815,10.21786
25836,10.09588
25857,9.931683
25878,9.948103
25899,9.952795
25920,9.971561
25941,9.98798
25962,9.995018
25983,9.955141
26004,9.955141
26025,9.950449
26046,9.924646
26067,10.00675
26088,9.912917
26109,10.02082
26130,9.908226
26151,9.985635
26172,10.08181
26193,10.1428
26214,10.18268
26235,10.20379
26256,10.29996
26277,10.30465
26298,10.38675
26319,10.41959
26340,10.50873
26361,10.4454
26382,10.50639
26403,10.40552
26424,10.37268
26445,10.41021
26466,10.24836
26487,10.22021
26508,10.21552
26529,10.19441
26550,10.21083
26571,10.22959
26592,10.20144
26613,10.18971
26634,10.15687
26655,10.13107
26676,10.20848
26697,10.25539
26718,10.34922
26739,10.36095
26760,10.27416
26781,10.31638
26802,10.31873
26823,10.38206
26844,10.41021
26865,10.40083
26886,10.39614
26907,10.35861
26928,10.39614
26949,10.37737
26970,10.33984
26991,10.46885
27012,10.34688
27033,10.30465
27054,10.22725
27075,10.22725
27096,10.1686
27117,10.14749
27138,10.04428
27159,9.889461
27180,9.840199
27201,9.725259
27222,9.74637
27243,9.661925
27264,9.636122
27285,9.652542
27306,9.7581
27327,9.776865
27348,9.776865
27369,9.765137
27390,9.779211
27411,9.676
27432,9.772174
27453,9.769828
27474,9.887115
27495,9.980944
27516,10.0302
27537,10.00675
27558,10.02786
27579,10.08181
27600,10.07946
27621,10.23663
27642,10.26947
27663,10.307
27684,10.3328
27705,10.37503
27726,10.3633
27747,10.28823
27768,10.39145
27789,10.31169
27810,10.45478
27831,10.49466
27852,10.48762
27873,10.1686
27894,10.33749
27915,10.42663
27936,10.36095
27957,10.27885
27978,10.34922
27999,10.20379
28020,10.22021
28041,10.1428
28062,10.2249
28083,10.23428
28104,10.05835
28125,10.01848
28146,10.03724
28167,10.03489
28188,10.00675
28209,9.938721
28230,9.870694
28251,9.924646
28272,9.959831
28293,9.863657
28314,9.828471
28335,9.661925
28356,9.659579
28377,9.697111
28398,9.643159
28419,9.443772
28440,9.38982
28461,9.528218
28482,9.378092
28503,9.321795
28524,9.40624
28545,9.288955
28566,9.101295
28587,9.080185
28608,9.052036
28629,9.150557
28650,9.321795
28671,8.913638
28692,8.845612
28713,8.955861
28734,9.235003
28755,8.765858
28776,9.141173
28797,9.075493
28818,8.711905
28839,8.758821
28860,8.315477
28881,8.965244
28902,8.650917
28923,9.145865
28944,8.714252
28965,8.700177
28986,8.639189
29007,8.768204
29028,8.723634
29049,8.789314
29070,8.751783
29091,8.899564
29112,8.810426
29133,8.887836
29154,8.805735
29175,8.700177
29196,8.728326
29217,8.880798
29238,8.944133
29259,8.859686
29280,9.244386
29301,9.007467
29322,9.066111
29343,8.962898
29364,9.061419
29385,8.965244
29406,9.059073
29427,9.171668
29448,9.141173
29469,9.101295
29490,9.014504
29511,8.913638
29532,8.744746
29553,8.871415
29574,8.899564
29595,8.859686
29616,8.735363
29637,8.737708
29658,8.754128
29679,8.768204
29700,8.608693
29721,8.564125
29742,8.482024
29763,8.437455
29784,8.498445
29805,8.512519
29826,8.355355
29847,8.690794
29868,8.650917
29889,8.620422
29910,8.444492
29931,8.578199
29952,8.6603
29973,8.779932
29994,8.648571
30015,8.79166
30036,8.911292
30057,8.981664
30078,8.697831
30099,8.93475
30120,8.958207
30141,9.115371
30162,9.061419
30183,9.042653
30204,9.204508
30225,9.199817
30246,9.408587
30267,9.227965
30288,9.579824
30309,9.525873
30332,9.636122
30354,9.61501
30375,9.708839
30396,9.917608
30417,9.772174
30438,9.786248
30459,10.1428
30480,10.22725
30501,10.09823
30522,10.06539
30543,10.33515
30564,10.47355
30585,10.31169
30606,10.2765
30627,10.36095
30648,10.44071
30669,10.54157
30690,10.63306
30711,10.43132
30732,10.29292
30753,10.69874
30774,10.73627
30795,10.61664
30816,10.61898
30837,10.72688
30858,10.60022
30879,10.6917
30900,10.75738
30921,10.78787
30942,10.76676
30963,10.77849
30984,10.75972
31005,10.81133
31026,10.83244
31047,10.86294
31068,10.80195
31089,10.77849
31110,10.73392
31131,10.86294
31152,10.79491
31174,10.74096
31195,10.62602
31216,10.69404
31237,10.68935
31258,10.56268
31279,10.57676
31300,10.50404
31321,10.43601
31342,10.45009
31363,10.41725
31384,10.45947
31405,10.46651
31426,10.52281
31447,10.45947
31468,10.53453
31489,10.5791
31510,10.57676
31531,10.54392
31552,10.65417
31573,10.64244
31594,10.65417
31615,10.71281
31636,10.76207
31657,10.77849
31678,10.80664
31699,10.87467
31720,10.86294
31741,10.89343
31762,10.85824
31783,10.88639
31804,10.69874
31825,10.78318
31846,10.66824
31867,10.65651
31888,10.56738
31909,10.53453
31930,10.33515
31951,10.3328
31972,10.27181
31993,10.21552
32014,10.15218
32035,10.21786
32056,10.21786
32077,10.15453
32098,10.14749
32119,10.24601
32140,10.18971
32161,10.18033
32182,10.12403
32203,10.01378
32224,10.05132
32245,10.18033
32266,10.25539
32287,10.23897
32308,10.21083
32329,10.17329
32350,10.13576
32371,10.27181
32392,10.25539
32413,10.29527
32434,10.20379
32455,10.2249
32476,10.17095
32497,10.14045
32518,10.07712
32539,10.07477
32560,9.971561
32581,9.985635
32602,9.995018
32623,9.800323
32644,9.685382
32665,9.650196
32686,9.636122
32707,9.603281
32728,9.415624
32749,9.507107
32770,9.556367
32791,9.507107
32812,9.51649
32833,9.434389
32854,9.575133
32875,9.586862
32896,9.446118
32917,9.401549
32938,9.518835
32959,9.509453
32980,9.502416
33001,9.528218
33022,9.446118
33043,9.511798
33064,9.584516
33085,9.364017
33106,9.40624
33127,9.380438
33148,9.453156
33169,9.176359
33190,9.122408
33211,9.103642
33232,8.974627
33253,8.869069
33274,9.014504
33295,8.906601
33316,9.169322
33337,8.852649
33358,8.880798
33379,8.794006
33400,8.784623
33421,8.887836
33442,8.84092
33463,8.744746
33484,8.64388
33505,8.721289
33526,8.561779
33547,8.594619
33568,8.479678
33589,8.446838
33610,8.306095
33631,8.491407
33652,8.28733
33673,8.233377
33694,8.191154
33715,8.252144
33736,8.500791
33757,8.270909
33778,8.238069
33799,8.254489
33820,8.294367
33841,8.320169
33862,8.442147
33883,8.479678
33904,8.524248
33925,8.48437
33946,8.437455
33967,8.664991
33988,8.667336
34009,8.664991
34030,8.568816
34051,8.639189
34072,8.686103
34093,8.758821
34114,8.777586
34135,8.897219
34156,8.796351
34177,8.789314
34198,8.904256
34219,8.808081
34240,8.948824
34261,8.998084
34282,8.911292
34303,9.197471
34324,9.059073
34345,9.155248
34366,9.166977
34387,9.253768
34408,9.295992
34429,9.399203
34450,9.345251
34471,9.528218
34492,9.755754
34513,9.98329
34534,9.760445
34555,9.668962
34576,9.955141
34597,10.13342
34618,10.09354
34639,9.654888
34660,10.2249
34681,9.978598
34702,9.995018
34723,9.966869
34744,9.995018
34765,10.05835
34786,9.901189
34807,9.781557
34828,9.894152
34849,10.00206
34870,10.02082
34891,9.919954
34912,9.959831
34933,10.13576
34954,10.20144
34975,10.1991
34996,10.13576
35017,10.22959
35038,10.16391
35059,10.31873
35080,10.36799
35101,10.39379
35122,10.53688
35143,10.47355
35164,10.42194
35185,10.59787
35206,10.65417
35227,10.51577
35248,10.57676
35269,10.6917
35290,10.58145
35311,10.52046
35332,10.497
35353,10.30935
35374,10.29762
35395,10.19675
35416,10.07946
35437,10.17095
35458,10.20613
35479,10.0302
35500,10.05601
35521,9.957487
35542,9.718222
35563,9.701802
35584,9.809706
35605,9.722914
35626,9.877731
35647,9.884768
35668,9.941067
35689,9.931683
35710,9.9223
35731,10.01144
35752,10.00675
35773,10.1428
35794,10.17564
35815,10.35157
35836,10.37033
35857,10.39614
35878,10.42898
35899,10.53219
35920,10.5275
35941,10.5838
35962,10.58614
35983,10.58849
36004,10.64713
36025,10.57676
36046,10.42898
36067,10.60022
36088,10.53219
36109,10.46182
36130,10.4454
36151,10.45009
36172,10.51811
36193,10.59318
36214,10.64009
36235,10.61898
36256,10.77614
36277,10.79726
36298,10.68935
36319,10.6917
36340,10.75034
36361,10.84183
36382,10.81133
36403,10.81133
36424,10.84652
36445,10.76207
36466,10.79256
36487,10.62367
36508,10.70577
36529,10.68466
36550,10.59787
36571,10.51811
36592,10.35157
36613,10.21083
36634,10.13342
36655,10.09588
36676,10.00675
36697,9.809706
36718,9.77452
36739,9.741679
36760,9.66427
36781,9.694765
36802,9.671308
36823,9.546985
36844,9.556367
36865,9.687728
36886,9.704147
36907,9.622047
36928,9.690074
36949,9.851928
36970,9.840199
36991,9.826125
37012,9.894152
37033,10.03255
37054,10.10527
37075,9.955141
37096,10.11934
37117,10.22255
37138,10.2812
37159,10.26008
37180,10.20848
37201,10.15453
37222,10.26243
37243,10.17798
37264,10.15218
37285,10.18268
37306,10.03724
37327,10.0302
37348,9.840199
37369,9.79094
37390,9.753407
37411,9.690074
37432,9.593899
37453,9.502416
37474,9.53291
37495,9.439081
37516,9.432044
37537,9.41797
37558,9.450809
37579,9.2913
37600,9.364017
37621,9.399203
37642,9.453156
37663,9.443772
37684,9.394512
37705,9.446118
37726,9.453156
37747,9.631431
37768,9.748716
37789,9.410933
37810,9.415624
37831,9.511798
37852,9.51649
37873,9.317103
37894,9.514144
37915,9.493032
37936,9.347597
37957,9.204508
37978,9.427352
37999,9.422661
38020,9.342906
38041,9.359325
38062,9.457847
38083,9.53291
38104,9.432044
38125,9.345251
38146,9.349943
38167,9.293646
38188,9.225619
38209,9.310066
38230,9.246731
38251,9.176359
38272,9.195126
38293,9.169322
38314,9.220928
38335,9.176359
38356,9.075493
38377,9.080185
38398,9.117716
38419,9.108333
38440,9.101295
38461,9.091913
38482,9.068456
38503,9.012158
38524,9.023888
38545,8.969935
38566,8.927712
38587,8.927712
38608,8.869069
38629,8.866723
38650,9.040307
38671,8.972281
38692,8.838574
38713,8.930058
38734,8.937096
38755,8.913638
38776,8.93475
38797,8.897219
38818,8.894873
38839,8.915984
38860,8.894873
38881,8.995738
38902,9.009813
38923,9.021542
38944,9.021542
38965,8.995738
38986,9.009813
39007,9.012158
39028,9.061419
39049,8.969935
39070,8.993393
39091,8.930058
39112,8.979319
39133,8.864378
39154,8.918329
39175,8.883143
39196,8.941787
39217,8.871415
39238,8.815118
39259,8.765858
39280,8.831537
39301,8.751783
39322,8.772895
39343,9.042653
39364,8.998084
39385,8.913638
39406,9.08253
39427,9.293646
39448,9.378092
39469,9.394512
39490,9.521181
39511,9.439081
39532,9.617355
39553,9.591553
39574,9.572787
39595,9.722914
39616,9.659579
39637,9.739333
39658,9.661925
39679,9.657233
39700,9.713531
39721,9.575133
39742,9.59859
39763,9.629085
39784,9.854274
39805,9.912917
39826,9.591553
39847,9.98798
39868,9.650196
39889,9.816743
39910,9.661925
39931,9.654888
39952,9.551676
39973,9.51649
39994,9.837853
40015,9.783903
40036,9.722914
40057,9.828471
40078,9.819089
40099,9.755754
40120,9.833163
40141,10.02317
40162,9.952795
40183,10.03959
40204,9.98329
40225,9.910572
40246,9.919954
40267,10.02317
40288,10.10058
40309,10.03724
40330,9.992672
40351,9.973906
40372,9.912917
40393,9.941067
40414,10.12169
40435,9.945757
40456,9.90588
40477,9.908226
40498,10.02786
40519,10.0607
40540,10.06773
40561,10.07946
40582,10.09119
40603,10.20613
40624,10.25774
40645,10.26478
40666,10.29996
40687,10.38441
40708,10.3328
40729,10.38441
40750,10.38441
40771,10.43601
40792,10.45244
40813,10.49466
40834,10.41256
40855,10.41256
40876,10.47355
40897,10.50404
40918,10.49935
40939,10.53453
40960,10.60491
40981,10.56034
41002,10.67293
41023,10.66355
41044,10.63071
41065,10.64713
41086,10.6917
41107,10.69874
41128,10.73627
41149,10.70343
41170,10.71516
41191,10.73158
41212,10.71046
41233,10.80899
41254,10.85355
41275,10.94973
41296,10.90281
41317,11.02245
41338,10.93096
41359,10.90985
41380,10.87232
41401,10.86528
41422,10.88639
41443,10.8301
41464,10.75034
41485,10.64244
41506,10.60022
41527,10.57207
41548,10.40317
41569,10.37033
41590,10.34922
41611,10.24836
41632,10.2507
41653,10.26712
41674,10.28589
41695,10.17329
41716,10.20379
41737,10.1428
41758,10.21552
41779,10.2812
41800,10.28589
41821,10.33515
41842,10.307
41863,10.32811
41884,10.307
41905,10.26712
41926,10.29058
41947,10.23897
41968,10.30935
41989,10.19675
42010,10.24132
42031,10.23428
42052,10.10058
42073,10.08416
42094,10.06539
42115,10.07243
42136,9.962177
42157,9.842546
42178,9.901189
42199,9.877731
42220,9.842546
42241,9.819089
42262,9.779211
42283,9.706493
42304,9.685382
42325,9.676
42346,9.699456
42367,9.767483
42388,9.788594
42409,9.837853
42430,9.882422
42451,9.945757
42472,9.896498
42493,9.912917
42514,9.910572
42535,9.919954
42556,9.748716
42577,9.870694
42598,9.891806
42619,9.769828
42640,9.863657
42661,9.814397
42682,9.765137
42703,9.80736
42724,9.786248
42745,9.654888
42766,9.751062
42787,9.643159
42808,9.668962
42829,9.629085
42850,9.554022
42871,9.48834
42892,9.509453
42913,9.521181
42934,9.478958
42955,9.507107
42976,9.443772
42997,9.364017
43018,9.345251
43039,9.30772
43060,9.331178
43081,9.364017
43102,9.432044
43123,9.38982
43144,9.399203
43165,9.368709
43186,9.673654
43207,9.157594
43228,9.425007
43249,9.169322
43270,9.263151
43291,9.359325
43312,9.08253
43333,9.108333
43354,9.091913
43375,8.906601
43396,8.927712
43417,9.08253
43438,9.141173
43459,8.704868
43480,8.93475
43501,8.859686
43522,8.735363
43543,8.789314
43564,8.770549
43585,8.810426
43606,8.84092
43627,8.744746
43648,8.7424
43669,8.925366
43690,8.866723
43711,8.866723
43732,8.772895
43753,8.862032
43774,8.880798
43795,8.918329
43816,8.709559
43837,8.775241
43858,8.707214
43879,8.646226
43900,8.587582
43921,8.547705
43942,8.582891
43963,8.592274
43984,8.528939
44005,8.545359
44026,8.474987
44047,8.543014
44068,8.625113
44089,8.737708
44110,8.613385
44131,8.67672
44152,8.8245
44173,8.988701
44194,8.965244
44215,9.138828
44236,9.03327
44257,9.094258
44278,9.164631
44299,9.305374
44320,9.427352
44341,9.432044
44362,9.528218
44383,9.326486
44404,9.460192
44425,9.50007
44446,9.600936
44467,9.626739
44488,9.450809
44509,9.51649
44530,9.511798
44551,9.596244
44572,9.518835
44593,9.535255
44614,9.753407
44635,9.436735
44656,9.441426
44677,9.687728
44698,9.699456
44719,9.624393
44740,9.50007
44761,9.629085
44782,9.687728
44803,9.593899
44824,9.502416
44845,9.448463
44866,9.619701
44887,9.715877
44908,9.673654
44929,9.542293
44950,9.469575
44971,9.570441
44992,9.626739
45013,9.570441
45034,9.652542
45055,9.819089
45076,9.945757
45097,9.821435
45118,9.847238
45139,9.849584
45160,10.08181
45181,10.22021
45202,10.03255
45223,10.08885
45244,10.12169
45265,10.21317
45286,10.17798
45307,10.26008
45328,10.24601
45349,10.31873
45370,10.15453
45391,10.17798
45412,10.12638
45433,10.26008
45454,10.1991
45475,10.1123
45496,10.09354
45517,10.32107
45538,10.35157
45559,10.14984
45580,10.06773
45601,10.07243
45622,10.08181
45643,10.04897
45664,10.17798
45685,10.0865
45706,10.02317
45727,9.943413
45748,9.866002
45769,9.851928
45790,9.999709
45811,9.997364
45832,9.943413
45853,9.812052
45874,9.889461
45895,10.00206
45916,10.07243
45937,9.959831
45958,9.985635
45979,10.05132
46000,10.16626
46021,10.23663
46042,10.24132
46063,10.35626
46084,10.62133
46105,10.64009
46126,10.6096
46147,10.56972
46168,10.54626
46189,10.67762
46210,10.61194
46231,10.64713
46252,10.6354
46273,10.65886
46294,10.58614
46315,10.60022
46336,10.61194
46357,10.64009
46378,10.70343
46399,10.6354
46420,10.70577
46441,10.71046
46462,10.76676
46483,10.77849
46504,10.76676
46525,10.79256
46546,10.83948
46567,10.86059
46588,10.84652
46609,10.84183
46630,10.88639
46651,10.8559
46672,10.86059
46693,10.88639
46714,10.77849
46735,10.7738
46756,10.75738
46777,10.71985
46798,10.56972
46819,10.56738
46840,10.44071
46861,10.37737
46882,10.27416
46903,10.20613
46924,10.07477
46945,9.971561
46966,9.98798
46987,10.04897
47008,9.87304
47029,9.898843
47050,9.840199
47071,9.809706
47092,9.767483
47113,9.800323
47134,9.844892
47155,9.708839
47176,9.697111
47197,9.889461
47218,9.849584
47239,9.950449
47260,9.98329
47281,10.06539
47302,9.980944
47323,10.09588
47344,10.12403
47365,10.17329
47386,10.18033
47407,10.19206
47428,10.2249
47449,10.10292
47470,10.1428
47491,10.16391
47512,10.09588
47533,9.980944
47554,10.35391
47575,10.12169
47596,10.02317
47617,10.17329
47638,10.03959
47659,10.01848
47680,10.06773
47701,10.0044
47722,9.875386
47743,9.863657
47764,9.912917
47785,9.783903
47806,9.816743
47827,9.781557
47848,9.793285
47869,9.64785
47890,9.833163
47911,9.776865
47932,9.607973
47953,9.694765
47974,9.748716
47995,9.610318
48016,9.493032
48037,9.410933
48058,9.659579
48079,9.490686
48100,9.342906
48121,9.40624
48142,9.476612
48163,9.366363
48184,9.256114
48205,9.443772
48226,9.464884
48247,9.375746
48268,9.35698
48289,9.504761
48310,9.352288
48331,9.227965
48352,9.288955
48373,9.544639
48394,9.51649
48415,9.246731
48436,9.251423
48457,9.324141
48478,9.202163
48499,9.25846
48520,9.094258
48541,9.044999
48562,9.012158
48583,8.918329
48604,8.925366
48625,8.878452
48646,8.862032
48667,8.876106
48688,8.782278
48709,8.747091
48730,8.672029
48751,8.794006
48772,8.747091
48793,8.514865
48814,8.64388
48835,8.756474
48856,8.758821
48877,8.876106
48898,8.810426
48919,8.751783
48940,8.629806
48961,8.754128
48982,8.833883
49003,8.897219
49024,8.711905
49045,8.613385
49066,8.718943
49087,8.857341
49108,8.735363
49129,8.714252
49150,8.667336
49171,8.735363
49192,8.768204
49213,8.768204
49234,8.634497
49255,8.559433
49276,8.622768
49297,8.690794
49318,8.641534
49339,8.636843
49360,8.634497
49381,8.733017
49402,8.695485
49423,8.967589
49444,8.796351
49465,8.733017
49486,8.939441
49507,8.969935
49528,9.026234
49549,9.030925
49570,9.225619
49591,9.143519
49612,8.948824
49633,9.054381
49654,9.295992
49675,9.317103
49696,9.394512
49717,9.542293
49738,9.945757
49759,9.973906
49780,9.896498
49801,9.931683
49822,10.03959
49843,9.985635
49864,10.03724
49885,10.12403
49906,10.07712
49927,10.06773
49948,10.04662
49969,9.943413
49990,9.706493
50011,10.0044
50032,10.16391
50053,10.06305
50074,10.03724
50095,9.887115
50116,10.09119
50137,10.24132
50158,10.09354
50179,9.98798
50200,10.08181
50221,10.1686
50242,10.18971
50263,9.978598
50284,9.976252
50305,10.10292
50326,10.25774
50347,10.0607
50368,10.14045
50389,10.04428
50410,9.969215
50431,10.27181
50452,10.38441
50473,10.15922
50494,10.0607
50515,10.21083
50536,10.28823
50557,10.17095
50578,10.16156
50599,10.06539
50620,10.10996
50641,10.29527
50662,10.32811
50683,10.22725
50704,10.31404
50725,10.33515
50746,10.23897
50767,10.20848
50788,10.18971
50809,10.3633
50830,10.37972
50851,10.34688
50872,10.41959
50893,10.40552
50914,10.46182
50935,10.48528
50956,10.58614
50977,10.45009
50998,10.39848
51019,10.45009
51040,10.44774
51061,10.40083
51082,10.54157
51103,10.40787
51124,10.33749
51145,10.33749
51166,10.32342
51187,10.42663
51208,10.37737
51229,10.35861
51250,10.24132
51271,10.46885
51292,10.41725
51313,10.38441
51334,10.46885
51355,10.54392
51376,10.54861
51397,10.58849
51418,10.69639
51439,10.60022
51460,10.6096
51481,10.57676
51502,10.62367
51523,10.59787
51544,10.57441
51565,10.52984
51586,10.45244
51607,10.41725
51628,10.42663
51649,10.25305
51670,10.27885
51691,10.26947
51712,10.2507
51733,10.27885
51754,10.13576
51775,10.18971
51796,10.16156
51817,10.33749
51841,10.34688
51866,10.46416
51887,10.35626
51908,10.12169
51930,10.07712
51951,10.00675
51972,10.02786
51993,10.08885
52014,10.07712
52035,10.04193
52056,10.09823
52077,10.18737
52098,9.934029
52119,9.938721
52140,10.0865
52161,10.00206
52182,9.943413
52203,9.973906
52224,9.978598
52245,9.866002
52266,9.898843
52287,9.816743
52308,9.741679
52329,9.809706
52350,9.882422
52371,9.788594
52392,9.908226
52413,9.999709
52434,9.938721
52455,9.950449
52476,9.957487
52497,10.01848
52518,10.08181
52539,10.07008
52560,10.02317
52581,10.16391
52602,10.2812
52623,10.32576
52644,10.31404
52665,10.37737
52686,10.31169
52707,10.32576
52728,10.46182
52749,10.4712
52770,10.58145
52791,10.37972
52812,10.50639
52833,10.5791
52854,10.54392
52875,10.39848
52896,10.58614
52917,10.48058
52938,10.42663
52959,10.307
52980,10.24132
53001,10.15453
53022,9.964523
53043,9.955141
53064,9.880077
53085,9.891806
53106,9.840199
53127,9.659579
53148,9.528218
53169,9.572787
53190,9.584516
53211,9.401549
53232,9.342906
53253,9.551676
53274,9.396858
53295,9.310066
53316,9.263151
53337,9.439081
53358,9.232656
53379,9.190434
53400,9.244386
53421,9.490686
53442,9.19278
53463,9.335869
53484,9.148211
53506,9.539948
53527,8.986356
53548,9.495378
53569,9.084876
53590,9.157594
53611,9.181051
53632,9.103642
53653,9.070802
53674,9.176359
53695,8.988701
53716,9.235003
53737,9.382783
53758,9.096604
53779,9.171668
53800,9.042653
53821,9.300683
53842,9.227965
53863,9.169322
53884,9.211545
53905,9.310066
53926,9.105988
53947,9.183396
53968,9.244386
53989,9.331178
54010,9.2092
54031,9.178705
54052,9.176359
54073,9.197471
54094,9.321795
54115,9.267843
54136,9.181051
54157,9.190434
54178,9.220928
54199,9.25846
54220,9.246731
54241,9.223273
54262,9.27488
54283,9.270188
54304,9.328832
54325,9.373401
54346,9.375746
54367,9.333523
54388,9.335869
54409,9.392166
54430,9.427352
54451,9.436735
54472,9.375746
54493,9.347597
54514,9.38982
54535,9.314757
54556,9.38982
54577,9.312411
54598,9.331178
54619,9.324141
54640,9.335869
54661,9.347597
54682,9.239694
54703,9.195126
54724,9.157594
54745,9.134136
54766,9.105988
54787,9.120062
54808,9.110679
54829,9.063765
54850,9.138828
54871,9.094258
54892,9.089567
54913,9.030925
54934,9.007467
54955,8.937096
54976,8.995738
54997,9.002776
55018,8.904256
55039,8.873761
55060,8.847958
55081,8.899564
55102,8.930058
55123,8.84092
55144,8.913638
55165,8.892527
55186,8.887836
55207,8.897219
55228,8.885489
55249,8.845612
55270,8.845612
55291,8.885489
55312,8.812772
55333,8.850304
55354,9.014504
55375,9.13179
55396,9.199817
55417,9.094258
55438,9.096604
55459,9.138828
55480,9.272534
55501,9.312411
55522,9.305374
55543,9.27488
55564,9.202163
55585,9.314757
55606,9.528218
55627,9.387475
55648,9.554022
55669,9.422661
55690,9.521181
55711,9.659579
55732,9.708839
55753,9.633776
55774,9.631431
55795,9.793285
55816,9.830817
55837,9.908226
55858,9.938721
55879,10.07477
55900,10.06773
55921,10.07477
55942,10.17329
55963,10.28589
55984,10.33515
56005,10.26947
56026,10.39379
56047,10.50639
56068,10.63071
56089,10.59083
56110,10.49231
56131,10.61898
56152,10.70343
56173,10.81602
56194,10.78318
56215,10.68232
56236,10.68935
56257,10.80899
56278,10.97319
56299,10.91689
56320,10.8817
56341,10.75738
56362,10.74565
56383,10.748
56404,10.64947
56425,10.62836
56446,10.66355
56467,10.67762
56488,10.67997
56509,10.70108
56530,10.64713
56551,10.48762
56572,10.50873
56593,10.61898
56614,10.64947
56635,10.67762
56656,10.67528
56677,10.61664
56698,10.5791
56719,10.64713
56740,10.64947
56761,10.70812
56782,10.77145
56803,10.79256
56824,10.80429
56845,10.76911
56866,10.80429
56887,10.77145
56908,10.81368
56929,10.83713
56950,10.89343
56971,10.85121
56992,10.86528
57013,10.75269
57034,10.74565
57055,10.64947
57076,10.57207
57097,10.43367
57118,10.46885
57139,10.22021
57160,10.26947
57181,10.2249
57202,10.00909
57223,10.00675
57244,10.03255
57265,10.02786
57286,9.90588
57307,10.03724
57328,10.04428
57349,9.945757
57370,9.783903
57391,9.992672
57412,10.01613
57433,9.962177
57454,10.13811
57475,9.863657
57496,10.58145
57517,10.98022
57538,10.43367
57559,9.645505
57580,10.13342
57601,10.21317
57622,9.849584
57643,10.21083
57664,8.955861
57685,10.39145
57706,10.12169
57727,9.704147
57748,10.01378
57769,10.19206
57790,9.863657
57811,10.14514
57832,9.901189
57853,10.03255
57874,10.07008
57895,10.08181
57916,9.835509
57937,10.03489
57958,10.31873
57979,9.605627
58000,10.18737
58021,10.28354
58042,9.948103
58063,10.0607
58084,10.18268
58105,10.47824
58126,10.22255
58147,10.20144
58168,10.30231
58189,10.2812
58210,10.2812
58231,10.46885
58252,10.50404
58273,10.45713
58294,10.55799
58315,10.22255
58336,10.29996
58357,10.14749
58378,10.15218
58399,10.01378
58420,9.938721
58441,10.02317
58462,9.952795
58483,9.875386
58504,9.861312
58525,9.802669
58546,9.697111
58567,9.781557
58588,9.66427
58609,9.61501
58630,9.713531
58651,9.509453
58672,9.542293
58693,9.631431
58714,9.256114
58735,9.312411
58756,9.00043
58777,8.965244
58798,9.143519
58819,9.047344
58840,8.95117
58861,8.897219
58882,8.775241
58903,8.740054
58924,8.700177
58945,8.876106
58966,8.79166
58987,8.843266
59008,8.937096
59029,8.810426
59050,8.815118
59071,8.843266
59092,8.838574
59113,8.833883
59134,8.885489
59155,8.885489
59176,8.845612
59197,8.857341
59218,8.880798
59239,8.946478
59260,8.873761
59281,8.817463
59302,8.862032
59323,8.831537
59344,8.843266
59365,8.7424
59386,8.737708
59407,8.716597
59428,8.7424
59449,8.620422
59470,8.543014
59491,8.550051
59512,8.618076
59533,8.608693
59554,8.618076
59575,8.53363
59596,8.524248
59617,8.707214
59638,8.632151
59659,8.564125
59680,8.545359
59701,8.421036
59722,8.554742
59743,8.641534
59764,8.67672
59785,8.592274
59806,8.545359
59827,8.714252
59848,8.784623
59869,8.697831
59890,8.6603
59911,8.596965
59932,8.723634
59953,8.688448
59974,8.707214
59995,8.831537
60016,8.728326
60037,8.782278
60058,8.768204
60079,8.777586
60100,8.897219
60121,9.047344
60142,9.044999
60163,9.148211
60184,9.237348
60205,9.441426
60226,9.361671
60247,9.497724
60268,9.847238
60289,9.79094
60310,9.842546
60331,10.15453
60352,10.40083
60373,10.23897
60394,10.16156
60415,10.33984
60436,10.39848
60457,10.48058
60478,10.61664
60499,10.72454
60520,10.64713
60541,10.76442
60562,10.68935
60583,10.36564
60604,10.43601
60625,10.50169
60646,10.39848
60667,10.26478
60688,10.42429
60709,10.49466
60730,10.117
60751,9.999709
60772,10.06539
60793,10.117
60814,10.01378
60835,9.891806
60856,9.880077
60877,9.863657
60898,9.90588
60919,9.673654
60940,9.744025
60961,9.690074
60982,9.739333
61003,9.584516
61024,9.450809
61045,9.467229
61066,9.596244
61087,9.734642
61108,9.61501
61129,9.554022
61150,9.464884
61171,9.619701
61192,9.722914
61213,9.661925
61234,9.701802
61255,9.617355
61276,9.781557
61297,9.903535
61318,9.929338
61339,9.948103
61360,9.955141
61381,9.995018
61402,9.992672
61423,10.08416
61444,10.07712
61465,10.22725
61486,10.16626
61507,10.24132
61528,10.29527
61549,10.34688
61570,10.30935
61591,10.35157
61612,10.40083
61633,10.47824
61654,10.63306
61675,10.65651
61696,10.71985
61717,10.6917
61738,10.80195
61759,10.80195
61780,10.80195
61801,10.76207
61822,10.70577
61843,10.67528
61864,10.67293
61885,10.62367
61906,10.51577
61927,10.51811
61948,10.43836
61969,10.39614
61990,10.43132
62011,10.39848
62032,10.37503
62053,10.40787
62074,10.34922
62095,10.35861
62116,10.40552
62137,10.47824
62158,10.35626
62179,10.40787
62200,10.39848
62221,10.38441
62242,10.41021
62263,10.48293
62284,10.56972
62305,10.50873
62326,10.43836
62347,10.41256
62368,10.30231
62389,10.40552
62410,10.40083
62431,10.38441
62452,10.35861
62473,10.18737
62494,10.0302
62515,9.847238
62536,9.821435
62557,9.835509
62578,9.77452
62599,9.699456
62620,9.657233
62641,9.699456
62662,9.514144
62683,9.493032
62704,9.502416
62725,9.483649
62746,9.518835
62767,9.640813
62788,9.739333
62809,9.715877
62830,9.769828
62851,9.950449
62872,10.05132
62893,10.05601
62914,9.985635
62935,10.05601
62956,10.14045
62977,10.19675
62998,10.3633
63019,10.40787
63040,10.21317
63061,10.50639
63082,10.31404
63103,10.31873
63124,10.35391
63145,10.3891
63166,10.31169
63187,10.2765
63208,10.24601
63229,10.06539
63250,9.978598
63271,10.35157
63292,10.19675
63313,10.1428
63334,10.22959
63355,10.09588
63376,10.06773
63397,10.00675
63418,10.0607
63439,9.978598
63460,9.938721
63481,9.835509
63502,9.765137
63523,9.887115
63544,9.80736
63565,9.718222
63586,9.77452
63607,9.917608
63628,9.819089
63649,9.769828
63670,9.802669
63691,9.753407
63712,9.687728
63733,9.563404
63754,9.676
63775,9.579824
63796,9.584516
63817,9.504761
63838,9.420315
63859,9.401549
63880,9.267843
63901,9.23031
63922,9.249077
63943,9.220928
63964,9.281918
63985,9.25846
64006,9.335869
64027,9.41797
64048,9.422661
64069,9.378092
64090,9.25846
64111,9.420315
64132,9.35698
64153,9.300683
64174,9.324141
64195,9.251423
64216,9.183396
64237,9.178705
64258,9.176359
64279,9.073148
64300,8.998084
64321,9.068456
64342,8.948824
64363,8.972281
64384,8.941787
64405,8.908947
64426,8.862032
64447,8.915984
64468,9.014504
64489,8.923021
64510,8.873761
64531,8.911292
64552,8.955861
64573,9.023888
64594,8.955861
64615,8.969935
64636,8.988701
64657,8.955861
64678,8.962898
64699,8.946478
64720,8.976973
64741,8.918329
64762,9.27488
64783,8.920675
64804,9.021542
64825,8.843266
64846,8.838574
64867,8.8245
64888,8.761166
64909,8.747091
64930,8.737708
64951,8.62746
64972,8.589928
64993,8.531285
65014,8.486716
65035,8.528939
65056,8.56647
65077,8.357701
65098,8.444492
65119,8.406961
65140,8.428073
65161,8.36943
65182,8.446838
65203,8.453876
65224,8.353009
65245,8.53363
65266,8.559433
65287,8.439801
65308,8.486716
65329,8.585237
65350,8.585237
65371,8.672029
65392,8.829192
65413,8.852649
65434,8.810426
65455,9.030925
65476,9.127099
65497,9.277225
65518,9.347597
65539,9.476612
65560,9.436735
65581,9.469575
65602,9.561059
65623,9.85662
65644,9.751062
65665,9.779211
65686,9.926992
65707,10.09588
65728,10.02786
65749,9.891806
65770,9.926992
65791,10.17095
65812,10.18737
65833,10.26478
65854,10.26243
65875,10.48762
65896,10.62367
65917,10.52046
65938,10.48762
65959,10.61429
65980,10.6096
66001,10.60022
66022,10.66355
66043,10.58145
66064,10.66355
66085,10.82071
66106,10.78318
66127,10.77614
66148,10.61664
66169,10.66121
66190,10.6096
66211,10.69874
66232,10.74565
66253,10.57441
66274,10.44774
66295,10.45244
66316,10.52984
66337,10.45713
66358,10.35391
66379,10.43367
66400,10.41021
66421,10.40317
66442,10.45478
66463,10.36799
66484,10.45244
66505,10.30231
66526,10.29996
66547,10.39614
66568,10.33046
66589,10.2507
66610,10.29527
66631,10.33984
66652,10.36799
66673,10.48528
66694,10.43836
66715,10.48293
66736,10.46885
66757,10.51811
66778,10.4149
66799,10.42429
66820,10.6659
66841,10.75034
66862,10.77614
66883,10.85824
66904,10.88405
66925,10.80899
66946,10.87936
66967,10.83713
66988,10.94738
67009,10.938
67030,10.95911
67051,11.01541
67072,11.04121
67093,11.08109
67114,11.01541
67135,10.91454
67156,10.95911
67177,10.9122
67198,10.82541
67219,10.78553
67240,10.67528
67261,10.71281
67282,10.65417
67303,10.61898
67324,10.55799
67345,10.34688
67366,10.37033
67387,10.28354
67408,10.36799
67429,10.30935
67450,10.2249
67471,10.24366
67492,10.12169
67513,10.12169
67534,10.24366
67555,10.2812
67576,10.28589
67597,10.20144
67618,10.15687
67639,10.15922
67660,10.2507
67681,10.30935
67702,10.33046
67723,10.21786
67744,10.26478
67765,10.26243
67786,10.20613
67807,10.11934
67828,10.09823
67849,10.1991
67870,9.999709
67891,10.03959
67912,10.07712
67933,9.978598
67954,9.919954
67975,9.751062
67996,9.896498
68017,9.788594
68038,9.77452
68059,9.809706
68080,9.558713
68101,9.600936
68122,9.701802
68143,9.783903
68164,9.931683
68185,9.694765
68206,9.556367
68227,9.638468
68248,9.788594
68269,9.704147
68290,9.556367
68311,9.622047
68332,9.483649
68353,9.556367
68374,9.514144
68395,9.509453
68416,9.610318
68437,9.507107
68458,9.453156
68479,9.415624
68500,9.385129
68521,9.361671
68542,9.303029
68563,9.34056
68584,9.443772
68605,9.368709
68626,9.35698
68647,9.366363
68668,9.40624
68689,9.281918
68710,9.366363
68731,9.338214
68752,9.392166
68773,9.319448
68794,9.378092
68815,9.286609
68836,9.345251
68857,9.286609
68878,9.08253
68899,9.218582
68920,9.272534
68941,9.15994
68962,9.084876
68983,9.157594
69004,9.188088
69025,9.089567
69046,9.066111
69067,9.094258
69088,9.063765
69109,9.084876
69130,9.037962
69151,8.967589
69172,9.143519
69193,9.115371
69214,8.993393
69235,9.077839
69256,9.047344
69277,9.00043
69298,9.005121
69319,9.01685
69340,9.127099
69361,9.251423
69382,9.312411
69403,9.176359
69424,9.256114
69445,9.270188
69466,9.321795
69487,9.284263
69508,9.303029
69529,9.317103
69550,9.352288
69571,9.378092
69592,9.371055
69613,9.359325
69634,9.279572
69655,9.206854
69676,9.298337
69697,9.403895
69718,9.235003
69739,9.188088
69760,9.197471
69781,9.256114
69802,9.352288
69823,9.15994
69844,9.127099
69865,9.211545
69886,9.232656
69907,9.155248
69928,9.169322
69949,9.237348
69970,9.265497
69991,9.333523
70012,9.25846
70033,9.206854
70054,9.286609
70075,9.30772
70096,9.286609
70117,9.27488
70138,9.335869
70159,9.457847
70180,9.504761
70201,9.385129
70222,9.24204
70243,9.314757
70264,9.324141
70285,9.321795
70306,9.352288
70327,9.361671
70348,9.34056
70369,9.244386
70390,9.220928
70411,9.178705
70432,9.124753
70453,9.169322
70474,9.120062
70495,9.218582
70516,9.305374
70537,9.279572
70558,9.270188
70579,9.237348
70600,9.148211
70621,9.089567
70642,9.176359
70663,9.288955
70684,9.25846
70705,9.300683
70726,9.324141
70747,9.272534
70768,9.300683
70789,9.455501
70810,9.629085
70831,9.493032
70852,9.326486
70873,9.593899
70894,9.624393
70915,9.626739
70936,9.570441
70957,9.48834
70978,9.605627
70999,9.441426
71020,9.617355
71041,9.729951
71062,9.652542
71083,9.638468
71104,9.692419
71125,9.692419
71146,9.666616
71167,9.805015
71188,9.795631
71209,9.800323
71230,9.941067
71251,9.931683
71272,9.800323
71293,10.0044
71314,10.04662
71335,10.07712
71356,10.11465
71377,10.02551
71398,10.04193
71419,10.05132
71440,10.10058
71461,10.14749
71482,10.2507
71503,10.27885
71524,10.2812
71545,10.31169
71566,10.44774
71587,10.46651
71608,10.58614
71629,10.4712
71650,10.44305
71671,10.52515
71692,10.69639
71713,10.76442
71734,10.66824
71755,10.71516
71776,10.68701
71797,10.80195
71818,10.85824
71839,10.90985
71860,10.87467
71881,10.75503
71902,10.86059
71923,10.87467
71944,10.8817
71965,10.9122
71986,10.87936
72007,10.82775
72028,10.72219
72049,10.6659
72070,10.71281
72091,10.64478
72112,10.67762
72133,10.66121
72154,10.57441
72175,10.58614
72196,10.5533
72217,10.53219
72238,10.59787
72259,10.59318
72280,10.62602
72301,10.6096
72322,10.64009
72343,10.67528
72364,10.59787
72385,10.67293
72406,10.65651
72427,10.65886
72448,10.70108
72469,10.77145
72490,10.6659
72511,10.71046
72532,10.78553
72553,10.68935
72574,10.74096
72595,10.77145
72616,10.72219
72637,10.62133
72658,10.63775
72679,10.62367
72700,10.5275
72721,10.59083
72742,10.67059
72763,10.54861
72784,10.34922
72805,10.41959
72826,10.42429
72847,10.45947
72868,10.31169
72889,10.33046
72910,10.34453
72931,10.23428
72952,10.25774
72973,10.31404
72994,10.30231
73015,10.37268
73036,10.36799
73057,10.29996
73078,10.37033
73099,10.40787
73120,10.36095
73141,10.29762
73162,10.2765
73183,10.31638
73204,10.39379
73225,10.33046
73246,10.20848
73267,10.36095
73288,10.19675
73309,10.00909
73330,10.02786
73351,10.117
73372,9.802669
73393,9.568096
73414,9.713531
73435,9.596244
73456,9.464884
73477,9.575133
73498,9.448463
73519,9.467229
73540,9.35698
73561,9.401549
73582,9.366363
73603,9.166977
73624,9.19278
73645,9.385129
73666,9.169322
73687,9.204508
73708,9.293646
73729,9.260805
73750,9.19278
73771,9.127099
73792,9.195126
73813,9.075493
73834,9.066111
73855,9.164631
73876,9.162285
73897,9.056727
73918,9.080185
73939,9.108333
73960,9.096604
73981,8.95117
74002,9.03327
74023,9.063765
74044,9.091913
74065,9.094258
74086,9.014504
74107,9.030925
74128,8.988701
74149,8.953515
74170,8.880798
74191,9.021542
74212,9.005121
74233,8.93475
74254,9.066111
74275,9.091913
74296,9.061419
74317,9.105988
74338,8.98401
74359,9.103642
74380,9.080185
74401,9.113025
74422,9.141173
74443,9.061419
74464,9.181051
74485,9.166977
74506,9.073148
74527,9.080185
74548,9.007467
74569,9.026234
74590,9.113025
74611,9.077839
74632,9.171668
74653,9.09895
74674,9.136482
74695,9.169322
74716,9.197471
74737,9.068456
74758,9.047344
74779,8.988701
74800,9.136482
74821,9.244386
74842,9.178705
74863,9.220928
74884,9.136482
74905,9.134136
74926,9.188088
74947,9.138828
74968,9.202163
74989,9.15994
75010,9.124753
75031,9.181051
75052,9.2092
75073,9.220928
75094,9.152903
75115,9.08253
75136,8.923021
75157,9.009813
75178,9.04969
75199,9.009813
75220,8.84092
75241,8.779932
75262,8.847958
75283,8.786969
75304,8.733017
75325,8.810426
75346,8.8245
75367,8.850304
75388,8.84092
75409,8.908947
75430,8.911292
75451,8.930058
75472,8.826846
75493,8.817463
75514,9.171668
75535,9.115371
75556,9.181051
75577,9.164631
75598,9.403895
75619,9.429698
75640,9.415624
75661,9.446118
75682,9.586862
75703,9.579824
75724,9.643159
75745,9.727605
75766,9.760445
75787,9.870694
75808,9.826125
75829,9.87304
75850,10.04428
75871,9.98329
75892,9.985635
75913,10.03724
75934,10.00909
75955,9.999709
75976,10.10058
75997,10.06539
76018,10.06305
76039,10.21786
76060,10.3891
76081,10.39145
76102,10.17329
76123,10.21786
76144,10.24132
76165,10.29762
76186,10.32811
76207,10.31873
76228,10.27885
76249,10.3328
76270,10.40552
76291,10.29996
76312,10.29292
76333,10.47355
76354,10.36799
76375,10.2812
76396,10.31873
76417,10.28354
76438,10.22959
76459,10.37268
76480,10.26947
76501,10.37737
76522,10.50873
76543,10.4712
76564,10.43132
76585,10.44305
76606,10.54392
76627,10.62602
76648,10.59787
76669,10.48293
76690,10.51811
76711,10.51577
76732,10.54861
76753,10.49231
76774,10.58145
76795,10.46885
76816,10.497
76837,10.38206
76858,10.44071
76879,10.43132
76900,10.39145
76921,10.30465
76942,10.27181
76963,10.35626
76984,10.34219
77005,10.34688
77026,10.35157
77047,10.28823
77068,10.26478
77089,10.37503
77110,10.48528
77131,10.50404
77152,10.48997
77173,10.42898
77194,10.42663
77215,10.48293
77236,10.51342
77257,10.47824
77278,10.49231
77299,10.52281
77320,10.48762
77341,10.58614
77362,10.55799
77383,10.49231
77404,10.45713
77425,10.36799
77446,10.34453
77467,10.42429
77488,10.35861
77509,10.32811
77530,10.36564
77551,10.42429
77572,10.43836
77593,10.39379
77614,10.33984
77635,10.35861
77656,10.25774
77677,10.33984
77698,10.18502
77719,10.33984
77740,10.35626
77761,10.43836
77782,10.35626
77803,10.42898
77824,10.41725
77845,10.59318
77866,10.4712
77887,10.56738
77908,10.54392
77929,10.52046
77950,10.53688
77971,10.57441
77992,10.47824
78013,10.48293
78034,10.47589
78055,10.36095
78076,10.33046
78097,10.39145
78118,10.37972
78139,10.37737
78160,10.48762
78181,10.39145
78202,10.32107
78223,10.19206
78244,10.26008
78265,10.27885
78286,10.18502
78307,10.24366
78328,10.13576
78349,10.34688
78370,10.39848
78391,10.34219
78412,10.39379
78433,10.34922
78454,10.34688
78475,10.37972
78496,10.29058
78517,10.18268
78538,10.08181
78559,10.03959
78580,9.964523
78601,9.858966
78622,9.797977
78643,9.783903
78664,9.591553
78685,9.603281
78706,9.676
78727,9.267843
78748,9.464884
78769,9.434389
78790,9.220928
78811,9.113025
78832,9.281918
78853,9.042653
78874,9.169322
78895,9.09895
78916,9.136482
78937,9.068456
78958,9.084876
78979,9.117716
79000,9.04969
79021,9.105988
79042,9.155248
79063,9.105988
79084,9.037962
79105,9.08253
79126,9.070802
79147,9.035616
79168,9.044999
79189,9.021542
79210,8.937096
79231,9.152903
79252,8.962898
79273,8.866723
79294,8.920675
79315,8.810426
79336,8.817463
79357,8.84092
79378,8.862032
79399,8.845612
79420,8.765858
79441,8.817463
79462,8.826846
79483,8.998084
79504,8.915984
79525,8.812772
79546,8.772895
79567,8.906601
79588,8.927712
79609,8.923021
79630,8.892527
79651,8.930058
79672,8.925366
79693,8.789314
79714,9.044999
79735,9.014504
79756,8.98401
79777,8.958207
79798,8.993393
79819,8.986356
79840,8.829192
79861,8.869069
79882,8.7424
79903,8.84092
79924,8.808081
79945,8.836229
79966,8.747091
79987,8.784623
80008,8.735363
80029,8.873761
80050,8.864378
80071,8.8245
80092,8.756474
80113,8.84092
80134,8.98401
80155,9.03327
80176,9.066111
80197,9.030925
80218,8.958207
80239,8.993393
80260,9.127099
80281,9.220928
80302,9.232656
80323,9.272534
80344,9.328832
80365,9.333523
80386,9.349943
80407,9.314757
80428,9.462538
80449,9.485995
80470,9.399203
80491,9.246731
80512,9.593899
80533,9.607973
80554,9.403895
80575,9.455501
80596,9.504761
80617,9.443772
80638,9.335869
80659,9.490686
80680,9.434389
80701,9.556367
80722,9.364017
80743,9.439081
80764,9.333523
80785,9.425007
80806,9.753407
80827,9.680691
80848,9.638468
80869,9.657233
80890,9.776865
80911,9.896498
80932,9.781557
80953,9.755754
80974,9.889461
80995,10.05835
81016,10.04193
81037,10.03255
81058,9.971561
81079,9.898843
81100,9.950449
81121,10.02082
81142,9.966869
81163,9.955141
81184,10.07477
81205,10.21317
81226,10.19206
81247,10.09119
81268,10.14045
81289,10.27885
81310,10.31404
81331,10.19206
81352,10.2507
81373,10.28354
81394,10.11465
81415,10.17798
81436,10.14749
81457,10.13576
81478,10.07712
81499,10.11465
81520,10.09823
81541,9.87304
81562,9.98798
81583,10.05132
81604,10.01144
81625,10.10996
81646,10.05366
81667,10.04897
81688,10.1428
81709,10.35626
81730,10.28823
81751,10.41959
81772,10.42898
81793,10.45244
81814,10.45947
81835,10.69639
81856,10.69404
81877,10.71985
81898,10.67997
81919,10.76442
81940,10.77614
81961,10.79022
81982,10.80195
82003,10.78553
82024,10.87467
82045,10.94504
82066,10.93565
82087,11.00603
82108,11.01072
82129,11.09047
82150,11.03183
82171,11.07405
82192,11.07171
82213,11.02714
82234,10.99899
82255,11.00837
82276,10.94504
82297,10.97319
82318,10.85121
82339,10.76911
82360,10.76442
82381,10.78318
82402,10.74331
82423,10.6917
82444,10.62836
82465,10.61664
82486,10.59787
82507,10.56034
82528,10.5533
82549,10.40552
82570,10.37033
82591,10.51577
82612,10.64009
82633,10.58614
82654,10.56268
82675,10.41256
82696,10.307
82717,10.13811
82738,10.2812
82759,10.29058
82780,10.12169
82801,10.0865
82822,10.01378
82843,10.05835
82864,10.18971
82885,10.14514
82906,10.1686
82927,10.07008
82948,10.05132
82969,9.98798
82990,10.09823
83011,9.863657
83032,9.802669
83053,9.964523
83074,10.07477
83095,10.15218
83116,10.12169
83137,10.1991
83158,10.21317
83179,10.18033
83200,10.10292
83221,10.17095
83242,10.117
83263,10.08885
83284,10.117
83305,10.18971
83326,10.05835
83347,10.26008
83368,10.32811
83389,10.29527
83410,10.24836
83431,10.23897
83452,10.26243
83473,10.21317
83494,10.14984
83515,10.27181
83536,10.18033
83557,10.00909
83578,10.05601
83599,10.01848
83620,9.814397
83641,9.734642
83662,9.861312
83683,9.74637
83704,9.25846
83725,9.50007
83746,9.610318
83767,9.455501
83788,9.13179
83809,9.375746
83830,9.314757
83851,9.166977
83872,9.00043
83893,9.089567
83914,9.237348
83935,9.197471
83956,9.145865
83977,8.98401
83998,9.089567
84019,9.117716
84040,9.096604
84061,9.068456
84082,9.023888
84103,8.937096
84124,9.052036
84145,8.923021
84166,8.852649
84187,8.866723
84208,8.8245
84229,8.862032
84250,8.923021
84271,8.836229
84292,8.831537
84313,8.817463
84334,8.805735
84355,8.843266
84376,8.815118
84397,8.833883
84418,8.838574
84439,8.890181
84460,8.993393
84481,8.965244
84502,8.953515
84523,9.012158
84544,8.981664
84565,9.035616
84586,8.981664
84607,8.90191
84628,8.962898
84649,8.969935
84670,9.110679
84691,9.040307
84712,8.880798
84733,8.847958
84754,8.904256
84775,8.852649
84796,8.904256
84817,8.850304
84838,8.831537
84859,8.899564
84880,8.843266
84901,8.941787
84922,8.927712
84943,8.876106
84964,8.763512
84985,8.878452
85006,8.995738
85027,8.986356
85048,8.932404
85069,8.847958
85090,8.808081
85111,8.927712
85132,9.028579
85153,9.120062
85174,8.930058
85195,8.988701
85216,9.04969
85237,9.019196
85258,9.110679
85279,8.852649
85300,8.981664
85321,9.007467
85342,8.993393
85363,9.023888
85384,8.988701
85405,8.979319
85426,8.894873
85447,8.904256
85468,9.007467
85489,9.150557
85510,9.052036
85531,9.117716
85552,9.108333
85573,9.19278
85594,9.190434
85615,9.349943
85636,9.25846
85657,9.204508
85678,9.324141
85699,9.443772
85720,9.469575
85741,9.53291
85762,9.661925
85783,9.704147
85804,9.699456
85825,9.748716
85846,9.931683
85867,10.07477
85888,10.07243
85909,10.1686
85930,10.33046
85951,10.43836
85972,10.36799
85993,10.37972
86014,10.45478
86035,10.29058
86056,10.35861
86077,10.54626
86098,10.5791
86119,10.61664
86140,10.6354
86161,10.59318
86182,10.76676
86203,10.88874
86224,10.80195
86245,10.66121
86266,10.85121
86287,10.88874
86308,10.93096
86329,10.93096
86350,10.94738
86371,11.13739
86392,11.23122
86413,11.03652
86434,11.05294
86455,11.01775
86476,11.16788
86497,11.1327
86518,11.13504
86539,11.09047
86560,11.08578
86581,11.08813
86602,11.128
86623,11.16084
86644,11.1022
86665,11.09047
86686,11.06467
86707,11.0764
86728,11.12097
86749,11.13973
86770,11.12566
86791,11.08343
86812,11.14442
86833,11.08343
86854,10.96146
86875,11.00603
86896,11.03417
86917,10.97788
86938,11.03183
86959,11.04121
86980,11.00603
87001,10.89109
87022,10.82775
87043,10.89109
87064,10.85121
87085,10.73392
87106,10.48293
87127,10.35157
87148,10.40787
87169,10.3633
87190,10.46182
87211,10.41021
87232,10.43601
87253,10.39848
87274,10.29996
87295,10.37268
87316,10.22725
87337,10.12169
87358,10.0607
87379,10.12169
87400,10.1428
87421,10.09823
87442,10.01613
87463,10.1428
87484,10.12403
87505,10.20144
87526,10.27416
87547,10.17095
87568,10.25305
87589,10.33749
87610,10.32107
87631,10.23663
87652,10.18502
87673,10.30231
87694,10.31404
87715,10.23663
87736,10.36095
87757,10.45713
87778,10.32342
87799,10.25774
87820,10.35157
87841,10.33046
87862,10.29292
87883,10.23428
87904,10.17095
87925,10.07008
87946,10.04428
87967,10.05366
87988,9.877731
88009,9.98798
88030,10.07243
88051,9.901189
88072,9.718222
88093,9.781557
88114,9.870694
88135,9.673654
88156,9.643159
88177,9.593899
88198,9.481303
88219,9.483649
88240,9.476612
88261,9.453156
88282,9.263151
88303,9.464884
88324,9.485995
88345,9.157594
88366,9.084876
88387,9.284263
88408,9.385129
88429,9.227965
88450,9.281918
88471,9.25846
88492,9.08253
88513,9.063765
88534,9.152903
88555,9.195126
88576,9.382783
88597,8.965244
88618,9.005121
88639,8.981664
88660,8.843266
88681,8.904256
88702,8.826846
88723,8.803389
88744,8.756474
88765,8.608693
88786,8.7424
88807,8.723634
88828,8.810426
88849,8.735363
88870,8.662645
88891,8.681411
88912,8.913638
88933,8.871415
88954,8.904256
88975,8.955861
88996,8.930058
89017,8.995738
89038,9.019196
89059,9.075493
89080,9.005121
89101,8.979319
89122,8.988701
89143,9.026234
89164,9.087222
89185,8.969935
89206,8.993393
89227,9.068456
89248,9.084876
89269,9.094258
89290,9.101295
89311,9.103642
89332,9.00043
89353,9.042653
89374,8.972281
89395,9.061419
89416,9.044999
89437,8.98401
89458,8.962898
89479,9.007467
89500,8.904256
89521,8.843266
89542,8.812772
89563,8.95117
89584,8.864378
89605,8.786969
89626,8.831537
89647,8.826846
89668,8.885489
89689,8.941787
89710,8.737708
89731,8.8245
89752,8.953515
89773,8.758821
89794,9.056727
89815,9.03327
89836,8.923021
89857,8.838574
89878,8.925366
89899,8.960552
89920,9.091913
89941,9.171668
89962,9.136482
89983,9.227965
90004,9.303029
90025,9.378092
90046,9.415624
90067,9.509453
90088,9.427352
90109,9.382783
90130,9.687728
90151,9.821435
90172,9.558713
90193,9.706493
90214,9.955141
90235,9.98329
90256,9.765137
90277,9.894152
90298,9.912917
90319,10.01144
90340,10.0865
90361,10.15218
90382,10.05366
90403,10.09119
90424,10.22255
90445,10.26478
90466,10.4149
90487,10.43601
90508,10.44071
90529,10.35626
90550,10.42429
90571,10.4712
90592,10.62133
90613,10.37268
90634,10.37737
90655,10.57676
90676,10.70108
90697,10.58614
90718,10.36564
90739,10.48058
90760,10.51342
90781,10.60022
90802,10.53688
90823,10.50639
90844,10.27885
90865,10.34922
90886,10.48528
90907,10.5275
90928,10.49935
90949,10.3633
90970,10.35157
90991,10.5533
91012,10.54392
91033,10.44305
91054,10.17095
91075,10.1991
91096,10.24132
91117,10.25774
91138,10.26947
91159,10.20848
91180,10.15453
91201,10.13342
91222,10.2507
91243,10.18502
91264,10.21786
91285,10.21083
91306,10.27885
91327,10.34688
91348,10.41256
91369,10.43601
91390,10.37033
91411,10.42194
91432,10.45009
91453,10.64244
91474,10.67762
91495,10.63775
91516,10.70108
91537,10.75269
91558,10.71281
91579,10.74096
91600,10.80664
91621,10.85355
91642,10.87936
91663,10.87936
91684,10.87701
91705,10.94504
91726,10.91689
91747,10.93096
91768,10.91454
91789,10.96615
91810,10.91689
91831,10.89343
91852,10.97084
91873,10.86763
91894,10.95911
91915,11.06467
91936,11.1585
91957,11.08578
91978,11.0459
91999,10.83948
92020,10.82541
92041,10.85355
92062,10.81602
92083,10.84652
92104,10.86294
92125,10.82775
92146,10.86528
92167,10.80899
92188,10.72688
92209,10.64713
92230,10.62836
92251,10.48762
92272,10.41725
92293,10.49231
92314,10.4149
92335,10.27416
92356,10.41256
92377,10.40083
92398,10.42194
92419,10.31873
92440,10.40083
92461,10.30231
92482,10.19206
92503,10.30465
92524,10.09354
92545,10.14514
92566,10.26008
92587,10.09119
92608,10.15218
92629,10.15922
92650,10.05601
92671,9.87304
92692,9.826125
92713,9.772174
92734,9.600936
92755,9.589207
92776,9.518835
92797,9.514144
92818,9.483649
