8818,10.48058
8839,10.50169
8860,10.46885
8881,10.46651
8902,10.47824
8923,10.54392
8944,10.56972
8965,10.5838
8986,10.64009
9007,10.72219
9028,10.70108
9049,10.66121
9070,10.57676
9091,10.53453
9112,10.44071
9133,10.40787
9154,10.40787
9175,10.307
9196,10.1686
9217,9.9223
9238,10.10292
9259,10.01144
9280,9.830817
9301,9.837853
9322,9.894152
9343,9.697111
9364,10.07712
9385,9.718222
9406,9.833163
9427,9.858966
9448,9.997364
9469,9.98329
9490,9.915263
9511,10.10058
9532,10.02317
9553,9.997364
9574,10.01848
9595,10.26712
9616,10.24132
9637,10.33749
9658,10.46885
9679,10.307
9700,10.40552
9721,10.39379
9742,10.3891
9763,10.35861
9784,10.37737
9805,10.23897
9826,10.05835
9847,10.08181
9868,10.16156
9889,10.14749
9910,9.90588
9931,10.01144
9952,10.25774
9973,9.87304
9994,9.908226
10015,9.910572
10036,9.980944
10057,9.87304
10078,9.793285
10099,9.690074
10120,9.847238
10141,9.795631
10162,9.61501
10183,9.617355
10204,9.577478
10225,9.56575
10246,9.563404
10267,9.722914
10288,9.683037
10309,9.781557
10330,9.666616
10351,9.685382
10372,9.861312
10393,9.629085
10414,9.805015
10435,9.708839
10456,9.762791
10477,9.711185
10498,9.511798
10519,9.497724
10540,9.563404
10561,9.321795
10582,9.284263
10603,9.244386
10624,9.38982
10645,9.239694
10666,9.162285
10687,9.162285
10708,9.277225
10729,9.220928
10750,9.073148
10771,8.958207
10792,9.171668
10813,9.178705
10834,9.220928
10855,9.190434
10876,9.103642
10897,9.15994
10918,9.096604
10939,9.09895
10960,8.958207
10981,9.066111
11002,8.974627
11023,8.847958
11044,8.812772
11065,8.887836
11086,8.801044
11107,8.786969
11128,8.7424
11149,8.8245
11170,8.728326
11191,8.634497
11212,8.744746
11233,8.765858
11254,8.758821
11275,8.798697
11296,8.801044
11317,8.859686
11338,8.854995
11359,8.998084
11380,8.953515
11401,9.073148
11422,9.136482
11443,9.164631
11464,9.183396
11485,9.267843
11506,9.216236
11528,9.108333
11549,9.174014
11570,9.080185
11591,9.028579
11612,9.110679
11633,9.044999
11654,8.955861
11675,8.939441
11696,9.01685
11717,9.023888
11738,8.986356
11759,8.979319
11780,8.953515
11801,9.007467
11822,9.019196
11843,9.145865
11864,9.169322
11885,9.185742
11906,9.2092
11927,9.073148
11948,9.227965
11969,9.166977
11990,9.204508
12011,9.188088
12032,9.249077
12053,9.319448
12074,9.321795
12095,9.347597
12116,9.380438
12137,9.227965
12158,9.216236
12179,9.253768
12200,9.138828
12221,9.084876
12242,9.117716
12263,9.122408
12284,8.993393
12305,8.932404
12326,8.704868
12347,8.589928
12368,8.646226
12389,8.679066
12410,8.707214
12431,8.608693
12452,8.521902
12473,8.611039
12494,8.625113
12515,8.615731
12536,8.554742
12557,8.543014
12578,8.64388
12599,8.927712
12620,9.073148
12641,9.01685
12662,9.080185
12683,9.166977
12704,9.204508
12725,9.413278
12746,9.349943
12767,9.502416
12788,9.715877
12809,9.572787
12830,9.593899
12851,9.678345
12872,9.699456
12893,9.626739
12914,9.56575
12935,9.554022
12956,9.610318
12977,9.690074
12998,9.58217
13019,9.53291
13040,9.631431
13061,9.476612
13082,9.561059
13103,9.450809
13124,9.462538
13145,9.497724
13166,9.558713
13187,9.603281
13208,9.48834
13229,9.577478
13250,9.652542
13271,9.542293
13292,9.61501
13313,9.645505
13334,9.61501
13355,9.605627
13376,9.636122
13397,9.542293
13418,9.56575
13439,9.622047
13460,9.694765
13481,9.844892
13502,9.861312
13523,9.880077
13544,9.999709
13565,9.903535
13586,9.910572
13607,9.915263
13628,10.01144
13649,10.0865
13670,10.12403
13691,10.18502
13712,10.23428
13733,10.39379
13754,10.53688
13775,10.51577
13796,10.55096
13817,10.65651
13838,10.8301
13859,10.94269
13880,11.00134
13901,10.94035
13922,10.87701
13943,10.85824
13964,10.87936
13985,10.86294
14006,10.86997
14027,10.79022
14048,10.74565
14069,10.77849
14090,10.55096
14111,10.72923
14132,10.70343
14153,10.64244
14174,10.7175
14195,10.58145
14217,10.497
14238,10.41256
14259,10.41256
14280,10.44071
14301,10.44305
14322,10.44071
14343,10.49935
14364,10.44305
14385,10.43836
14406,10.45009
14427,10.46885
14448,10.49231
14469,10.45244
14490,10.66355
14511,10.56268
14532,10.39614
14553,10.44305
14574,10.42194
14595,10.32576
14616,10.20613
14637,10.15687
14658,9.995018
14679,10.00206
14700,10.01378
14721,9.931683
14742,10.02317
14763,10.0044
14784,10.12872
14805,10.25539
14826,10.13107
14847,10.02082
14868,9.917608
14889,9.891806
14910,9.934029
14931,10.05601
14952,10.0302
14973,10.21317
14994,10.19441
15015,10.2507
15036,10.37033
15057,10.32107
15078,10.59083
15099,9.912917
15120,10.24601
15141,10.56503
15162,10.33984
15183,10.29996
15204,10.38441
15225,10.63775
15246,9.718222
15267,9.584516
15288,8.906601
15309,10.34922
15330,10.06539
15351,9.926992
15372,9.535255
15393,9.943413
15414,9.952795
15435,9.455501
15456,9.87304
15477,9.812052
15498,9.816743
15519,9.739333
15540,9.676
15561,9.999709
15582,9.317103
15603,9.995018
15624,9.755754
15645,10.23897
15666,10.14749
15687,10.14984
15708,10.24132
15729,10.54157
15750,10.34922
15771,10.38675
15792,10.48528
15813,10.21786
15834,10.70812
15855,10.56738
15876,10.46182
15897,10.59318
15918,10.48762
15939,10.40083
15960,10.34219
15981,10.32107
16002,10.3633
16023,10.41021
16044,10.36095
16065,10.29762
16086,10.39848
16107,10.42194
16128,10.45947
16149,10.41021
16170,10.42663
16191,10.51342
16212,10.40083
16233,10.42194
16254,10.35861
16275,10.37268
16296,10.33984
16317,10.35626
16338,10.26008
16359,10.07008
16380,10.04428
16401,9.917608
16422,9.830817
16443,9.826125
16464,9.877731
16485,9.676
16506,9.699456
16527,9.511798
16548,9.436735
16569,9.612664
16590,9.331178
16611,9.30772
16632,9.305374
16653,9.413278
16674,9.185742
16695,9.195126
16716,9.002776
16737,9.110679
16758,8.911292
16779,9.124753
16800,9.002776
16821,8.95117
16842,8.831537
16863,8.845612
16884,8.730671
16905,9.014504
16926,8.911292
16947,8.836229
16968,8.927712
16989,8.958207
17010,9.028579
17031,8.915984
17052,8.991047
17073,9.080185
17094,9.127099
17115,8.962898
17136,9.138828
17157,9.059073
17178,8.878452
17199,9.056727
17220,9.077839
17241,8.965244
17262,8.925366
17283,9.030925
17304,9.028579
17325,8.98401
17346,8.930058
17367,9.028579
17388,9.08253
17409,9.037962
17430,8.974627
17451,9.002776
17472,9.181051
17493,9.166977
17514,9.178705
17535,9.223273
17556,9.300683
17577,9.361671
17598,9.295992
17619,9.382783
17640,9.427352
17661,9.408587
17682,9.460192
17703,9.497724
17724,9.495378
17745,9.469575
17766,9.441426
17787,9.429698
17808,9.361671
17829,9.303029
17850,9.256114
17871,9.199817
17892,9.216236
17913,9.087222
17934,9.15994
17955,9.084876
17976,9.044999
17997,9.084876
18018,9.13179
18039,9.094258
18060,9.089567
18081,9.044999
18102,9.075493
18123,9.134136
18144,9.101295
18165,8.976973
18186,8.976973
18207,8.857341
18228,8.965244
18249,8.93475
18270,8.944133
18291,8.967589
18312,8.904256
18333,8.869069
18354,8.723634
18375,8.723634
18396,8.740054
18417,8.681411
18438,8.524248
18459,8.575853
18480,8.489061
18501,8.378813
18522,8.446838
18543,8.324861
18564,8.284984
18585,8.146585
18606,8.116092
18627,8.087942
18648,8.083251
18669,8.069177
18690,8.01757
18711,8.172389
18732,8.233377
18753,8.235723
18774,8.432764
18795,8.582891
18816,8.737708
18837,8.974627
18858,9.176359
18879,9.24204
18900,9.375746
18921,9.441426
18942,9.56575
18963,9.701802
18984,9.786248
19005,9.882422
19026,9.980944
19047,10.00909
19068,10.11465
19089,10.12638
19110,10.14045
19131,10.23663
19152,10.41959
19173,10.37268
19194,10.43836
19215,10.59552
19236,10.49466
19257,10.67059
19278,10.82306
19299,10.78084
19320,10.70108
19341,10.90516
19362,10.79726
19383,10.81133
19404,10.69639
19425,10.63071
19446,10.70577
19467,10.58849
19488,10.49466
19509,10.23428
19530,10.31638
19551,10.43367
19573,10.31169
19595,10.18268
19616,10.02082
19637,10.09823
19658,10.23897
19679,10.2765
19700,10.06773
19721,9.908226
19742,9.80736
19763,9.809706
19784,9.788594
19805,9.849584
19826,9.802669
19847,9.732296
19868,9.722914
19889,9.854274
19910,9.875386
19931,10.03489
19952,9.992672
19973,10.13342
19994,10.18033
20015,10.18033
20036,10.31169
20057,10.46651
20078,10.37737
20099,10.37503
20120,10.42663
20141,10.47355
20162,10.61194
20183,10.42194
20204,10.51577
20225,10.34922
20246,10.35861
20267,10.47589
20288,10.43836
20309,10.37033
20330,10.33984
20351,10.40552
20372,10.31873
20393,10.31638
20414,10.38441
20435,10.31404
20456,10.32342
20477,10.31873
20498,10.48293
20519,10.4712
20540,10.43836
20561,10.42898
20582,10.57207
20603,10.69874
20624,10.75269
20645,10.72688
20666,10.7175
20687,10.74565
20708,10.68701
20729,10.69639
20750,10.60022
20771,10.56738
20792,10.56503
20813,10.51108
20834,10.39379
20855,10.41725
20876,10.36564
20897,10.39848
20918,10.45009
20939,10.39614
20960,10.41021
20981,10.42429
21002,10.51342
21023,10.54392
21044,10.6917
21065,10.72454
21086,10.77614
21107,10.80664
21128,10.80664
21149,10.81133
21170,10.89578
21191,10.87467
21212,10.88405
21233,10.96615
21254,11.128
21275,10.84886
21296,10.83713
21317,10.83244
21338,10.77849
21359,10.63306
21380,10.45244
21401,10.36564
21422,10.31638
21443,10.2812
21464,10.14984
21485,10.06539
21506,10.04897
21527,9.98798
21548,9.995018
21569,9.980944
21590,10.04662
21611,9.912917
21632,9.800323
21653,9.931683
21674,10.0044
21695,9.898843
21716,9.882422
21737,9.971561
21758,9.877731
21779,10.0044
21800,10.00206
21821,10.00909
21842,10.08181
21863,10.14749
21884,10.0865
21905,10.12872
21926,10.18971
21947,10.24132
21968,10.10996
21989,10.07477
22010,10.35861
22031,9.98329
22052,9.934029
22073,9.915263
22094,9.816743
22115,9.833163
22136,9.805015
22157,9.772174
22178,9.685382
22199,9.840199
22220,9.753407
22241,9.643159
22262,9.563404
22283,9.561059
22304,9.509453
22325,9.427352
22346,9.59859
22367,9.371055
22388,9.382783
22409,9.35698
22430,9.457847
22451,9.511798
22472,9.324141
22493,9.235003
22514,9.124753
22535,9.150557
22556,9.188088
22577,9.298337
22598,9.176359
22619,9.152903
22640,9.040307
22661,9.103642
22682,9.094258
22703,8.969935
22724,8.932404
22745,8.662645
22766,8.618076
22787,8.486716
22808,8.512519
22829,8.463259
22850,8.392887
22871,8.334244
22892,8.517211
22913,8.404615
22934,8.439801
22955,8.517211
22976,8.662645
22997,8.629806
23018,8.709559
23039,8.709559
23060,8.801044
23081,8.833883
23102,8.72598
23123,8.582891
23144,8.550051
23165,8.528939
23186,8.639189
23207,8.409307
23228,8.491407
23249,8.397578
23270,8.453876
23291,8.360046
23312,8.442147
23333,8.510174
23354,8.514865
23375,8.514865
23396,8.582891
23417,8.587582
23438,8.589928
23459,8.528939
23480,8.519556
23501,8.498445
23522,8.41869
23543,8.46795
23564,8.561779
23585,8.587582
23606,8.521902
23627,8.632151
23648,8.540668
23669,8.482024
23690,8.517211
23711,8.514865
23732,8.500791
23753,8.489061
23774,8.357701
23795,8.355355
23816,8.428073
23837,8.299058
23858,8.163006
23879,8.130166
23900,8.071522
23921,7.970656
23942,8.064485
23963,8.212266
23984,8.024608
24005,8.158315
24026,8.188808
24047,8.353009
24068,8.479678
24089,8.62746
24110,8.700177
24131,8.953515
24152,9.110679
24173,9.176359
24194,9.528218
24215,9.718222
24236,9.720568
24257,9.917608
24278,10.21786
24299,10.5838
24320,10.58145
24341,10.64478
24362,10.68701
24383,10.73158
24404,10.67997
24425,10.7996
24446,10.55565
24467,10.56738
24488,10.71516
24509,10.68232
24530,10.46416
24551,10.49935
24572,10.43601
24593,10.29292
24614,10.27416
24635,10.13811
24656,10.22021
24677,10.28354
24698,10.42898
24719,10.10761
24740,10.0044
24761,9.98798
24782,10.0865
24803,9.924646
24824,9.800323
24845,9.875386
24866,9.861312
24887,9.769828
24908,9.671308
24929,9.697111
24950,9.624393
24971,9.633776
24992,9.528218
25013,9.497724
25034,9.288955
25055,9.478958
25076,9.54933
25097,9.439081
25118,9.457847
25139,9.478958
25160,9.455501
25181,9.640813
25202,9.640813
25223,9.690074
25244,9.748716
25265,9.835509
25286,9.990326
25307,9.995018
25328,10.03959
25349,10.1428
25370,10.13107
25391,10.16156
25412,10.21083
25433,10.3328
25454,10.39848
25475,10.39379
25496,10.40552
25517,10.50169
25538,10.48528
25559,10.42429
25580,10.46182
25601,10.49935
25622,10.41256
25643,10.30231
25664,10.42898
25685,10.49466
25706,10.52046
25727,10.41256
25748,10.40083
25769,10.37268
25790,10.39848
25811,10.46182
25832,10.4712
25853,10.34453
25874,10.32342
25895,10.41959
25916,10.40083
25937,10.48293
25958,10.48997
25979,10.43367
26000,10.44305
26021,10.41959
26042,10.54626
26063,10.57207
26084,10.6096
26105,10.54861
26126,10.61429
26147,10.56268
26168,10.78787
26189,10.60491
26210,10.59552
26231,10.59083
26252,10.51577
26273,10.33984
26294,10.37972
26315,10.28589
26336,10.32576
26357,10.29996
26378,10.23194
26399,10.27181
26420,10.20848
26441,10.21317
26462,10.26712
26483,10.31638
26504,10.2812
26525,10.30465
26546,10.35861
26567,10.35626
26588,10.37268
26609,10.42898
26630,10.35626
26651,10.46651
26672,10.29292
26693,10.37972
26714,10.34922
26735,10.2249
26756,10.29292
26777,10.34453
26798,10.3633
26819,10.36564
26840,10.33515
26861,10.22255
26882,10.14984
26903,10.18033
26924,10.18737
26945,10.117
26966,10.03724
26987,10.04662
27008,9.938721
27029,9.966869
27050,9.931683
27071,9.971561
27092,9.945757
27113,9.952795
27134,10.06539
27155,9.997364
27176,9.995018
27197,10.01378
27218,10.13811
27239,10.18502
27260,10.27181
27281,10.30935
27302,10.33749
27323,10.47355
27344,10.43132
27365,10.52515
27386,10.58145
27407,10.54861
27428,10.54392
27449,10.58145
27470,10.46182
27491,10.46651
27512,10.50639
27533,10.40083
27554,10.24366
27575,10.21552
27596,10.12872
27617,10.06773
27638,10.04193
27659,9.98329
27680,9.948103
27701,9.704147
27722,9.727605
27743,9.812052
27764,9.683037
27785,9.563404
27806,9.514144
27827,9.471921
27848,9.502416
27869,9.478958
27890,9.326486
27911,9.373401
27932,9.35698
27953,9.403895
27974,9.413278
27995,9.464884
28016,9.605627
28037,9.626739
28058,9.638468
28079,9.607973
28100,9.51649
28121,9.676
28142,9.779211
28163,9.713531
28184,9.765137
28205,9.85662
28226,9.936375
28247,9.926992
28268,9.823779
28289,9.934029
28310,9.926992
28331,9.877731
28352,9.858966
28373,9.849584
28394,9.80736
28415,9.7581
28436,9.666616
28457,9.523527
28478,9.462538
28499,9.342906
28520,9.401549
28541,9.396858
28562,9.326486
28583,9.211545
28604,9.23031
28625,9.300683
28646,9.277225
28667,9.202163
28688,9.13179
28709,9.235003
28730,9.157594
28751,9.03327
28772,9.023888
28793,9.124753
28814,9.113025
28835,9.09895
28856,9.09895
28877,9.059073
28898,9.023888
28919,8.955861
28940,9.04969
28961,9.070802
28982,8.932404
29003,9.014504
29024,8.998084
29045,9.009813
29066,9.113025
29087,9.047344
29108,9.101295
29129,9.012158
29150,9.148211
29171,9.03327
29192,8.991047
29213,9.148211
29234,9.141173
29255,9.091913
29276,9.157594
29297,9.166977
29318,9.206854
29339,9.244386
29360,9.300683
29381,9.232656
29402,9.152903
29423,9.263151
29444,9.183396
29465,9.202163
29486,9.321795
29507,9.295992
29528,9.15994
29549,9.150557
29570,9.080185
29591,9.183396
29612,9.237348
29633,9.197471
29654,9.223273
29675,9.15994
29696,9.260805
29717,9.335869
29738,9.279572
29759,9.331178
29780,9.27488
29801,9.378092
29822,9.471921
29843,9.50007
29864,9.453156
29885,9.460192
29906,9.467229
29927,9.392166
29948,9.441426
29969,9.439081
29990,9.366363
30011,9.399203
30032,9.349943
30053,9.279572
30074,9.380438
30095,9.256114
30116,9.256114
30137,9.251423
30158,9.220928
30179,9.253768
30200,9.213891
30221,9.13179
30242,9.199817
30263,9.176359
30284,9.202163
30305,9.129445
30327,9.237348
30350,9.314757
30371,9.34056
30392,9.27488
30413,9.288955
30434,9.495378
30455,9.493032
30476,9.542293
30497,9.584516
30518,9.680691
30539,9.80736
30560,9.793285
30581,9.812052
30602,9.901189
30623,9.858966
30644,9.840199
30665,9.814397
30686,9.80736
30707,9.816743
30728,9.814397
30749,9.809706
30770,9.694765
30791,9.844892
30812,9.884768
30833,9.812052
30854,9.788594
30875,9.931683
30896,9.952795
30917,9.971561
30938,9.896498
30959,9.87304
30980,9.934029
31001,9.9223
31022,9.910572
31043,9.884768
31064,9.950449
31085,9.866002
31106,9.934029
31127,10.00206
31148,9.943413
31170,9.744025
31191,9.858966
31212,9.929338
31233,9.828471
31254,9.589207
31275,9.617355
31296,9.687728
31317,9.654888
31338,9.61501
31359,9.636122
31380,9.739333
31401,9.624393
31422,9.671308
31443,9.704147
31464,9.636122
31485,9.678345
31506,9.823779
31527,9.858966
31548,9.814397
31569,9.828471
31590,9.894152
31611,9.835509
31632,9.955141
31653,9.962177
31674,9.973906
31695,10.01848
31716,10.12638
31737,10.10761
31758,10.07243
31779,10.09823
31800,10.21317
31821,10.34688
31842,10.21552
31863,10.2507
31884,10.18033
31905,10.31873
31926,10.41021
31947,10.36095
31968,10.31638
31989,10.24366
32010,10.34922
32031,10.33749
32052,10.307
32073,10.19206
32094,10.22255
32115,10.23663
32136,10.27885
32157,10.26478
32178,10.15453
32199,10.27885
32220,10.31404
32241,10.2249
32262,10.17095
32283,10.25305
32304,10.36564
32325,10.2765
32346,10.3633
32367,10.32107
32388,10.31638
32409,10.30231
32430,10.20379
32451,10.30465
32472,10.34922
32493,10.35861
32514,10.39614
32535,10.33515
32556,10.22255
32577,10.31404
32598,10.26243
32619,10.21786
32640,10.1428
32661,10.24836
32682,10.19441
32703,10.11934
32724,10.16626
32745,10.21552
32766,10.20379
32787,10.24601
32808,10.21786
32829,10.23897
32850,10.22725
32871,10.22725
32892,10.29058
32913,10.19441
32934,10.21552
32955,10.98022
32976,10.03724
32997,10.22021
33018,10.26478
33039,10.59318
33060,10.32576
33081,10.4712
33102,10.36564
33123,10.43132
33144,10.45244
33165,10.41959
33186,10.36564
33207,10.32107
33228,10.31404
33249,10.25305
33270,10.25774
33291,10.22959
33312,10.27416
33333,10.26008
33354,10.33749
33375,10.31873
33396,10.35157
33417,10.37268
33438,10.48997
33459,10.52281
33480,10.60725
33501,10.6917
33522,10.62836
33543,10.48528
33564,10.53453
33585,10.47355
33606,10.58145
33627,10.65417
33648,10.63775
33669,10.58614
33690,10.52984
33711,10.40083
33732,10.37737
33753,10.40083
33774,10.46651
33795,10.42663
33816,10.32811
33837,10.37503
33858,10.20144
33879,10.45009
33900,10.14045
33921,10.24366
33942,10.18737
33963,10.117
33984,10.14749
34005,10.18737
34026,10.35391
34047,10.08885
34068,10.15453
34089,10.24601
34110,10.15453
34131,10.10996
34152,10.24132
34173,10.18737
34194,10.21552
34215,10.30935
34236,10.1428
34257,10.07712
34278,10.0865
34299,10.00675
34320,10.09354
34341,10.04193
34362,9.957487
34383,9.995018
34404,10.03255
34425,9.812052
34446,9.795631
34467,9.896498
34488,9.678345
34509,9.643159
34530,9.521181
34551,9.450809
34572,9.425007
34593,9.368709
34614,9.396858
34635,9.321795
34656,9.225619
34677,9.284263
34698,9.141173
34719,9.279572
34740,9.298337
34761,9.218582
34782,9.113025
34803,9.101295
34824,9.162285
34845,9.249077
34866,9.326486
34887,9.284263
34908,9.190434
34929,9.223273
34950,9.359325
34971,9.528218
34992,9.450809
35013,9.48834
35034,9.410933
35055,9.420315
35076,9.443772
35097,9.385129
35118,9.23031
35139,9.181051
35160,9.063765
35181,8.918329
35202,8.862032
35223,8.944133
35244,8.899564
35265,8.664991
35286,8.72598
35307,8.737708
35328,8.878452
35349,8.869069
35370,8.915984
35391,8.991047
35412,9.15994
35433,9.171668
35454,9.319448
35475,9.2092
35496,9.359325
35517,9.371055
35538,9.293646
35559,9.265497
35580,9.368709
35601,9.368709
35622,9.288955
35643,9.216236
35664,9.164631
35685,9.202163
35706,9.103642
35727,9.127099
35748,9.127099
35769,9.080185
35790,9.145865
35811,9.070802
35832,9.066111
35853,9.171668
35874,9.138828
35895,9.103642
35916,8.974627
35937,9.134136
35958,9.021542
35979,9.056727
36000,9.061419
36021,9.197471
36042,9.256114
36063,9.295992
36084,9.300683
36105,9.25846
36126,9.143519
36147,9.244386
36168,9.218582
36189,9.108333
36210,9.113025
36231,9.164631
36252,9.042653
36273,8.939441
36294,8.90191
36315,8.810426
36336,8.784623
36357,8.768204
36378,8.662645
36399,8.770549
36420,8.735363
36441,8.772895
36462,8.737708
36483,8.899564
36504,8.915984
36525,8.857341
36546,8.862032
36567,8.979319
36588,9.00043
36609,9.052036
36630,9.181051
36651,9.171668
36672,9.305374
36693,9.239694
36714,9.396858
36735,9.59859
36756,9.521181
36777,9.495378
36798,9.607973
36819,9.575133
36840,9.659579
36861,9.708839
36882,9.58217
36903,9.502416
36924,9.66427
36945,9.521181
36966,9.288955
36987,9.460192
37008,9.481303
37029,9.312411
37050,9.40624
37071,9.471921
37092,9.525873
37113,9.546985
37134,9.382783
37155,9.387475
37176,9.577478
37197,9.401549
37218,9.422661
37239,9.462538
37260,9.469575
37281,9.481303
37302,9.485995
37323,9.366363
37344,9.293646
37365,9.539948
37386,9.563404
37407,9.460192
37428,9.514144
37449,9.619701
37470,9.659579
37491,9.736988
37512,9.668962
37533,9.666616
37554,9.828471
37575,9.889461
37596,9.896498
37617,9.830817
37638,9.802669
37659,9.837853
37680,9.826125
37701,9.772174
37722,9.760445
37743,9.732296
37764,9.713531
37785,9.769828
37806,9.805015
37827,9.800323
37848,9.589207
37869,9.654888
37890,9.739333
37911,9.821435
37932,9.868348
37953,9.79094
37974,9.823779
37995,9.844892
38016,9.917608
38037,9.976252
38058,9.990326
38079,9.945757
38100,10.06773
38121,10.00675
38142,10.02786
38163,10.16156
38184,10.14984
38205,10.1991
38226,10.07477
38247,10.05835
38268,10.10058
38289,10.13576
38310,10.24601
38331,10.24601
38352,10.25774
38373,10.34219
38394,10.31873
38415,10.41725
38436,10.47824
38457,10.50639
38478,10.59083
38499,10.48762
38520,10.54157
38541,10.55565
38562,10.69639
38583,10.73392
38604,10.75738
38625,10.64713
38646,10.57441
38667,10.57441
38688,10.55799
38709,10.40552
38730,10.5533
38751,10.57441
38772,10.51108
38793,10.48058
38814,10.43132
38835,10.39614
38856,10.37972
38877,10.33984
38898,10.40317
38919,10.55565
38940,10.46651
38961,10.37972
38982,10.46651
39003,10.45713
39024,10.4712
39045,10.57207
39066,10.54626
39087,10.75503
39108,10.75034
39129,10.86997
39150,10.74096
39171,10.748
39192,10.79726
39213,10.68232
39234,10.73861
39255,10.76676
39276,10.748
39297,10.84886
39318,10.64009
39339,10.61429
39360,10.307
39381,10.48762
39402,10.41021
39423,10.42194
39444,10.53219
39465,10.45947
39486,10.49231
39507,10.35861
39528,10.18971
39549,10.31638
39570,10.37033
39591,10.51108
39612,10.62367
39633,10.49466
39654,10.65182
39675,11.27578
39696,10.64244
39717,10.63306
39738,10.59787
39759,10.55799
39780,10.74565
39801,10.66121
39822,10.6917
39843,10.82071
39864,10.80429
39885,10.64947
39906,10.70577
39927,10.83948
39948,10.65417
39969,10.51108
39990,10.36095
40011,10.14984
40032,10.48997
40053,10.22959
40074,10.1991
40095,10.19441
40116,10.08416
40137,9.992672
40158,9.87304
40179,9.793285
40200,9.793285
40221,9.673654
40242,9.685382
40263,9.661925
40284,9.711185
40305,9.835509
40326,9.901189
40347,9.912917
40368,9.835509
40389,9.950449
40410,9.795631
40431,9.837853
40452,9.919954
40473,9.894152
40494,9.826125
40515,9.697111
40536,9.708839
40557,9.523527
40578,9.467229
40599,9.286609
40620,9.157594
40641,9.185742
40662,9.110679
40683,9.129445
40704,9.019196
40725,8.873761
40746,9.063765
40767,9.218582
40788,9.103642
40809,9.047344
40830,9.134136
40851,9.413278
40872,9.504761
40893,9.495378
40914,9.403895
40935,9.371055
40956,9.335869
40977,9.279572
40998,9.178705
41019,9.272534
41040,8.991047
41061,8.958207
41082,8.869069
41103,8.829192
41124,8.833883
41145,8.862032
41166,8.854995
41187,8.798697
41208,8.822155
41229,8.768204
41250,8.812772
41271,8.653263
41292,8.629806
41313,8.641534
41334,8.679066
41355,8.704868
41376,8.768204
41397,8.869069
41418,8.798697
41439,8.854995
41460,8.906601
41481,8.944133
41502,8.995738
41523,9.047344
41544,9.091913
41565,9.096604
41586,9.042653
41607,9.028579
41628,9.009813
41649,9.040307
41670,8.878452
41691,8.948824
41712,8.880798
41733,8.866723
41754,8.786969
41775,8.756474
41796,8.707214
41817,8.707214
41838,8.648571
41859,8.751783
41880,8.836229
41901,8.763512
41922,8.718943
41943,8.803389
41964,8.880798
41985,8.873761
42006,8.897219
42027,8.90191
42048,8.908947
42069,8.883143
42090,8.913638
42111,8.845612
42132,8.93475
42153,8.876106
42174,8.930058
42195,8.869069
42216,8.915984
42237,8.822155
42258,8.857341
42279,8.836229
42300,8.744746
42321,8.608693
42342,8.655608
42363,8.552396
42384,8.531285
42405,8.56647
42426,8.46795
42447,8.273255
42468,8.432764
42489,8.503136
42510,8.425727
42531,8.449184
42552,8.557088
42573,8.674374
42594,8.679066
42615,8.906601
42636,8.894873
42657,9.00043
42678,9.09895
42699,9.124753
42720,9.40624
42741,9.903535
42762,10.48293
42783,10.2249
42804,9.945757
42825,10.40552
42846,10.86294
42867,10.74096
42888,10.74096
42909,10.96146
42930,10.95442
42951,10.67528
42972,10.77849
42993,10.68935
43014,10.77849
43035,10.66355
43056,10.44305
43077,10.32342
43098,10.50639
43119,10.35391
43140,10.15453
43161,10.03959
43182,9.929338
43203,10.1991
43224,10.26008
43245,10.13576
43266,10.02082
43287,9.934029
43308,9.980944
43329,9.849584
43350,9.964523
43371,9.783903
43392,9.781557
43413,9.866002
43434,9.844892
43455,9.741679
43476,9.624393
43497,9.715877
43518,9.701802
43539,9.692419
43560,9.603281
43581,9.751062
43602,9.821435
43623,9.952795
43644,10.00206
43665,9.887115
43686,9.858966
43707,10.04428
43728,10.22021
43749,10.11465
43770,10.20848
43791,10.23663
43812,10.2765
43833,10.26712
43854,10.3891
43875,10.41959
43896,10.48058
43917,10.45947
43938,10.48528
43959,10.52046
43980,10.49231
44001,10.54861
44022,10.59083
44043,10.66121
44064,10.54626
44085,10.65182
44106,10.71281
44127,10.64713
44148,10.58849
44169,10.56972
44190,10.6096
44211,10.67762
44232,10.59552
44253,10.58614
44274,10.55799
44295,10.63775
44316,10.64478
44337,10.53453
44358,10.46416
44379,10.54392
44400,10.51342
44421,10.48762
44442,10.48762
44463,10.44305
44484,10.48058
44505,10.59318
44526,10.50873
44547,10.52281
44568,10.38675
44589,10.55565
44610,10.3891
44631,10.51108
44652,10.46416
44673,10.42429
44694,10.37268
44715,10.45478
44736,10.36095
44757,10.33046
44778,10.43601
44799,10.39145
44820,10.31169
44841,10.41725
44862,10.40552
44883,10.43367
44904,10.36799
44925,10.37737
44946,10.16156
44967,10.30935
44988,10.16626
45009,10.26712
45030,10.24366
45051,10.22021
45072,10.14749
45093,10.05132
45114,10.12169
45135,9.931683
45156,10.04662
45177,9.959831
45198,10.06305
45219,10.08885
45240,10.0607
45261,10.01613
45282,10.11465
45303,9.985635
45324,10.01144
45345,10.05366
45366,10.1686
45387,10.1428
45408,10.0865
45429,10.09354
45450,9.945757
45471,10.00206
45492,10.01848
45513,10.08416
45534,10.09823
45555,10.03959
45576,10.02082
45597,9.912917
45618,10.12872
45639,10.03724
45660,10.07946
45681,10.0044
45702,10.00675
45723,9.919954
45744,9.87304
45765,10.06305
45786,9.980944
45807,9.985635
45828,10.12872
45849,10.18268
45870,10.05601
45891,9.919954
45912,10.05601
45933,10.117
45954,10.13811
45975,10.13107
45996,10.25539
46017,10.46885
46038,10.23663
46059,10.23897
46080,10.21552
46101,10.57207
46122,10.40083
46143,10.41256
46164,10.43601
46185,10.66121
46206,10.68232
46227,10.6917
46248,10.66355
46269,10.67997
46290,10.8559
46311,10.67762
46332,10.76911
46353,10.75738
46374,10.64713
46395,10.59552
46416,10.64244
46437,10.39379
46458,10.35391
46479,10.22725
46500,10.39379
46521,10.33046
46542,10.12169
46563,9.976252
46584,9.962177
46605,9.924646
46626,9.948103
46647,9.877731
46668,9.854274
46689,9.851928
46710,9.767483
46731,9.802669
46752,9.884768
46773,9.554022
46794,9.066111
46815,9.178705
46836,9.368709
46857,9.434389
46878,9.136482
46899,9.211545
46920,9.120062
46941,9.002776
46962,8.911292
46983,8.786969
47004,8.803389
47025,8.98401
47046,8.955861
47067,8.777586
47088,8.892527
47109,8.962898
47130,8.955861
47151,8.876106
47172,8.876106
47193,8.925366
47214,8.892527
47235,8.890181
47256,8.885489
47277,8.829192
47298,8.890181
47319,8.899564
47340,8.932404
47361,8.854995
47382,8.962898
47403,8.967589
47424,8.932404
47445,8.941787
47466,9.030925
47487,8.948824
47508,9.00043
47529,9.134136
47550,9.150557
47571,9.199817
47592,9.256114
47613,9.298337
47634,9.286609
47655,9.349943
47676,9.333523
47697,9.401549
47718,9.324141
47739,9.380438
47760,9.41797
47781,9.394512
47802,9.387475
47823,9.50007
47844,9.476612
47865,9.535255
47886,9.40624
47907,9.568096
47928,9.622047
47949,9.568096
47970,9.542293
47991,9.476612
48012,9.577478
48033,9.59859
48054,9.586862
48075,9.48834
48096,9.413278
48117,9.387475
48138,9.460192
48159,9.509453
48180,9.511798
48201,9.425007
48222,9.403895
48243,9.403895
48264,9.387475
48285,9.462538
48306,9.364017
48327,9.347597
48348,9.364017
48369,9.267843
48390,9.352288
48411,9.361671
48432,9.270188
48453,9.27488
48474,9.265497
48495,9.23031
48516,9.181051
48537,9.2092
48558,9.145865
48579,9.145865
48600,9.124753
48621,9.087222
48642,8.988701
48663,9.030925
48684,8.927712
48705,8.808081
48726,8.864378
48747,8.812772
48768,8.796351
48789,8.789314
48810,8.573507
48831,8.599311
48852,8.636843
48873,8.503136
48894,8.514865
48915,8.444492
48936,8.496099
48957,8.442147
48978,8.404615
48999,8.334244
49020,8.474987
49041,8.503136
49062,8.442147
49083,8.521902
49104,8.697831
49125,8.920675
49146,9.094258
49167,9.216236
49188,9.298337
49209,9.408587
49230,9.467229
49251,9.56575
49272,9.704147
49293,9.732296
49314,9.842546
49335,9.61501
49356,9.732296
49377,9.795631
49398,9.687728
49419,9.812052
49440,9.992672
49461,9.800323
49482,9.973906
49503,9.990326
49524,10.05366
49545,10.12638
49566,10.02317
49587,10.13576
49608,10.29058
49629,10.30935
49650,10.23897
49671,10.30935
49692,10.45244
49713,10.19675
49734,10.11465
49755,10.32107
49776,10.39848
49797,10.17564
49818,9.943413
49839,9.734642
49860,9.934029
49881,10.19675
49902,10.38441
49923,10.16391
49944,10.27416
49965,10.45947
49986,10.67997
50007,10.57676
50028,10.62602
50049,10.73861
50070,10.86997
50091,10.90281
50112,10.89578
50133,10.90751
50154,10.89812
50175,10.8301
50196,10.77145
50217,10.64713
50238,10.64009
50259,10.51342
50280,10.53453
50301,10.44305
50322,10.28589
50343,10.20848
50364,10.10761
50385,10.16156
50406,10.10761
50427,10.18033
50448,10.17095
50469,10.1123
50490,10.01848
50511,10.1123
50532,10.04428
50553,10.02786
50574,10.06539
50595,10.10996
50616,10.09823
50637,10.1686
50658,10.09588
50679,10.05366
50700,10.10996
50721,10.15218
50742,10.22959
50763,10.29058
50784,10.29292
50805,10.40787
50826,10.37268
50847,10.39379
50868,10.43836
50889,10.45478
50910,10.48058
50931,10.49935
50952,10.45244
50973,10.46885
50994,10.54157
51015,10.52281
51036,10.50404
51057,10.49935
51078,10.50873
51099,10.54861
51120,10.51108
51141,10.58849
51162,10.5838
51183,10.64009
51204,10.66121
51225,10.76911
51246,10.7175
51267,10.73158
51288,10.7738
51309,10.75269
51330,10.76911
51351,10.73392
51372,10.65417
51393,10.72219
51414,10.90751
51435,11.05998
51456,10.74331
51477,10.65417
51498,10.73392
51519,9.708839
51540,10.29292
51561,10.47355
51582,10.47824
51603,10.6096
51624,10.47589
51645,10.43132
51666,10.47355
51687,10.3891
51708,10.4149
51729,10.41021
51750,10.43367
51771,10.4454
51792,10.5533
51813,10.48528
51837,10.48528
51862,10.50404
51883,10.6917
51904,10.52984
51925,10.58145
51946,10.61898
51967,10.67762
51988,10.64244
52009,10.64713
52030,10.65886
52051,10.63306
52072,10.53923
52093,10.71281
52114,10.70577
52135,10.63775
52156,10.55096
52177,10.65886
52198,10.64947
52219,10.68466
52240,10.56972
52261,10.43132
52282,10.45713
52303,10.45478
52324,10.33515
52345,10.34219
52366,10.17095
52387,10.07712
52408,10.04428
52429,9.995018
52450,9.884768
52471,9.772174
52492,9.652542
52513,9.579824
52534,9.671308
52555,9.511798
52576,9.537601
52597,9.558713
52618,9.561059
52639,9.335869
52660,9.333523
52681,9.556367
52702,9.403895
52723,9.077839
52744,8.864378
52765,9.073148
52786,9.35698
52807,9.176359
52828,8.854995
52849,8.880798
52870,9.009813
52891,8.878452
52912,8.831537
52933,8.796351
52954,8.803389
52975,8.751783
52996,8.688448
53017,8.737708
53038,8.8245
53059,8.850304
53080,8.681411
53101,8.754128
53122,8.817463
53143,8.810426
53164,8.819809
53185,8.845612
53206,8.819809
53227,8.878452
53248,8.911292
53269,8.918329
53290,8.908947
53311,8.974627
53332,8.927712
53353,8.887836
53374,8.995738
53395,9.047344
53416,9.096604
53437,9.122408
53458,9.061419
53479,9.096604
53501,9.206854
53522,9.277225
53543,9.174014
53564,9.197471
53585,9.267843
53606,9.256114
53627,9.256114
53648,9.223273
53669,9.331178
53690,9.298337
53711,9.319448
53732,9.448463
53753,9.443772
53774,9.439081
53795,9.446118
53816,9.511798
53837,9.572787
53858,9.53291
53879,9.469575
53900,9.385129
53921,9.453156
53942,9.50007
53963,9.392166
53984,9.319448
54005,9.345251
54026,9.263151
54047,9.284263
54068,9.324141
54089,9.25846
54110,9.321795
54131,9.181051
54152,9.174014
54173,9.188088
54194,9.235003
54215,9.141173
54236,9.166977
54257,9.141173
54278,9.176359
54299,9.218582
54320,9.178705
54341,9.211545
54362,9.176359
54383,9.162285
54404,9.166977
54425,9.084876
54446,9.080185
54467,9.077839
54488,9.094258
54509,9.03327
54530,8.923021
54551,8.90191
54572,8.918329
54593,8.8245
54614,8.657954
54635,8.622768
54656,8.67672
54677,8.716597
54698,8.744746
54719,8.582891
54740,8.543014
54761,8.641534
54782,8.587582
54803,8.641534
54824,8.756474
54845,8.758821
54866,8.789314
54887,8.876106
54908,8.965244
54929,9.023888
54950,9.002776
54971,9.13179
54992,9.120062
55013,9.361671
55034,9.58217
55055,9.826125
55076,9.544639
55097,9.66427
55118,9.821435
55139,9.783903
55160,9.694765
55181,9.85662
55202,10.07008
55223,9.910572
55244,10.00206
55265,9.941067
55286,10.07477
55307,10.01144
55328,10.16391
55349,10.21317
55370,10.08416
55391,10.11934
55412,10.22021
55433,10.14045
55454,10.0044
55475,10.04428
55496,10.22725
55517,10.22725
55538,10.14514
55559,10.15218
55580,10.2765
55601,10.24366
55622,10.307
55643,10.32576
55664,10.18737
55685,10.15453
55706,10.24836
55727,10.18971
55748,10.25305
55769,10.33749
55790,10.32342
55811,10.3328
55832,10.34922
55853,10.40552
55874,10.18502
55895,10.10761
55916,10.20379
55937,10.19675
55958,10.30465
55979,10.38675
56000,10.41959
56021,10.32576
56042,10.19206
56063,10.24132
56084,10.36799
56105,10.15687
56126,10.21552
56147,10.28354
56168,10.31404
56189,10.24132
56210,10.29058
56231,10.31404
56252,10.38206
56273,10.33515
56294,10.25305
56315,10.34688
56336,10.35626
56357,10.38206
56378,10.30465
56399,10.21552
56420,10.1991
56441,10.24366
56462,10.26712
56483,10.38441
56504,10.36799
56525,10.38206
56546,10.29292
56567,10.37503
56588,10.42898
56609,10.41021
56630,10.39848
56651,10.38441
56672,10.37268
56693,10.55799
56714,10.47824
56735,10.46651
56756,10.43367
56777,10.49935
56798,10.43601
56819,10.54626
56840,10.5791
56861,10.49231
56882,10.45478
56903,10.46416
56924,10.46651
56945,10.4454
56966,10.46885
56987,10.54626
57008,10.4149
57029,10.4454
57050,10.36799
57071,10.36564
57092,10.32576
57113,10.29762
57134,10.40317
57155,10.51342
57176,10.31638
57197,10.34922
57218,10.34688
57239,10.22959
57260,10.20848
57281,10.19675
57302,10.21552
57323,10.25305
57344,10.34922
57365,10.27885
57386,10.23194
57407,10.08416
57428,10.09588
57449,9.985635
57470,9.980944
57491,9.985635
57512,10.02317
57533,10.00675
57554,10.09588
57575,10.16156
57596,10.05132
57617,10.04897
57638,10.0607
57659,10.11934
57680,10.14749
57701,10.14984
57722,10.18502
57743,10.2507
57764,10.19441
57785,10.11934
57806,10.33515
57827,10.24132
57848,10.33515
57869,10.37033
57890,10.34453
57911,10.28354
57932,10.3633
57953,10.47589
57974,10.43601
57995,10.50639
58016,10.37503
58037,10.40552
58058,10.4149
58079,10.49935
58100,10.43836
58121,10.35391
58142,10.43367
58163,10.3891
58184,10.47589
58205,10.69639
58226,10.34453
58247,10.46182
58268,10.46416
58289,10.62602
58310,10.52515
58331,10.41725
58352,10.61429
58373,10.35626
58394,10.54157
58415,10.55799
58436,10.38206
58457,10.41959
58478,10.4149
58499,10.51577
58520,10.35626
58541,10.43836
58562,10.46416
58583,10.40787
58604,10.43836
58625,10.41256
58646,10.44774
58667,10.29762
58688,10.14514
58709,10.15687
58730,9.98329
58751,9.823779
58772,9.901189
58793,9.605627
58814,9.476612
58835,9.502416
58856,9.467229
58877,9.321795
58898,9.279572
58919,9.218582
58940,9.227965
58961,9.197471
58982,9.075493
59003,9.237348
59024,9.204508
59045,9.225619
59066,9.138828
59087,9.174014
59108,9.084876
59129,9.09895
59150,9.052036
59171,9.068456
59192,9.087222
59213,9.190434
59234,9.185742
59255,9.124753
59276,9.23031
59297,9.277225
59318,9.202163
59339,8.993393
59360,9.019196
59381,9.204508
59402,9.286609
59423,9.115371
59444,9.136482
59465,9.265497
59486,9.333523
59507,9.314757
59528,9.272534
59549,9.293646
59570,9.425007
59591,9.528218
59612,9.530564
59633,9.288955
59654,9.202163
59675,9.439081
59696,9.338214
59717,9.303029
59738,9.30772
59759,9.34056
59780,9.368709
59801,9.211545
59822,9.249077
59843,9.40624
59864,9.368709
59885,9.345251
59906,9.253768
59927,9.25846
59948,9.34056
59969,9.347597
59990,9.267843
60011,9.270188
60032,9.216236
60053,9.293646
60074,9.183396
60095,9.23031
60116,9.127099
60137,9.113025
60158,9.169322
60179,9.127099
60200,9.162285
60221,9.169322
60242,9.077839
60263,9.014504
60284,8.969935
60305,8.965244
60326,8.998084
60347,8.923021
60368,8.976973
60389,8.976973
60410,8.84092
60431,8.833883
60452,8.740054
60473,8.772895
60494,8.728326
60515,8.700177
60536,8.7424
60557,8.688448
60578,8.737708
60599,8.735363
60620,8.770549
60641,8.749437
60662,8.664991
60683,8.733017
60704,8.864378
60725,8.941787
60746,8.93475
60767,8.962898
60788,9.042653
60809,9.070802
60830,9.105988
60851,9.199817
60872,9.305374
60893,9.2913
60914,9.2913
60935,9.30772
60956,9.38982
60977,9.387475
60998,9.446118
61019,9.272534
61040,9.265497
61061,9.319448
61082,9.300683
61103,9.542293
61124,9.589207
61145,9.51649
61166,9.521181
61187,9.48834
61208,9.617355
61229,9.739333
61250,9.690074
61271,9.826125
61292,9.992672
61313,10.04428
61334,10.00675
61355,10.20848
61376,10.26947
61397,10.3633
61418,10.30935
61439,10.21786
61460,10.23194
61481,10.28589
61502,10.33984
61523,10.15218
61544,10.13342
61565,10.04897
61586,10.03489
61607,10.0302
61628,9.959831
61649,9.98329
61670,9.952795
61691,9.828471
61712,9.765137
61733,9.842546
61754,9.929338
61775,9.772174
61796,9.530564
61817,9.622047
61838,9.697111
61859,9.767483
61880,9.704147
61901,9.514144
61922,9.631431
61943,9.741679
61964,9.861312
61985,9.835509
62006,9.694765
62027,9.797977
62048,9.809706
62069,9.812052
62090,9.903535
62111,9.938721
62132,9.866002
62153,9.779211
62174,9.7581
62195,9.9223
62216,9.79094
62237,9.945757
62258,9.910572
62279,9.955141
62300,10.02786
62321,10.0607
62342,10.13342
62363,10.13342
62384,10.15453
62405,10.07477
62426,10.26712
62447,10.31873
62468,10.33515
62489,10.36564
62510,10.45244
62531,10.50873
62552,10.52515
62573,10.52046
62594,10.48762
62615,10.53923
62636,10.497
62657,10.55565
62678,10.52515
62699,10.59318
62720,10.43836
62741,10.39848
62762,10.31404
62783,10.29292
62804,10.3633
62825,10.29527
62846,10.30465
62867,10.37503
62888,10.32811
62909,10.33515
62930,10.26008
62951,10.32811
62972,10.27885
62993,10.30465
63014,10.4454
63035,10.40083
63056,10.4454
63077,10.37268
63098,10.40083
63119,10.4149
63140,10.4454
63161,10.39145
63182,10.34453
63203,10.33046
63224,10.37972
63245,10.44071
63266,10.40317
63287,10.34219
63308,10.40787
63329,10.48997
63350,10.46182
63371,10.40552
63392,10.39145
63413,10.42898
63434,10.45478
63455,10.51342
63476,10.55096
63497,10.52515
63518,10.5275
63539,10.48997
63560,10.42663
63581,10.47355
63602,10.52046
63623,10.55565
63644,10.61429
63665,10.6917
63686,10.48293
63707,10.6354
63728,10.56268
63749,10.39614
63770,10.5275
63791,10.48058
63812,10.53688
63833,10.47355
63854,10.5791
63875,10.51577
63896,10.5275
63917,10.51342
63938,10.46651
63959,10.40552
63980,10.37972
64001,10.47589
64022,10.4712
64043,10.75503
64064,10.45009
64085,10.45713
64106,10.44071
64127,10.43367
64148,10.44071
64169,10.56034
64190,10.47824
64211,10.53923
64232,10.51811
64253,10.53923
64274,10.55565
64295,10.48293
64316,10.50639
64337,10.62836
64358,10.61664
64379,10.53219
64400,10.51577
64421,10.49231
64442,10.61429
64463,10.56738
64484,10.61194
64505,10.62367
64526,10.56972
64547,10.50169
64568,10.48293
64589,10.497
64610,10.54861
64631,10.45009
64652,10.36799
64673,10.36564
64694,10.26712
64715,10.26947
64736,10.18737
64757,10.10996
64778,9.966869
64799,9.837853
64820,9.673654
64841,9.53291
64862,9.476612
64883,9.497724
64904,9.319448
64925,9.199817
64946,9.169322
64967,9.260805
64988,9.251423
65009,9.145865
65030,9.023888
65051,9.054381
65072,9.110679
65093,9.138828
65114,9.211545
65135,9.08253
65156,9.005121
65177,9.059073
65198,9.091913
65219,9.096604
65240,9.094258
65261,9.063765
65282,9.235003
65303,9.059073
65324,9.068456
65345,9.246731
65366,9.227965
65387,9.084876
65408,9.047344
65429,9.305374
65450,9.368709
65471,9.321795
65492,9.141173
65513,9.338214
65534,9.471921
65555,9.399203
65576,9.305374
65597,9.246731
65618,9.35698
65639,9.317103
65660,9.263151
65681,9.298337
65702,9.335869
65723,9.413278
65744,9.204508
65765,9.124753
65786,9.166977
65807,9.152903
65828,9.202163
65849,9.19278
65870,9.328832
65891,9.218582
65912,9.183396
65933,9.235003
65954,9.256114
65975,9.277225
65996,9.326486
66017,9.30772
66038,9.361671
66059,9.396858
66080,9.436735
66101,9.331178
66122,9.295992
66143,9.281918
66164,9.34056
66185,9.267843
66206,9.279572
66227,9.368709
66248,9.25846
66269,9.319448
66290,9.326486
66311,9.267843
66332,9.136482
66353,9.105988
66374,9.169322
66395,9.061419
66416,9.03327
66437,9.094258
66458,9.115371
66479,9.113025
66500,9.129445
66521,9.068456
66542,9.026234
66563,8.939441
66584,8.859686
66605,8.850304
66626,8.897219
66647,8.890181
66668,8.859686
66689,8.805735
66710,8.801044
66731,8.808081
66752,8.700177
66773,8.655608
66794,8.543014
66815,8.531285
66836,8.64388
66857,8.758821
66878,8.646226
66899,8.571162
66920,8.611039
66941,8.406961
66962,8.263872
66983,8.219303
67004,8.254489
67025,8.242761
67046,8.341281
67067,8.350664
67088,8.421036
67109,8.381159
67130,8.552396
67151,8.629806
67172,8.847958
67193,8.657954
67214,9.084876
67235,9.00043
67256,9.321795
67277,9.528218
67298,9.50007
67319,9.50007
67340,9.744025
67361,10.02551
67382,9.999709
67403,9.98329
67424,10.00206
67445,9.966869
67466,10.02317
67487,10.09823
67508,10.12638
67529,10.01144
67550,9.931683
67571,9.945757
67592,9.990326
67613,10.14514
67634,10.20613
67655,10.16156
67676,10.25774
67697,10.39379
67718,10.38441
67739,10.34219
67760,10.47355
67781,10.46651
67802,10.49935
67823,10.36095
67844,10.28589
67865,10.31169
67886,10.32107
67907,10.24366
67928,10.117
67949,10.22255
67970,10.117
67991,10.16156
68012,10.31638
68033,10.12169
68054,10.08885
68075,10.18737
68096,10.13342
68117,10.20144
68138,10.20379
68159,10.42429
68180,10.54861
68201,10.4712
68222,10.35626
68243,10.41959
68264,10.48997
68285,10.46416
68306,10.50169
68327,10.39848
68348,10.48762
68369,10.56503
68390,10.4149
68411,10.50639
68432,10.56972
68453,10.60256
68474,10.53219
68495,10.37737
68516,10.35391
68537,10.41021
68558,10.49466
68579,10.49935
68600,10.60256
68621,10.5791
68642,10.67293
68663,10.66355
68684,10.64244
68705,10.73861
68726,10.71985
68747,10.75269
68768,10.73158
68789,10.77614
68810,10.69874
68831,10.70108
68852,10.66121
68873,10.55565
68894,10.59787
68915,10.58614
68936,10.5791
68957,10.497
68978,10.57676
68999,10.57676
69020,10.62836
69041,10.51108
69062,10.56268
69083,10.51811
69104,10.497
69125,10.55096
69146,10.52515
69167,10.50873
69188,10.54392
69209,10.63775
69230,10.65651
69251,10.58614
69272,10.72923
69293,10.62836
69314,10.65182
69335,10.5791
69356,10.57676
69377,10.5275
69398,10.51811
69419,10.57441
69440,10.5791
69461,10.45947
69482,10.50639
69503,10.4454
69524,10.42663
69545,10.33749
69566,10.27885
69587,10.39379
69608,10.36564
69629,10.30465
69650,10.22255
69671,10.26008
69692,10.17564
69713,10.26008
69734,10.26478
69755,10.28354
69776,10.29292
69797,10.24836
69818,10.31873
69839,10.31873
69860,10.35391
69881,10.28354
69902,10.17329
69923,10.30231
69944,10.32342
69965,10.24132
69986,10.25774
70007,10.28354
70028,10.18971
70049,10.26947
70070,10.2249
70091,10.19441
70112,10.18971
70133,10.04662
70154,10.15687
70175,10.03959
70196,10.01848
70217,9.929338
70238,9.964523
70259,10.01613
70280,10.08181
70301,10.00206
70322,10.01144
70343,10.04662
70364,10.13811
70385,10.10292
70406,10.05132
70427,10.16156
70448,10.14045
70469,10.09354
70490,10.00675
70511,9.962177
70532,10.01613
70553,9.884768
70574,9.894152
70595,9.85662
70616,9.783903
70637,9.821435
70658,9.915263
70679,9.858966
70700,9.837853
70721,9.629085
70742,9.683037
70763,9.809706
70784,9.830817
70805,9.671308
70826,9.514144
70847,9.471921
70868,9.429698
70889,9.467229
70910,9.293646
70931,9.042653
70952,9.152903
70973,9.19278
70994,9.272534
71015,9.096604
71036,9.002776
71057,9.070802
71078,9.150557
71099,9.204508
71120,9.251423
71141,9.30772
71162,9.279572
71183,9.352288
71204,9.347597
71225,9.415624
71246,9.326486
71267,9.225619
71288,9.195126
71309,9.216236
71330,9.157594
71351,9.042653
71372,8.93475
71393,8.90191
71414,8.880798
71435,8.740054
71456,8.815118
71477,8.878452
71498,8.866723
71519,8.946478
71540,8.890181
71561,8.883143
71582,8.854995
71603,8.939441
71624,8.927712
71645,8.960552
71666,8.981664
71687,8.918329
71708,8.967589
71729,9.019196
71750,9.09895
71771,9.002776
71792,8.920675
71813,9.00043
71834,8.969935
71855,9.002776
71876,8.878452
71897,8.894873
71918,8.885489
71939,8.969935
71960,8.866723
71981,8.789314
72002,8.747091
72023,8.674374
72044,8.735363
72065,8.772895
72086,8.763512
72107,8.733017
72128,8.69314
72149,8.829192
72170,8.866723
72191,8.885489
72212,8.976973
72233,8.847958
72254,8.862032
72275,8.960552
72296,8.969935
72317,9.037962
72338,8.939441
72359,9.002776
72380,9.115371
72401,9.129445
72422,9.190434
72443,9.183396
72464,9.061419
72485,9.148211
72506,9.171668
72527,9.054381
72548,9.03327
72569,9.176359
72590,9.345251
72611,9.361671
72632,8.930058
72653,9.01685
72674,9.134136
72695,9.084876
72716,8.986356
72737,9.101295
72758,9.155248
72779,9.103642
72800,9.279572
72821,9.171668
72842,9.169322
72863,9.293646
72884,9.326486
72905,9.401549
72926,9.378092
72947,9.263151
72968,9.263151
72989,9.434389
73010,9.671308
73031,9.776865
73052,9.626739
73073,9.793285
73094,9.957487
73115,9.969215
73136,10.01378
73157,10.00675
73178,9.973906
73199,9.910572
73220,10.06305
73241,9.966869
73262,9.966869
73283,9.978598
73304,9.919954
73325,10.07477
73346,10.05132
73367,10.04428
73388,10.08416
73409,10.09354
73430,9.978598
73451,10.15453
73472,10.21552
73493,10.27885
73514,10.19675
73535,10.21083
73556,10.27416
73577,10.28823
73598,10.40552
73619,10.42429
73640,10.36564
73661,10.34219
73682,10.34219
73703,10.29762
73724,10.31169
73745,10.30465
73766,10.30935
73787,10.29996
73808,10.26712
73829,10.28354
73850,10.21317
73871,10.26478
73892,10.17798
73913,10.18502
73934,10.30465
73955,10.33515
73976,10.30231
73997,10.2249
74018,10.22959
74039,10.09354
74060,10.11934
74081,10.27416
74102,10.30465
74123,10.2765
74144,10.46651
74165,10.47824
74186,10.35157
74207,10.49231
74228,10.49466
74249,10.53923
74270,10.50873
74291,10.5533
74312,10.51342
74333,10.41959
74354,10.3328
74375,10.38206
74396,10.42898
74417,10.33984
74438,10.34688
74459,10.35391
74480,10.35391
74501,10.48762
74522,10.5838
74543,10.45478
74564,10.52046
74585,10.53219
74606,10.62602
74627,10.61194
74648,10.73158
74669,10.75972
74690,10.68701
74711,10.80664
74732,10.71046
74753,10.72454
74774,10.81368
74795,10.86294
74816,10.82306
74837,10.75269
74858,10.74331
74879,10.74096
74900,10.87232
74921,10.75269
74942,10.79491
74963,10.6354
74984,10.43836
75005,10.37503
75026,10.45244
75047,10.25539
75068,10.17329
75089,10.13342
75110,10.01378
75131,10.16156
75152,10.22255
75173,10.2249
75194,10.18033
75215,10.18033
75236,10.19441
75257,10.26008
75278,10.29292
75299,10.37268
75320,10.53688
75341,10.42194
75362,10.32576
75383,10.29762
75404,10.1991
75425,10.117
75446,10.09354
75467,10.00909
75488,10.08181
75509,10.05366
75530,10.05132
75551,9.985635
75572,10.00675
75593,9.868348
75614,9.912917
75635,10.05835
75656,10.04193
75677,9.826125
75698,9.866002
75719,9.929338
75740,9.894152
75761,9.896498
75782,9.938721
75803,9.938721
75824,9.912917
75845,9.990326
75866,10.08885
75887,9.992672
75908,9.863657
75929,10.40787
75950,10.16626
75971,10.33046
75992,10.3633
76013,10.39848
76034,10.38441
76055,10.42898
76076,10.4149
76097,10.48997
76118,10.41959
76139,10.58849
76160,10.52984
76181,10.39848
76202,10.39848
76223,10.21552
76244,10.23428
76265,10.26947
76286,10.17329
76307,10.00909
76328,9.866002
76349,10.05132
76370,10.18502
76391,9.908226
76412,9.739333
76433,9.805015
76454,10.05132
76475,9.678345
76496,9.826125
76517,9.868348
76538,9.802669
76559,9.769828
76580,9.638468
76601,9.577478
76622,9.485995
76643,9.35698
76664,9.227965
76685,9.260805
76706,9.300683
76727,9.181051
76748,9.00043
76769,8.843266
76790,8.794006
76811,8.728326
76832,8.754128
76853,8.69314
76874,8.723634
76895,8.573507
76916,8.646226
76937,8.625113
76958,8.45153
76979,8.474987
77000,8.594619
77021,8.650917
77042,8.721289
77063,8.869069
77084,8.761166
77105,8.948824
77126,8.920675
77147,8.906601
77168,9.037962
77189,8.98401
77210,8.923021
77231,8.915984
77252,9.009813
77273,8.979319
77294,8.939441
77315,8.8245
77336,8.925366
77357,8.937096
77378,8.927712
77399,8.920675
77420,8.854995
77441,8.822155
77462,8.913638
77483,8.897219
77504,8.908947
77525,8.838574
77546,8.939441
77567,8.925366
77588,9.040307
77609,9.091913
77630,9.108333
77651,9.070802
77672,8.941787
77693,8.962898
77714,9.026234
77735,9.075493
77756,9.042653
77777,9.061419
77798,9.188088
77819,9.239694
77840,9.237348
77861,9.183396
77882,8.967589
77903,9.030925
77924,9.007467
77945,9.002776
77966,9.040307
77987,8.908947
78008,8.932404
78029,8.972281
78050,9.035616
78071,8.894873
78092,8.90191
78113,8.794006
78134,9.005121
78155,9.08253
78176,9.13179
78197,9.073148
78218,9.110679
78239,9.091913
78260,9.143519
78281,9.2092
78302,9.232656
78323,9.396858
78344,9.394512
78365,9.237348
78386,9.413278
78407,9.464884
78428,9.396858
78449,9.293646
78470,9.429698
78491,9.415624
78512,9.364017
78533,9.371055
78554,9.612664
78575,9.600936
78596,9.56575
78617,9.650196
78638,9.586862
78659,9.701802
78680,9.830817
78701,9.748716
78722,9.882422
78743,9.58217
78764,9.631431
78785,9.645505
78806,9.692419
78827,9.570441
78848,9.410933
78869,9.535255
78890,9.584516
78911,9.450809
78932,9.631431
78953,9.741679
78974,9.708839
78995,9.633776
79016,9.687728
79037,9.809706
79058,9.776865
79079,9.781557
79100,9.849584
79121,9.980944
79142,10.07712
79163,10.08885
79184,10.13576
79205,10.26712
79226,10.29058
79247,10.29996
79268,10.23194
79289,10.28354
79310,10.45009
79331,10.46651
79352,10.47824
79373,10.53923
79394,10.42898
79415,10.43601
79436,10.46885
79457,10.40083
79478,10.55096
79499,10.49935
79520,10.51577
79541,10.48528
79562,10.48762
79583,10.56503
79604,10.49231
79625,10.58145
79646,10.51811
79667,10.43601
79688,10.45009
79709,10.42194
79730,10.44774
79751,10.51342
79772,10.49231
79793,10.42429
79814,10.37268
79835,10.29762
79856,10.31169
79877,10.40083
79898,10.39145
79919,10.52281
79940,10.48762
79961,10.29527
79982,10.28823
80003,10.33984
80024,10.37503
80045,10.38441
80066,10.4454
80087,10.38206
80108,10.31169
80129,10.3633
80150,10.36095
80171,10.37033
80192,10.38441
80213,10.40552
80234,10.40787
80255,10.3328
80276,10.43367
80297,10.42663
80318,10.33046
80339,10.43367
80360,10.43367
80381,10.39848
80402,10.29527
80423,10.3328
80444,10.33046
80465,10.32342
80486,10.39379
80507,10.41725
80528,10.36799
80549,10.33749
80570,10.39848
80591,10.38675
80612,10.31404
80633,10.32342
80654,10.36799
80675,10.42429
80696,10.4712
80717,10.51108
80738,10.49935
80759,10.35391
80780,10.31638
80801,10.34922
80822,10.3891
80843,10.44305
80864,10.36095
80885,10.34688
80906,10.41256
80927,10.37972
80948,10.37033
80969,10.35626
80990,10.37737
81011,10.29527
81032,10.2812
81053,10.35626
81074,10.35391
81095,10.38441
81116,10.21552
81137,10.27181
81158,10.25774
81179,10.35391
81200,10.28823
81221,10.37503
81242,10.40083
81263,10.37033
81284,10.307
81305,10.31404
81326,10.33749
81347,10.31169
81368,10.21083
81389,10.22959
81410,10.33046
81431,10.32342
81452,10.29292
81473,10.20379
81494,10.32107
81515,10.39379
81536,10.34219
81557,10.46416
81578,10.31169
81599,10.34922
81620,10.33046
81641,10.43601
81662,10.45947
81683,10.45244
81704,10.40787
81725,10.29996
81746,10.43132
81767,10.44305
81788,10.29292
81809,10.27181
81830,10.23663
81851,10.36095
81872,10.18502
81893,10.117
81914,10.21552
81935,10.26712
81956,10.12169
81977,10.02786
81998,10.1428
82019,10.04428
82040,9.948103
82061,9.816743
82082,10.00206
82103,10.02317
82124,10.03255
82145,9.898843
82166,9.816743
82187,9.98798
82208,9.882422
82229,9.861312
82250,9.847238
82271,9.889461
82292,9.837853
82313,9.736988
82334,9.793285
82355,10.0044
82376,9.894152
82397,9.645505
82418,9.741679
82439,9.955141
82460,9.844892
82481,9.638468
82502,9.535255
82523,9.525873
82544,9.589207
82565,9.626739
82586,9.685382
82607,9.469575
82628,9.162285
82649,9.317103
82670,9.436735
82691,9.366363
82712,9.265497
82733,9.129445
82754,9.164631
82775,9.204508
82796,9.075493
82817,8.967589
82838,8.798697
82859,8.981664
82880,9.056727
82901,8.885489
82922,8.801044
82943,8.981664
82964,8.892527
82985,8.847958
83006,8.810426
83027,8.955861
83048,8.944133
83069,8.915984
83090,8.953515
83111,8.890181
83132,8.904256
83153,8.98401
83174,8.915984
83195,8.98401
83216,8.920675
83237,8.965244
83258,8.906601
83279,9.117716
83300,9.213891
83321,9.138828
83342,9.037962
83363,9.129445
83384,9.183396
83405,9.176359
83426,9.185742
83447,9.335869
83468,9.267843
83489,9.303029
83510,9.253768
83531,9.216236
83552,9.199817
83573,9.225619
83594,9.197471
83615,9.239694
83636,9.237348
83657,9.211545
83678,9.281918
83699,9.300683
83720,9.281918
83741,9.23031
83762,9.197471
83783,9.298337
83804,9.204508
83825,9.190434
83846,9.202163
83867,9.141173
83888,9.120062
83909,9.068456
83930,9.040307
83951,9.026234
83972,8.93475
83993,8.913638
84014,8.878452
84035,8.765858
84056,8.770549
84077,8.7424
84098,8.6603
84119,8.662645
84140,8.543014
84161,8.589928
84182,8.463259
84203,8.514865
84224,8.399924
84245,8.301403
84266,8.378813
84287,8.397578
84308,8.528939
84329,8.48437
84350,8.231031
84371,8.233377
84392,8.299058
84413,8.355355
84434,8.367084
84455,8.362392
84476,8.517211
84497,8.64388
84518,8.67672
84539,8.639189
84560,8.777586
84581,9.007467
84602,8.944133
84623,9.13179
84644,9.073148
84665,9.288955
84686,9.347597
84707,9.530564
84728,9.497724
84749,9.504761
84770,9.744025
84791,9.87304
84812,9.903535
84833,10.0044
84854,9.976252
84875,10.28589
84896,10.37503
84917,10.39379
84938,10.49935
84959,10.74565
84980,10.73392
85001,10.84183
85022,10.86997
85043,10.86059
85064,10.84417
85085,10.95207
85106,10.95911
85127,10.97084
85148,10.91689
85169,10.90751
85190,10.97553
85211,10.85121
85232,10.77849
85253,10.7996
85274,10.76207
85295,10.75972
85316,10.74331
85337,10.73158
85358,10.60022
85379,10.63306
85400,10.5791
85421,10.56972
85442,10.58145
85463,10.75738
85484,10.71516
85505,10.59552
85526,10.60725
85547,10.61429
85568,10.71985
85589,10.79491
85610,10.70577
85631,10.59787
85652,10.58849
85673,10.53453
85694,10.42663
85715,10.46651
85736,10.47824
85757,10.39614
85778,10.52515
85799,10.52515
85820,10.39379
85841,10.45478
85862,10.45713
85883,10.49466
85904,10.49466
85925,10.5275
85946,10.49935
85967,10.63071
85988,10.60256
86009,10.5275
86030,10.50169
86051,10.5533
86072,10.63306
86093,10.70812
86114,10.56972
86135,10.64244
86156,10.65417
86177,10.63775
86198,10.66824
86219,10.57676
86240,10.52515
86261,10.58849
86282,10.61664
86303,10.49466
86324,10.53453
86345,10.40083
86366,10.41959
86387,10.47824
86408,10.42429
86429,10.31404
86450,10.33046
86471,10.32811
86492,10.41021
86513,10.28354
86534,10.21786
86555,10.18033
86576,10.25539
86597,10.33515
86618,10.14514
86639,10.27416
86660,10.33984
86681,10.36095
86702,10.38441
86723,10.3891
86744,10.32811
86765,10.45244
86786,10.49231
86807,10.52515
86828,10.51811
86849,10.40787
86870,10.37503
86891,10.43367
86912,10.34922
86933,10.26947
86954,10.25539
86975,10.09588
86996,10.03255
87017,10.17095
87038,10.0302
87059,10.05835
87080,10.01378
87101,9.847238
87122,9.866002
87143,9.858966
87164,9.849584
87185,9.908226
87206,9.87304
87227,9.903535
87248,9.858966
87269,9.786248
87290,9.809706
87311,9.950449
87332,9.814397
87353,9.9223
87374,10.03959
87395,9.980944
87416,10.10058
87437,10.14749
87458,10.15922
87479,10.21786
87500,10.2249
87521,10.1123
87542,10.13342
87563,10.14749
87584,9.978598
87605,9.830817
87626,9.87304
87647,9.729951
87668,9.683037
87689,9.683037
87710,9.683037
87731,9.652542
87752,9.652542
87773,9.539948
87794,9.671308
87815,9.575133
87836,9.425007
87857,9.504761
87878,9.617355
87899,9.493032
87920,9.317103
87941,9.364017
87962,9.429698
87983,9.425007
88004,9.378092
88025,9.368709
88046,9.439081
88067,9.429698
88088,9.478958
88109,9.422661
88130,9.279572
88151,9.2092
88172,9.110679
88193,9.312411
88214,9.244386
88235,9.202163
88256,9.27488
88277,9.195126
88298,9.030925
88319,8.976973
88340,9.181051
88361,9.202163
88382,9.094258
88403,9.03327
88424,9.2092
88445,9.25846
88466,9.195126
88487,9.077839
88508,9.152903
88529,9.174014
88550,9.235003
88571,9.195126
88592,9.326486
88613,9.450809
88634,9.432044
88655,9.349943
88676,9.249077
88697,9.401549
88718,9.429698
88739,9.335869
88760,9.24204
88781,9.265497
88802,9.403895
88823,9.387475
88844,9.324141
88865,9.162285
88886,9.220928
88907,9.312411
88928,9.265497
88949,9.223273
88970,9.206854
88991,9.338214
89012,9.300683
89033,9.277225
89054,9.239694
89075,9.117716
89096,9.256114
89117,9.239694
89138,9.310066
89159,9.237348
89180,9.251423
89201,9.23031
89222,9.249077
89243,9.300683
89264,9.298337
89285,9.206854
89306,9.197471
89327,9.223273
89348,9.220928
89369,9.24204
89390,9.270188
89411,9.295992
89432,9.223273
89453,9.185742
89474,9.075493
89495,9.009813
89516,9.040307
89537,8.98401
89558,8.967589
89579,8.986356
89600,8.899564
89621,8.796351
89642,8.801044
89663,8.772895
89684,8.754128
89705,8.770549
89726,8.721289
89747,8.571162
89768,8.639189
89789,8.662645
89810,8.744746
89831,9.007467
89852,8.948824
89873,8.733017
89894,8.812772
89915,8.974627
89936,8.897219
89957,8.923021
89978,9.068456
89999,9.120062
90020,9.124753
90041,9.108333
90062,9.103642
90083,9.155248
90104,9.169322
90125,9.178705
90146,9.256114
90167,9.277225
90188,9.272534
90209,9.223273
90230,9.331178
90251,9.321795
90272,9.249077
90293,9.321795
90314,9.342906
90335,9.375746
90356,9.483649
90377,9.422661
90398,9.523527
90419,9.561059
90440,9.523527
90461,9.345251
90482,9.622047
90503,9.704147
90524,9.66427
90545,9.554022
90566,9.753407
90587,9.931683
90608,9.926992
90629,9.826125
90650,10.15687
90671,10.1686
90692,10.09119
90713,10.12638
90734,10.21083
90755,10.36564
90776,10.21083
90797,10.28354
90818,10.32107
90839,10.33515
90860,10.4149
90881,10.29762
90902,10.3633
90923,10.32811
90944,10.40552
90965,10.37503
90986,10.40787
91007,10.28354
91028,10.19206
91049,10.11465
91070,10.26008
91091,10.307
91112,10.23897
91133,10.09119
91154,10.13107
91175,10.26008
91196,10.2765
91217,10.39145
91238,10.28589
91259,10.34688
91280,10.34453
91301,10.33749
91322,10.28354
91343,10.23428
91364,10.30465
91385,10.30935
91406,10.3328
91427,10.26947
91448,10.24836
91469,10.33046
91490,10.28589
91511,10.27181
91532,10.16391
91553,10.11465
91574,10.12169
91595,10.21786
91616,10.2249
91637,10.16156
91658,10.12403
91679,10.34453
91700,10.27885
91721,10.15453
91742,10.22725
91763,10.23194
91784,10.18971
91805,10.32342
91826,10.32342
91847,10.23897
91868,10.24132
91889,10.24366
91910,10.16391
91931,10.27416
91952,10.25305
91973,10.21317
91994,10.12169
92015,10.23897
92036,10.10292
92057,10.1428
92078,10.17564
92099,10.10761
92120,10.21786
92141,10.16156
92162,10.13811
92183,10.18268
92204,10.15687
92225,10.03959
92246,10.1686
92267,10.12403
92288,10.11465
92309,10.05366
92330,10.24132
92351,10.22725
92372,10.22725
92393,10.15218
92414,10.16156
92435,10.13107
92456,10.06305
92477,10.2249
92498,10.24836
92519,10.23194
92540,10.25305
92561,10.21083
92582,10.09588
92603,10.09588
92624,10.04428
92645,10.07477
92666,10.05835
92687,9.934029
92708,9.90588
92729,9.830817
92750,9.622047
92771,9.840199
92792,9.776865
92813,9.870694
