8848,10.05132
8869,10.04428
8890,10.05366
8911,10.1428
8932,10.07712
8953,10.05601
8974,10.02551
8995,10.11465
9016,10.13811
9037,10.01378
9058,9.926992
9079,9.919954
9100,9.868348
9121,9.788594
9142,9.842546
9163,9.640813
9184,9.460192
9205,9.54933
9226,9.694765
9247,9.272534
9268,9.110679
9289,9.439081
9310,9.50007
9331,9.300683
9352,9.270188
9373,9.378092
9394,9.324141
9415,9.310066
9436,9.237348
9457,9.333523
9478,9.410933
9499,9.396858
9520,9.349943
9541,9.441426
9562,9.514144
9583,9.425007
9604,9.579824
9625,9.448463
9646,9.485995
9667,9.518835
9688,9.568096
9709,9.591553
9730,9.457847
9751,9.476612
9772,9.539948
9793,9.530564
9814,9.455501
9835,9.425007
9856,9.413278
9877,9.439081
9898,9.429698
9919,9.483649
9940,9.485995
9961,9.539948
9982,9.50007
10003,9.502416
10024,9.485995
10045,9.523527
10066,9.387475
10087,9.544639
10108,9.676
10129,9.692419
10150,9.61501
10171,9.551676
10192,9.462538
10213,9.408587
10234,9.34056
10255,9.319448
10276,9.361671
10297,9.265497
10318,9.166977
10339,9.117716
10360,9.120062
10381,9.077839
10402,9.122408
10423,9.080185
10444,9.190434
10465,9.249077
10486,9.110679
10507,9.068456
10528,9.136482
10549,9.227965
10570,9.113025
10591,8.995738
10612,9.00043
10633,9.138828
10654,9.249077
10675,9.162285
10696,9.087222
10717,9.213891
10738,9.25846
10759,9.174014
10780,9.235003
10801,9.267843
10822,9.331178
10843,9.349943
10864,9.270188
10885,9.328832
10906,9.366363
10927,9.312411
10948,9.246731
10969,9.206854
10990,9.23031
11011,9.113025
11032,9.166977
11053,9.138828
11074,9.199817
11095,9.223273
11116,9.197471
11137,9.213891
11158,9.270188
11179,9.251423
11200,9.239694
11221,9.295992
11242,9.281918
11263,9.354634
11284,9.392166
11305,9.425007
11326,9.425007
11347,9.469575
11368,9.523527
11389,9.460192
11410,9.408587
11431,9.420315
11452,9.443772
11473,9.478958
11494,9.457847
11515,9.539948
11536,9.478958
11558,9.544639
11579,9.509453
11600,9.464884
11621,9.371055
11642,9.293646
11663,9.270188
11684,9.199817
11705,9.23031
11726,9.260805
11747,9.162285
11768,9.042653
11789,8.998084
11810,9.028579
11831,8.979319
11852,8.887836
11873,8.918329
11894,9.01685
11915,8.98401
11936,8.986356
11957,9.044999
11978,9.127099
11999,9.124753
12020,9.148211
12041,9.272534
12062,9.401549
12083,9.425007
12104,9.328832
12125,9.432044
12146,9.457847
12167,9.495378
12188,9.572787
12209,9.525873
12230,9.561059
12251,9.624393
12272,9.568096
12293,9.659579
12314,9.497724
12335,9.483649
12356,9.523527
12377,9.462538
12398,9.469575
12419,9.410933
12440,9.359325
12461,9.256114
12482,9.237348
12503,9.202163
12524,9.310066
12545,9.09895
12566,9.08253
12587,9.09895
12608,9.145865
12629,9.181051
12650,9.174014
12671,9.13179
12692,9.265497
12713,9.387475
12734,9.462538
12755,9.401549
12776,9.425007
12797,9.572787
12818,9.776865
12839,9.755754
12860,9.659579
12881,9.704147
12902,9.755754
12923,9.868348
12944,9.971561
12965,9.819089
12986,9.917608
13007,9.866002
13028,9.849584
13049,9.912917
13070,9.926992
13091,9.941067
13112,9.894152
13133,9.882422
13154,9.805015
13175,9.858966
13196,9.866002
13217,9.830817
13238,9.755754
13259,9.762791
13280,9.826125
13301,9.931683
13322,9.833163
13343,9.9223
13364,9.880077
13385,9.800323
13406,9.896498
13427,9.755754
13448,9.830817
13469,9.797977
13490,9.706493
13511,9.79094
13532,9.676
13553,9.446118
13574,9.375746
13595,9.511798
13616,9.558713
13637,9.561059
13658,9.504761
13679,9.50007
13700,9.561059
13721,9.699456
13742,9.842546
13763,9.720568
13784,9.802669
13805,9.910572
13826,10.07946
13847,10.04897
13868,9.945757
13889,9.98329
13910,10.09119
13931,10.09354
13952,10.22725
13973,10.23897
13994,10.32107
14015,10.34922
14036,10.2812
14057,10.3328
14078,10.44305
14099,10.51577
14120,10.60256
14141,10.46416
14162,10.48058
14183,10.43132
14204,10.55565
14225,10.59318
14247,10.53923
14268,10.61664
14289,10.65886
14310,10.54392
14331,10.53688
14352,10.49231
14373,10.48997
14394,10.54861
14415,10.57676
14436,10.55096
14457,10.45244
14478,10.53219
14499,10.60256
14520,10.45478
14541,10.47355
14562,10.50639
14583,10.53219
14604,10.53453
14625,10.64478
14646,10.75503
14667,10.7175
14688,10.7175
14709,10.74331
14730,10.69874
14751,10.64478
14772,10.64947
14793,10.6096
14814,10.56268
14835,10.49466
14856,10.48762
14877,10.40787
14898,10.31873
14919,10.26478
14940,10.33515
14961,10.2249
14982,10.22021
15003,10.53453
15024,10.50404
15045,10.61898
15066,10.64947
15087,10.65417
15108,10.67997
15129,10.82775
15150,10.94738
15171,10.95677
15192,11.03652
15213,11.1327
15234,11.1022
15255,11.06467
15276,11.1327
15297,11.28751
15318,11.2664
15339,11.12097
15360,10.9122
15381,10.84886
15402,10.80429
15423,10.67293
15444,10.53453
15465,10.36564
15486,10.42194
15507,10.31638
15528,10.17329
15549,10.08416
15570,9.891806
15591,9.840199
15612,9.751062
15633,9.690074
15654,9.708839
15675,9.751062
15696,9.579824
15717,9.464884
15738,9.61501
15759,9.626739
15780,9.605627
15801,9.694765
15822,9.471921
15843,9.293646
15864,9.380438
15885,9.413278
15906,9.181051
15927,9.197471
15948,9.237348
15969,9.061419
15990,9.178705
16011,9.197471
16032,9.483649
16053,9.303029
16074,9.30772
16095,9.138828
16116,9.34056
16137,9.352288
16158,9.410933
16179,9.382783
16200,9.286609
16221,9.077839
16242,9.181051
16263,9.310066
16284,9.429698
16305,9.427352
16326,9.303029
16347,9.48834
16368,9.373401
16389,9.298337
16410,9.183396
16431,9.354634
16452,9.284263
16473,9.166977
16494,9.183396
16515,9.589207
16536,9.392166
16557,9.199817
16578,9.2913
16599,9.422661
16620,9.41797
16641,9.387475
16662,9.35698
16683,9.328832
16704,9.30772
16725,9.117716
16746,9.01685
16767,8.976973
16788,9.005121
16809,8.965244
16830,8.948824
16851,8.859686
16872,8.908947
16893,8.953515
16914,8.972281
16935,8.981664
16956,8.995738
16977,9.037962
16998,9.044999
17019,9.00043
17040,9.164631
17061,9.220928
17082,9.27488
17103,9.063765
17124,9.04969
17145,9.204508
17166,9.211545
17187,9.075493
17208,8.995738
17229,8.833883
17250,8.939441
17271,8.991047
17292,8.979319
17313,8.944133
17334,8.953515
17355,8.923021
17376,8.967589
17397,9.037962
17418,9.096604
17439,9.113025
17460,9.028579
17481,9.136482
17502,9.150557
17523,9.265497
17544,9.237348
17565,9.25846
17586,9.265497
17607,9.333523
17628,9.446118
17649,9.507107
17670,9.495378
17691,9.439081
17712,9.349943
17733,9.504761
17754,9.568096
17775,9.401549
17796,9.375746
17817,9.347597
17838,9.303029
17859,9.279572
17880,9.162285
17901,9.084876
17922,8.969935
17943,8.962898
17964,8.958207
17985,8.810426
18006,8.718943
18027,8.688448
18048,8.758821
18069,8.714252
18090,8.770549
18111,8.657954
18132,8.604002
18153,8.721289
18174,8.707214
18195,8.599311
18216,8.758821
18237,8.897219
18258,8.79166
18279,8.880798
18300,9.007467
18321,8.918329
18342,8.920675
18363,8.993393
18384,8.991047
18405,8.937096
18426,8.925366
18447,8.953515
18468,8.958207
18489,8.871415
18510,8.880798
18531,8.95117
18552,8.847958
18573,8.838574
18594,8.763512
18615,8.798697
18636,8.871415
18657,8.897219
18678,8.826846
18699,8.894873
18720,8.911292
18741,9.061419
18762,9.077839
18783,9.145865
18804,9.227965
18825,9.251423
18846,9.317103
18867,9.40624
18888,9.523527
18909,9.739333
18930,9.837853
18951,9.931683
18972,9.919954
18993,9.98329
19014,10.00675
19035,10.14749
19056,10.42429
19077,10.36564
19098,10.36799
19119,10.45713
19140,10.51342
19161,10.51577
19182,10.5533
19203,10.71516
19224,10.54392
19245,10.51342
19266,10.56738
19287,10.5791
19308,10.56034
19329,10.57441
19350,10.65417
19371,10.57441
19392,10.46182
19413,10.49935
19434,10.49466
19455,10.38675
19476,10.41256
19497,10.28589
19518,10.32811
19539,10.52046
19560,10.42898
19581,10.4712
19603,10.31638
19625,10.29527
19646,10.18502
19667,10.17798
19688,10.10761
19709,10.09823
19730,10.09354
19751,9.98798
19772,10.15453
19793,10.00909
19814,10.00206
19835,10.04428
19856,9.917608
19877,9.985635
19898,9.976252
19919,9.985635
19940,10.07712
19961,9.919954
19982,9.985635
20003,9.917608
20024,9.950449
20045,9.995018
20066,10.14749
20087,10.10058
20108,10.12638
20129,10.27416
20150,10.26478
20171,10.26243
20192,10.34453
20213,10.33749
20234,10.4454
20255,10.33515
20276,10.2812
20297,10.18737
20318,10.13107
20339,10.01848
20360,10.03255
20381,9.999709
20402,10.06539
20423,10.00909
20444,9.990326
20465,9.999709
20486,9.955141
20507,10.02317
20528,10.06305
20549,10.12403
20570,10.18737
20591,10.23663
20612,10.14984
20633,10.16626
20654,10.15922
20675,10.25774
20696,10.25305
20717,10.2249
20738,10.24836
20759,10.22021
20780,10.22725
20801,10.32576
20822,10.37033
20843,10.33515
20864,10.30935
20885,10.37268
20906,10.4149
20927,10.30465
20948,10.33515
20969,10.16626
20990,10.17329
21011,10.11934
21032,10.02786
21053,9.999709
21074,10.13811
21095,9.924646
21116,9.870694
21137,9.910572
21158,9.919954
21179,9.999709
21200,9.995018
21221,10.04428
21242,10.1123
21263,10.21317
21284,10.22255
21305,10.34219
21326,10.42663
21347,10.67528
21368,10.70108
21389,10.66355
21410,10.68232
21431,10.78553
21452,10.82541
21473,10.84652
21494,10.89812
21515,10.98022
21536,11.00837
21557,11.01775
21578,10.95207
21599,10.95677
21620,11.0459
21641,10.97319
21662,10.98961
21683,10.90985
21704,10.79491
21725,10.76207
21746,10.75269
21767,10.67997
21788,10.53219
21809,10.52515
21830,10.45947
21851,10.33515
21872,10.34688
21893,10.32576
21914,10.1991
21935,10.10527
21956,10.10996
21977,9.866002
21998,9.734642
22019,9.720568
22040,9.591553
22061,9.558713
22082,9.610318
22103,9.408587
22124,9.319448
22145,9.124753
22166,9.09895
22187,9.059073
22208,9.04969
22229,8.90191
22250,8.850304
22271,8.737708
22292,8.789314
22313,8.747091
22334,8.754128
22355,8.655608
22376,8.64388
22397,8.657954
22418,8.561779
22439,8.679066
22460,8.740054
22481,8.72598
22502,8.747091
22523,8.641534
22544,8.72598
22565,8.822155
22586,8.876106
22607,8.803389
22628,8.749437
22649,8.871415
22670,8.72598
22691,8.803389
22712,8.716597
22733,8.664991
22754,8.733017
22775,8.655608
22796,8.653263
22817,8.625113
22838,8.733017
22859,8.625113
22880,8.686103
22901,8.716597
22922,8.695485
22943,8.782278
22964,8.836229
22985,8.686103
23006,8.737708
23027,8.810426
23048,8.90191
23069,8.923021
23090,8.883143
23111,8.90191
23132,8.944133
23153,8.958207
23174,9.09895
23195,9.068456
23216,9.251423
23237,9.256114
23258,9.155248
23279,9.054381
23300,9.122408
23321,9.056727
23342,8.939441
23363,8.918329
23384,8.819809
23405,8.754128
23426,8.573507
23447,8.618076
23468,8.521902
23489,8.594619
23510,8.425727
23531,8.489061
23552,8.503136
23573,8.491407
23594,8.538322
23615,8.606348
23636,8.700177
23657,8.747091
23678,8.608693
23699,8.64388
23720,8.7424
23741,8.883143
23762,8.925366
23783,8.946478
23804,8.955861
23825,8.981664
23846,9.091913
23867,9.185742
23888,9.141173
23909,9.070802
23930,9.059073
23951,9.206854
23972,9.216236
23993,9.08253
24014,9.047344
24035,8.911292
24056,8.815118
24077,8.836229
24098,8.808081
24119,8.714252
24140,8.798697
24161,8.779932
24182,8.681411
24203,8.852649
24224,8.798697
24245,8.904256
24266,9.012158
24287,9.150557
24308,9.249077
24329,9.220928
24350,9.244386
24371,9.366363
24392,9.432044
24413,9.455501
24434,9.490686
24455,9.593899
24476,9.673654
24497,9.830817
24518,9.955141
24539,10.0865
24560,10.13811
24581,10.12403
24602,10.21786
24623,10.33749
24644,10.42429
24665,10.38675
24686,10.32342
24707,10.42898
24728,10.42898
24749,10.32576
24770,10.30935
24791,10.29058
24812,10.32811
24833,10.21083
24854,10.09823
24875,10.03489
24896,10.16156
24917,10.07946
24938,10.10996
24959,10.08885
24980,9.98798
25001,9.962177
25022,9.957487
25043,9.866002
25064,9.77452
25085,9.802669
25106,9.962177
25127,9.868348
25148,9.809706
25169,9.755754
25190,9.851928
25211,9.812052
25232,9.85662
25253,9.884768
25274,9.821435
25295,9.835509
25316,9.924646
25337,9.805015
25358,9.830817
25379,9.711185
25400,9.802669
25421,9.837853
25442,9.98329
25463,9.997364
25484,9.990326
25505,9.966869
25526,10.12169
25547,10.1686
25568,10.31404
25589,10.37737
25610,10.47589
25631,10.43601
25652,10.43132
25673,10.49231
25694,10.43132
25715,10.46885
25736,10.44305
25757,10.51108
25778,10.42194
25799,10.32342
25820,10.33984
25841,10.33984
25862,10.29058
25883,10.33984
25904,10.25539
25925,10.21317
25946,10.24366
25967,10.28589
25988,10.32576
26009,10.29996
26030,10.29762
26051,10.35391
26072,10.34453
26093,10.37737
26114,10.30935
26135,10.36564
26156,10.39848
26177,10.39379
26198,10.48293
26219,10.49231
26240,10.49466
26261,10.52281
26282,10.56268
26303,10.51811
26324,10.51577
26345,10.52515
26366,10.52984
26387,10.65182
26408,10.59083
26429,10.51577
26450,10.38675
26471,10.39379
26492,10.29762
26513,10.30465
26534,10.29527
26555,10.30935
26576,10.35391
26597,10.47824
26618,10.43367
26639,10.42429
26660,10.36095
26681,10.39848
26702,10.34453
26723,10.49466
26744,10.48997
26765,10.55096
26786,10.60256
26807,10.56034
26828,10.61664
26849,10.62133
26870,10.55565
26891,10.61429
26912,10.61664
26933,10.62602
26954,10.66121
26975,10.72219
26996,10.72219
27017,10.60725
27038,10.53219
27059,10.81368
27080,10.3633
27101,10.48528
27122,10.38206
27143,10.24132
27164,10.09354
27185,10.43367
27206,10.23194
27227,10.01378
27248,10.03724
27269,10.0302
27290,10.0607
27311,9.929338
27332,9.826125
27353,9.90588
27374,10.07946
27395,9.877731
27416,9.847238
27437,9.9223
27458,9.945757
27479,10.05132
27500,9.971561
27521,9.992672
27542,9.990326
27563,10.01144
27584,9.995018
27605,9.819089
27626,9.708839
27647,9.64785
27668,9.617355
27689,9.584516
27710,9.654888
27731,9.622047
27752,9.650196
27773,9.605627
27794,9.467229
27815,9.446118
27836,9.385129
27857,9.460192
27878,9.364017
27899,9.439081
27920,9.300683
27941,9.432044
27962,9.319448
27983,9.164631
28004,9.09895
28025,9.01685
28046,9.396858
28067,9.441426
28088,9.115371
28109,9.012158
28130,9.190434
28151,9.361671
28172,9.422661
28193,9.279572
28214,9.094258
28235,9.34056
28256,9.338214
28277,9.213891
28298,9.138828
28319,9.134136
28340,9.281918
28361,9.204508
28382,9.169322
28403,9.103642
28424,9.145865
28445,9.141173
28466,9.063765
28487,9.136482
28508,9.054381
28529,8.998084
28550,8.932404
28571,9.101295
28592,9.113025
28613,9.113025
28634,9.136482
28655,9.08253
28676,9.204508
28697,9.225619
28718,9.237348
28739,9.277225
28760,9.267843
28781,9.251423
28802,9.141173
28823,9.216236
28844,9.202163
28865,9.312411
28886,9.260805
28907,9.225619
28928,9.164631
28949,9.181051
28970,9.080185
28991,9.15994
29012,9.157594
29033,9.084876
29054,9.143519
29075,9.2092
29096,9.206854
29117,9.260805
29138,9.253768
29159,9.251423
29180,9.211545
29201,9.202163
29222,9.270188
29243,9.352288
29264,9.345251
29285,9.403895
29306,9.375746
29327,9.460192
29348,9.401549
29369,9.326486
29390,9.331178
29411,9.34056
29432,9.41797
29453,9.425007
29474,9.359325
29495,9.373401
29516,9.420315
29537,9.349943
29558,9.25846
29579,9.206854
29600,9.157594
29621,9.13179
29642,9.213891
29663,9.249077
29684,9.122408
29705,9.056727
29726,9.023888
29747,9.035616
29768,9.002776
29789,8.986356
29810,9.044999
29831,9.021542
29852,9.145865
29873,9.070802
29894,9.103642
29915,9.101295
29936,9.056727
29957,9.096604
29978,9.171668
29999,9.25846
30020,9.216236
30041,9.293646
30062,9.368709
30083,9.253768
30104,9.279572
30125,9.333523
30146,9.335869
30167,9.436735
30188,9.441426
30209,9.396858
30230,9.326486
30251,9.514144
30272,9.317103
30293,9.30772
30314,9.310066
30335,9.359325
30357,9.382783
30380,9.288955
30401,9.237348
30422,9.314757
30443,9.392166
30464,9.502416
30485,9.448463
30506,9.415624
30527,9.507107
30548,9.476612
30569,9.50007
30590,9.558713
30611,9.514144
30632,9.521181
30653,9.769828
30674,9.748716
30695,9.535255
30716,9.539948
30737,9.631431
30758,9.77452
30779,9.786248
30800,9.725259
30821,9.797977
30842,9.830817
30863,10.07946
30884,10.07477
30905,10.00206
30926,9.957487
30947,9.98329
30968,9.929338
30989,9.938721
31010,10.01378
31031,10.04428
31052,9.980944
31073,9.952795
31094,10.03959
31115,10.06539
31136,10.12872
31157,10.07477
31178,10.23428
31200,10.31169
31221,9.98798
31242,10.23194
31263,10.32576
31284,10.24836
31305,10.27181
31326,10.34688
31347,10.31169
31368,10.3633
31389,10.34453
31410,10.31169
31431,10.24132
31452,10.24601
31473,10.18033
31494,10.10527
31515,10.18268
31536,10.16391
31557,10.117
31578,10.09823
31599,9.931683
31620,9.915263
31641,9.875386
31662,9.866002
31683,10.07008
31704,10.02317
31725,10.05132
31746,10.11934
31767,10.02551
31788,10.13107
31809,10.13576
31830,10.17329
31851,10.4454
31872,10.61429
31893,10.47824
31914,10.44071
31935,10.5533
31956,10.57207
31977,10.57441
31998,10.65886
32019,10.47355
32040,10.48058
32061,10.47589
32082,10.48997
32103,10.43132
32124,10.42194
32145,10.43836
32166,10.36799
32187,10.42663
32208,10.53688
32229,10.52281
32250,10.5791
32271,10.60022
32292,10.53923
32313,10.61664
32334,10.69639
32355,10.73158
32376,10.80429
32397,10.88405
32418,10.748
32439,10.71985
32460,10.75972
32481,10.86294
32502,10.94738
32523,10.84183
32544,10.85355
32565,10.75972
32586,10.74565
32607,10.68466
32628,10.61194
32649,10.55096
32670,10.45009
32691,10.37503
32712,10.32107
32733,10.32107
32754,10.21083
32775,10.03489
32796,10.20613
32817,10.45244
32838,9.962177
32859,9.880077
32880,10.02551
32901,10.0865
32922,10.00675
32943,9.844892
32964,10.09119
32985,10.15687
33006,10.19206
33027,10.09354
33048,10.08885
33069,10.09119
33090,10.0044
33111,10.117
33132,10.15687
33153,10.01613
33174,10.10292
33195,10.14514
33216,10.11465
33237,10.10761
33258,10.15218
33279,10.07712
33300,10.10527
33321,9.999709
33342,9.950449
33363,9.915263
33384,9.997364
33405,9.891806
33426,9.830817
33447,9.833163
33468,9.805015
33489,9.912917
33510,9.889461
33531,9.959831
33552,9.978598
33573,10.03959
33594,10.07243
33615,10.0607
33636,10.13107
33657,10.07946
33678,10.12169
33699,9.964523
33720,9.880077
33741,9.945757
33762,10.06539
33783,10.06305
33804,9.969215
33825,9.887115
33846,10.04662
33867,9.915263
33888,9.849584
33909,10.01144
33930,9.732296
33951,9.605627
33972,9.66427
33993,9.579824
34014,9.596244
34035,9.579824
34056,9.448463
34077,9.09895
34098,9.544639
34119,9.256114
34140,9.150557
34161,9.176359
34182,9.253768
34203,9.09895
34224,9.246731
34245,9.265497
34266,9.030925
34287,8.998084
34308,8.944133
34329,9.145865
34350,9.120062
34371,8.911292
34392,9.066111
34413,9.08253
34434,8.948824
34455,8.944133
34476,8.819809
34497,9.019196
34518,9.009813
34539,8.93475
34560,8.908947
34581,8.887836
34602,8.913638
34623,8.974627
34644,8.90191
34665,8.815118
34686,9.00043
34707,9.166977
34728,8.95117
34749,8.754128
34770,8.794006
34791,8.866723
34812,9.075493
34833,9.070802
34854,8.981664
34875,8.981664
34896,8.965244
34917,9.026234
34938,9.009813
34959,9.09895
34980,9.040307
35001,9.063765
35022,9.068456
35043,9.084876
35064,9.012158
35085,8.98401
35106,8.95117
35127,8.847958
35148,8.923021
35169,8.883143
35190,8.930058
35211,8.864378
35232,8.808081
35253,8.728326
35274,8.721289
35295,8.674374
35316,8.664991
35337,8.718943
35358,8.72598
35379,8.737708
35400,8.815118
35421,8.770549
35442,8.857341
35463,8.899564
35484,8.873761
35505,8.906601
35526,8.991047
35547,9.059073
35568,9.066111
35589,9.169322
35610,9.166977
35631,9.256114
35652,9.235003
35673,9.206854
35694,9.35698
35715,9.364017
35736,9.364017
35757,9.317103
35778,9.349943
35799,9.286609
35820,9.166977
35841,9.232656
35862,9.211545
35883,9.117716
35904,8.974627
35925,9.009813
35946,9.204508
35967,9.155248
35988,9.204508
36009,9.223273
36030,9.27488
36051,9.352288
36072,9.401549
36093,9.464884
36114,9.668962
36135,9.523527
36156,9.511798
36177,9.74637
36198,9.77452
36219,9.835509
36240,9.833163
36261,10.04193
36282,10.08181
36303,9.903535
36324,10.03724
36345,10.12403
36366,10.12638
36387,10.10761
36408,10.24366
36429,10.26243
36450,10.23428
36471,10.25539
36492,10.24836
36513,10.26243
36534,10.44305
36555,10.37972
36576,10.26712
36597,10.17798
36618,10.36095
36639,10.32107
36660,10.26008
36681,10.20144
36702,10.1428
36723,10.08181
36744,10.117
36765,10.05835
36786,10.01848
36807,10.08885
36828,10.00909
36849,10.06539
36870,10.04662
36891,9.882422
36912,9.990326
36933,10.11934
36954,10.01144
36975,9.938721
36996,9.875386
37017,9.725259
37038,9.722914
37059,9.821435
37080,9.875386
37101,9.734642
37122,9.650196
37143,9.765137
37164,9.704147
37185,9.563404
37206,9.671308
37227,9.61501
37248,9.59859
37269,9.591553
37290,9.593899
37311,9.521181
37332,9.535255
37353,9.596244
37374,9.554022
37395,9.718222
37416,9.701802
37437,9.755754
37458,9.7581
37479,9.751062
37500,9.866002
37521,9.966869
37542,9.896498
37563,9.875386
37584,9.908226
37605,10.08416
37626,9.955141
37647,10.07243
37668,9.952795
37689,9.833163
37710,10.0044
37731,9.926992
37752,9.980944
37773,9.952795
37794,9.999709
37815,9.985635
37836,10.02317
37857,9.9223
37878,9.938721
37899,9.997364
37920,10.04428
37941,10.01848
37962,9.936375
37983,9.978598
38004,9.995018
38025,10.12638
38046,10.07477
38067,10.17329
38088,10.29058
38109,10.24836
38130,10.27181
38151,10.3891
38172,10.44305
38193,10.43601
38214,10.497
38235,10.48997
38256,10.40552
38277,10.48058
38298,10.45244
38319,10.37737
38340,10.36095
38361,10.29292
38382,10.21552
38403,10.307
38424,10.29058
38445,10.30935
38466,10.25305
38487,10.3328
38508,10.41021
38529,10.41725
38550,10.39614
38571,10.497
38592,10.59787
38613,10.68466
38634,10.74565
38655,10.87467
38676,10.88405
38697,10.90751
38718,10.92393
38739,11.03417
38760,11.19838
38781,11.15146
38802,11.27578
38823,11.25467
38844,11.20776
38865,11.17023
38886,11.23356
38907,11.21245
38928,10.97553
38949,11.02479
38970,10.90281
38991,10.88405
39012,10.78084
39033,10.70343
39054,10.59787
39075,10.51108
39096,10.37972
39117,10.42663
39138,10.29292
39159,10.35391
39180,10.2507
39201,10.23897
39222,10.15687
39243,10.14749
39264,10.12169
39285,10.10996
39306,10.15687
39327,10.00675
39348,9.955141
39369,10.05835
39390,9.9223
39411,9.779211
39432,9.77452
39453,9.783903
39474,9.659579
39495,9.673654
39516,9.539948
39537,9.612664
39558,9.53291
39579,9.298337
39600,9.206854
39621,9.138828
39642,9.08253
39663,8.953515
39684,8.95117
39705,8.908947
39726,8.878452
39747,8.686103
39768,8.897219
39789,8.932404
39810,8.808081
39831,8.911292
39852,8.946478
39873,8.847958
39894,8.932404
39915,8.955861
39936,8.998084
39957,9.03327
39978,9.077839
39999,9.169322
40020,9.157594
40041,9.176359
40062,9.171668
40083,9.310066
40104,9.298337
40125,9.326486
40146,9.202163
40167,9.303029
40188,9.359325
40209,9.335869
40230,9.319448
40251,9.312411
40272,9.211545
40293,9.321795
40314,9.436735
40335,9.305374
40356,9.317103
40377,9.335869
40398,9.483649
40419,9.485995
40440,9.443772
40461,9.509453
40482,9.471921
40503,9.476612
40524,9.415624
40545,9.525873
40566,9.535255
40587,9.568096
40608,9.535255
40629,9.720568
40650,9.577478
40671,9.51649
40692,9.471921
40713,9.483649
40734,9.413278
40755,9.401549
40776,9.446118
40797,9.361671
40818,9.298337
40839,9.30772
40860,9.303029
40881,9.284263
40902,9.237348
40923,9.218582
40944,9.150557
40965,9.04969
40986,9.014504
41007,9.080185
41028,9.042653
41049,9.052036
41070,9.040307
41091,8.976973
41112,9.01685
41133,8.941787
41154,9.01685
41175,9.044999
41196,9.03327
41217,9.014504
41238,9.068456
41259,9.152903
41280,9.143519
41301,9.047344
41322,9.09895
41343,9.014504
41364,9.019196
41385,8.90191
41406,8.768204
41427,8.756474
41448,8.575853
41469,8.632151
41490,8.517211
41511,8.449184
41532,8.413999
41553,8.425727
41574,8.479678
41595,8.477333
41616,8.474987
41637,8.496099
41658,8.430418
41679,8.582891
41700,8.596965
41721,8.714252
41742,8.754128
41763,8.782278
41784,8.819809
41805,8.831537
41826,8.925366
41847,8.969935
41868,8.979319
41889,8.986356
41910,9.047344
41931,9.087222
41952,9.15994
41973,9.19278
41994,8.998084
42015,9.122408
42036,9.176359
42057,9.127099
42078,8.976973
42099,9.087222
42120,9.061419
42141,8.908947
42162,8.918329
42183,9.110679
42204,9.007467
42225,9.080185
42246,9.174014
42267,9.216236
42288,9.056727
42309,9.227965
42330,9.333523
42351,9.425007
42372,9.48834
42393,9.676
42414,9.607973
42435,9.692419
42456,9.779211
42477,9.950449
42498,10.01378
42519,10.12403
42540,10.16626
42561,10.1686
42582,10.14749
42603,10.22255
42624,10.30465
42645,10.29996
42666,10.15922
42687,10.29527
42708,10.32107
42729,10.33515
42750,10.15922
42771,10.03959
42792,10.24601
42813,10.21317
42834,10.0865
42855,10.04193
42876,10.01144
42897,9.985635
42918,10.00909
42939,10.04897
42960,9.98798
42981,9.978598
43002,9.964523
43023,9.9223
43044,10.01848
43065,10.14514
43086,10.00909
43107,9.938721
43128,9.896498
43149,9.950449
43170,9.985635
43191,9.971561
43212,9.828471
43233,9.887115
43254,9.966869
43275,9.894152
43296,9.683037
43317,9.680691
43338,9.697111
43359,9.584516
43380,9.495378
43401,9.537601
43422,9.568096
43443,9.671308
43464,9.828471
43485,9.861312
43506,9.833163
43527,9.821435
43548,9.870694
43569,10.07946
43590,10.17095
43611,10.26478
43632,10.2507
43653,10.2507
43674,10.28589
43695,10.2812
43716,10.30231
43737,10.44305
43758,10.46885
43779,10.53453
43800,10.54157
43821,10.3891
43842,10.53219
43863,10.30231
43884,10.46182
43905,10.3891
43926,10.37033
43947,10.45244
43968,10.38441
43989,10.34453
44010,10.3633
44031,10.39848
44052,10.39379
44073,10.47824
44094,10.50169
44115,10.4712
44136,10.50404
44157,10.54626
44178,10.56503
44199,10.55565
44220,10.52046
44241,10.62367
44262,10.65651
44283,10.77849
44304,10.69874
44325,10.74565
44346,10.70577
44367,10.68701
44388,10.5838
44409,10.59318
44430,10.68232
44451,10.66824
44472,10.58145
44493,10.51342
44514,10.33046
44535,10.28823
44556,10.14045
44577,10.14984
44598,10.1991
44619,10.1428
44640,10.08416
44661,10.13107
44682,10.1686
44703,10.09588
44724,10.02786
44745,10.11465
44766,10.13342
44787,10.13811
44808,10.14749
44829,10.1686
44850,10.19441
44871,10.22725
44892,10.29292
44913,10.23194
44934,10.27416
44955,10.27181
44976,10.20848
44997,10.22959
45018,10.30935
45039,10.32576
45060,10.35626
45081,10.29527
45102,10.22725
45123,10.22255
45144,10.07477
45165,10.02551
45186,10.10527
45207,10.06539
45228,10.05132
45249,9.90588
45270,9.908226
45291,10.02082
45312,10.01613
45333,10.02317
45354,9.950449
45375,9.985635
45396,9.917608
45417,9.962177
45438,10.01848
45459,10.05601
45480,10.117
45501,10.04897
45522,9.985635
45543,10.16391
45564,10.23194
45585,10.09588
45606,10.15922
45627,10.23663
45648,10.19675
45669,10.14514
45690,9.962177
45711,10.00909
45732,10.0044
45753,9.936375
45774,9.896498
45795,9.901189
45816,9.976252
45837,9.854274
45858,9.912917
45879,9.701802
45900,9.593899
45921,9.441426
45942,9.166977
45963,9.267843
45984,9.314757
46005,9.443772
46026,9.427352
46047,9.41797
46068,9.511798
46089,9.305374
46110,9.349943
46131,9.455501
46152,9.361671
46173,9.460192
46194,9.342906
46215,9.371055
46236,9.403895
46257,9.321795
46278,9.235003
46299,9.199817
46320,9.145865
46341,8.927712
46362,8.740054
46383,8.772895
46404,8.937096
46425,8.923021
46446,8.988701
46467,8.892527
46488,8.925366
46509,8.906601
46530,8.911292
46551,8.857341
46572,8.920675
46593,8.864378
46614,8.885489
46635,8.927712
46656,9.080185
46677,9.075493
46698,9.138828
46719,9.122408
46740,9.227965
46761,9.223273
46782,9.218582
46803,9.183396
46824,9.286609
46845,9.349943
46866,9.380438
46887,9.34056
46908,9.345251
46929,9.213891
46950,9.293646
46971,9.281918
46992,9.195126
47013,9.185742
47034,9.138828
47055,9.19278
47076,9.232656
47097,9.197471
47118,9.246731
47139,9.272534
47160,9.2913
47181,9.249077
47202,9.30772
47223,9.23031
47244,9.249077
47265,9.25846
47286,9.27488
47307,9.148211
47328,9.373401
47349,9.237348
47370,9.279572
47391,9.232656
47412,9.272534
47433,9.2913
47454,9.284263
47475,9.295992
47496,9.223273
47517,9.218582
47538,9.19278
47559,9.190434
47580,9.094258
47601,8.932404
47622,8.965244
47643,8.878452
47664,8.838574
47685,8.84092
47706,8.751783
47727,8.808081
47748,8.657954
47769,8.683757
47790,8.62746
47811,8.765858
47832,8.808081
47853,8.899564
47874,8.976973
47895,9.077839
47916,8.962898
47937,9.040307
47958,9.141173
47979,9.171668
48000,9.195126
48021,9.19278
48042,9.321795
48063,9.366363
48084,9.514144
48105,9.396858
48126,9.460192
48147,9.544639
48168,9.676
48189,9.619701
48210,9.504761
48231,9.462538
48252,9.53291
48273,9.690074
48294,9.683037
48315,9.694765
48336,9.690074
48357,9.54933
48378,9.753407
48399,9.683037
48420,9.793285
48441,9.880077
48462,9.985635
48483,9.769828
48504,9.901189
48525,10.01378
48546,10.06305
48567,10.05132
48588,10.06305
48609,10.10058
48630,10.07712
48651,10.09354
48672,10.18971
48693,10.19206
48714,10.22255
48735,10.10761
48756,10.11934
48777,10.16156
48798,10.1428
48819,10.25774
48840,10.21786
48861,10.117
48882,10.17564
48903,10.15453
48924,10.22959
48945,10.20144
48966,10.06773
48987,10.13107
49008,10.16156
49029,10.03959
49050,9.997364
49071,10.0607
49092,10.03255
49113,9.98329
49134,9.959831
49155,9.950449
49176,9.821435
49197,9.830817
49218,9.828471
49239,9.816743
49260,9.814397
49281,9.697111
49302,9.575133
49323,9.603281
49344,9.605627
49365,9.643159
49386,9.624393
49407,9.661925
49428,9.525873
49449,9.619701
49470,9.612664
49491,9.666616
49512,9.805015
49533,9.659579
49554,9.626739
49575,9.629085
49596,9.732296
49617,9.680691
49638,9.59859
49659,9.643159
49680,9.64785
49701,9.755754
49722,9.847238
49743,9.795631
49764,9.847238
49785,9.891806
49806,10.01613
49827,10.09354
49848,10.10292
49869,10.09823
49890,10.14045
49911,10.36564
49932,10.31873
49953,10.36095
49974,10.30231
49995,10.37503
50016,10.27416
50037,10.36095
50058,10.28354
50079,10.33515
50100,10.38675
50121,10.33749
50142,10.28354
50163,10.45947
50184,10.47355
50205,10.42663
50226,10.49231
50247,10.34922
50268,10.41256
50289,10.46651
50310,10.45478
50331,10.46651
50352,10.5275
50373,10.56738
50394,10.45713
50415,10.50404
50436,10.53688
50457,10.55096
50478,10.54861
50499,10.56972
50520,10.63071
50541,10.70812
50562,10.65417
50583,10.57676
50604,10.68935
50625,10.65182
50646,10.62133
50667,10.57207
50688,10.53219
50709,10.53688
50730,10.57676
50751,10.60725
50772,10.59083
50793,10.43836
50814,10.51342
50835,10.48997
50856,10.49231
50877,10.39145
50898,10.40083
50919,10.48058
50940,10.48293
50961,10.41256
50982,10.45713
51003,10.50404
51024,10.44774
51045,10.41725
51066,10.54626
51087,10.66121
51108,10.6096
51129,10.60725
51150,10.5838
51171,10.57207
51192,10.50873
51213,10.63775
51234,10.67997
51255,10.68701
51276,10.77614
51297,10.76207
51318,10.61898
51339,10.5533
51360,10.62836
51381,10.60256
51402,10.58145
51423,10.63071
51444,10.5275
51465,10.57676
51486,10.51577
51507,10.43367
51528,10.39379
51549,10.37268
51570,10.43132
51591,10.32342
51612,10.37033
51633,10.40552
51654,10.36095
51675,10.30465
51696,10.23897
51717,10.26947
51738,10.28589
51759,10.19441
51780,10.21317
51801,10.18971
51822,10.07712
51843,10.21317
51867,10.01144
51892,9.828471
51913,10.12403
51934,9.708839
51955,9.58217
51976,9.659579
51997,9.694765
52018,9.631431
52039,9.432044
52060,9.577478
52081,9.361671
52102,9.310066
52123,9.352288
52144,9.366363
52165,9.413278
52186,9.2913
52207,9.349943
52228,9.303029
52249,9.108333
52270,9.319448
52291,9.446118
52312,9.345251
52333,9.270188
52354,9.27488
52375,9.385129
52396,9.03327
52417,9.2092
52438,9.181051
52459,9.129445
52480,9.143519
52501,9.108333
52522,9.094258
52543,9.108333
52564,9.04969
52585,8.969935
52606,9.204508
52627,9.277225
52648,9.113025
52669,9.042653
52690,9.059073
52711,9.084876
52732,9.103642
52753,9.009813
52774,9.012158
52795,8.993393
52816,9.127099
52837,9.035616
52858,9.124753
52879,9.087222
52900,9.059073
52921,9.026234
52942,9.056727
52963,9.042653
52984,9.084876
53005,9.120062
53026,9.141173
53047,9.052036
53068,9.136482
53089,9.171668
53110,9.155248
53131,9.040307
53152,9.08253
53173,9.091913
53194,9.122408
53215,9.040307
53236,9.052036
53257,9.012158
53278,8.981664
53299,8.899564
53320,8.904256
53341,8.817463
53362,8.918329
53383,8.923021
53404,9.030925
53425,8.948824
53446,8.894873
53467,9.012158
53488,9.068456
53509,8.953515
53531,8.95117
53552,8.859686
53573,8.857341
53594,8.850304
53615,8.958207
53636,9.103642
53657,9.061419
53678,8.998084
53699,9.023888
53720,8.960552
53741,8.937096
53762,9.021542
53783,9.021542
53804,9.04969
53825,9.052036
53846,9.04969
53867,9.023888
53888,9.012158
53909,8.953515
53930,8.948824
53951,9.101295
53972,9.178705
53993,9.117716
54014,9.127099
54035,9.385129
54056,9.439081
54077,9.326486
54098,9.366363
54119,9.408587
54140,9.469575
54161,9.476612
54182,9.525873
54203,9.589207
54224,9.600936
54245,9.795631
54266,9.819089
54287,9.851928
54308,9.912917
54329,10.06539
54350,10.23428
54371,10.16626
54392,10.10292
54413,10.27885
54434,10.36095
54455,10.13107
54476,10.18268
54497,10.3891
54518,10.32342
54539,10.28823
54560,10.32342
54581,10.36564
54602,10.20144
54623,10.19441
54644,10.32342
54665,10.21317
54686,10.06539
54707,10.17564
54728,10.22959
54749,10.17798
54770,10.01613
54791,10.04897
54812,10.06773
54833,9.997364
54854,9.924646
54875,10.0607
54896,9.875386
54917,9.830817
54938,9.924646
54959,9.910572
54980,9.734642
55001,9.744025
55022,9.894152
55043,9.910572
55064,9.713531
55085,9.626739
55106,9.607973
55127,9.685382
55148,9.781557
55169,9.666616
55190,9.53291
55211,9.521181
55232,9.579824
55253,9.570441
55274,9.539948
55295,9.556367
55316,9.51649
55337,9.396858
55358,9.495378
55379,9.490686
55400,9.772174
55421,9.783903
55442,9.720568
55463,9.769828
55484,9.814397
55505,9.819089
55526,9.978598
55547,10.04193
55568,10.07008
55589,10.13576
55610,10.17564
55631,10.21317
55652,10.25305
55673,10.29292
55694,10.33984
55715,10.26478
55736,10.37033
55757,10.42194
55778,10.47824
55799,10.42429
55820,10.40083
55841,10.40317
55862,10.48058
55883,10.56503
55904,10.58849
55925,10.57207
55946,10.52515
55967,10.52046
55988,10.47824
56009,10.51342
56030,10.60725
56051,10.60022
56072,10.6917
56093,10.75034
56114,10.71985
56135,10.73158
56156,10.6354
56177,10.76676
56198,10.67528
56219,10.73861
56240,10.71281
56261,10.72454
56282,10.69874
56303,10.74096
56324,10.64478
56345,10.59787
56366,10.65182
56387,10.57676
56408,10.60022
56429,10.6096
56450,10.5838
56471,10.56972
56492,10.45947
56513,10.45713
56534,10.47355
56555,10.33984
56576,10.47589
56597,10.43601
56618,10.45478
56639,10.47589
56660,10.48528
56681,10.48762
56702,10.50404
56723,10.42429
56744,10.56268
56765,10.57676
56786,10.48528
56807,10.65886
56828,10.52046
56849,10.65182
56870,10.62133
56891,10.60022
56912,10.59083
56933,10.54861
56954,10.52984
56975,10.49466
56996,10.50169
57017,10.52515
57038,10.4454
57059,10.41256
57080,10.3891
57101,10.3633
57122,10.42663
57143,10.34219
57164,10.36799
57185,10.3633
57206,10.36799
57227,10.32107
57248,10.29762
57269,10.34688
57290,10.3328
57311,10.39614
57332,10.33749
57353,10.34922
57374,10.42663
57395,10.25539
57416,10.36095
57437,10.39145
57458,10.29292
57479,10.26947
57500,10.28589
57521,10.21317
57542,10.33046
57563,10.18033
57584,10.21552
57605,10.14749
57626,10.21552
57647,10.13811
57668,9.948103
57689,9.912917
57710,9.819089
57731,9.704147
57752,9.676
57773,9.652542
57794,9.729951
57815,9.697111
57836,9.575133
57857,9.58217
57878,9.654888
57899,9.650196
57920,9.497724
57941,9.453156
57962,9.561059
57983,9.481303
58004,9.427352
58025,9.284263
58046,9.366363
58067,9.263151
58088,9.166977
58109,9.239694
58130,9.124753
58151,9.037962
58172,9.171668
58193,9.2092
58214,9.13179
58235,9.068456
58256,9.195126
58277,9.037962
58298,8.939441
58319,8.819809
58340,8.883143
58361,8.822155
58382,8.843266
58403,8.953515
58424,8.958207
58445,9.08253
58466,8.988701
58487,8.960552
58508,8.98401
58529,9.077839
58550,9.068456
58571,9.002776
58592,9.152903
58613,9.218582
58634,9.183396
58655,9.157594
58676,9.080185
58697,9.096604
58718,9.096604
58739,8.960552
58760,9.150557
58781,9.08253
58802,9.094258
58823,9.084876
58844,9.077839
58865,9.04969
58886,9.066111
58907,9.068456
58928,8.976973
58949,9.080185
58970,9.096604
58991,9.075493
59012,9.012158
59033,9.08253
59054,9.035616
59075,9.026234
59096,8.995738
59117,8.972281
59138,8.98401
59159,8.974627
59180,9.101295
59201,9.124753
59222,9.00043
59243,9.04969
59264,9.08253
59285,9.014504
59306,8.937096
59327,8.969935
59348,8.923021
59369,8.859686
59390,8.84092
59411,8.866723
59432,8.831537
59453,8.801044
59474,8.79166
59495,8.707214
59516,8.688448
59537,8.747091
59558,8.794006
59579,8.770549
59600,8.822155
59621,8.906601
59642,8.986356
59663,8.847958
59684,8.876106
59705,8.95117
59726,9.091913
59747,9.134136
59768,9.127099
59789,9.143519
59810,9.19278
59831,9.199817
59852,9.25846
59873,9.420315
59894,9.551676
59915,9.462538
59936,9.596244
59957,9.734642
59978,9.854274
59999,9.833163
60020,9.98798
60041,9.990326
60062,9.887115
60083,9.971561
60104,10.10292
60125,10.14984
60146,9.98798
60167,10.09119
60188,10.04428
60209,10.03724
60230,9.964523
60251,10.01144
60272,10.13107
60293,10.03724
60314,9.926992
60335,10.15218
60356,10.07712
60377,9.875386
60398,9.809706
60419,9.783903
60440,9.678345
60461,9.704147
60482,9.748716
60503,9.678345
60524,9.661925
60545,9.64785
60566,9.847238
60587,9.891806
60608,9.941067
60629,9.908226
60650,10.01144
60671,9.945757
60692,10.04193
60713,10.07712
60734,10.16156
60755,10.24836
60776,10.22021
60797,10.21083
60818,10.19675
60839,10.24836
60860,10.1991
60881,10.37737
60902,10.26712
60923,10.28823
60944,10.38206
60965,10.35157
60986,10.39145
61007,10.33046
61028,10.28589
61049,10.27885
61070,10.08885
61091,10.0865
61112,10.07243
61133,9.948103
61154,9.934029
61175,9.934029
61196,9.849584
61217,9.812052
61238,9.858966
61259,9.880077
61280,9.910572
61301,9.959831
61322,9.980944
61343,9.9223
61364,9.966869
61385,9.976252
61406,10.0302
61427,10.05366
61448,10.07712
61469,10.14984
61490,10.1123
61511,10.20848
61532,10.24366
61553,10.17798
61574,10.21083
61595,10.2507
61616,10.27181
61637,10.39614
61658,10.42194
61679,10.4454
61700,10.43601
61721,10.46182
61742,10.45713
61763,10.46885
61784,10.47824
61805,10.47589
61826,10.4712
61847,10.5791
61868,10.59318
61889,10.53923
61910,10.51577
61931,10.51577
61952,10.61194
61973,10.53923
61994,10.67059
62015,10.68935
62036,10.79491
62057,10.70108
62078,10.70108
62099,10.73158
62120,10.68935
62141,10.60725
62162,10.64009
62183,10.76442
62204,10.66355
62225,10.79256
62246,10.79256
62267,10.72923
62288,10.78084
62309,10.68466
62330,10.71985
62351,10.65417
62372,10.65182
62393,10.64478
62414,10.64009
62435,10.6354
62456,10.63306
62477,10.55799
62498,10.52046
62519,10.48762
62540,10.52046
62561,10.45478
62582,10.36564
62603,10.35391
62624,10.37503
62645,10.39848
62666,10.48293
62687,10.39379
62708,10.52281
62729,10.53453
62750,10.59552
62771,10.50873
62792,10.56503
62813,10.46651
62834,10.49466
62855,10.43367
62876,10.56738
62897,10.59552
62918,10.56034
62939,10.5275
62960,10.4454
62981,10.4712
63002,10.47589
63023,10.52515
63044,10.32107
63065,10.29058
63086,10.30465
63107,10.23194
63128,10.24836
63149,10.35391
63170,10.1686
63191,10.17564
63212,10.13811
63233,10.05366
63254,10.10996
63275,10.14749
63296,10.07712
63317,9.931683
63338,9.962177
63359,9.844892
63380,9.795631
63401,9.751062
63422,9.683037
63443,9.514144
63464,9.495378
63485,9.64785
63506,9.457847
63527,9.502416
63548,9.48834
63569,9.396858
63590,9.256114
63611,9.300683
63632,9.286609
63653,9.134136
63674,9.162285
63695,9.152903
63716,9.19278
63737,8.967589
63758,9.026234
63779,9.152903
63800,9.213891
63821,8.908947
63842,9.089567
63863,9.232656
63884,9.2092
63905,9.120062
63926,9.155248
63947,9.162285
63968,9.300683
63989,9.235003
64010,9.288955
64031,9.387475
64052,9.246731
64073,9.171668
64094,9.225619
64115,9.2092
64136,9.25846
64157,9.279572
64178,9.328832
64199,9.202163
64220,9.059073
64241,8.998084
64262,9.162285
64283,9.190434
64304,9.019196
64325,8.962898
64346,9.026234
64367,9.077839
64388,9.056727
64409,9.096604
64430,9.101295
64451,9.204508
64472,9.183396
64493,9.166977
64514,9.216236
64535,9.235003
64556,9.249077
64577,9.312411
64598,9.333523
64619,9.256114
64640,9.293646
64661,9.34056
64682,9.270188
64703,9.286609
64724,9.310066
64745,9.295992
64766,9.286609
64787,9.286609
64808,9.328832
64829,9.27488
64850,9.213891
64871,9.237348
64892,9.185742
64913,9.176359
64934,9.218582
64955,9.164631
64976,9.176359
64997,9.185742
65018,9.13179
65039,9.127099
65060,9.169322
65081,9.066111
65102,9.063765
65123,9.056727
65144,9.127099
65165,9.04969
65186,9.044999
65207,9.073148
65228,9.012158
65249,8.887836
65270,8.876106
65291,9.054381
65312,8.998084
65333,8.958207
65354,8.915984
65375,8.974627
65396,8.829192
65417,8.925366
65438,8.906601
65459,8.72598
65480,8.505482
65501,8.526593
65522,8.547705
65543,8.615731
65564,8.686103
65585,8.679066
65606,8.69314
65627,8.64388
65648,8.819809
65669,8.962898
65690,8.988701
65711,9.070802
65732,9.27488
65753,9.338214
65774,9.300683
65795,9.312411
65816,9.497724
65837,9.572787
65858,9.805015
65879,9.971561
65900,9.912917
65921,10.02551
65942,10.19206
65963,10.39145
65984,10.41959
66005,10.26947
66026,10.497
66047,10.47589
66068,10.4149
66089,10.58614
66110,10.58614
66131,10.5533
66152,10.58614
66173,10.65886
66194,10.48997
66215,10.38206
66236,10.33046
66257,10.4149
66278,10.49935
66299,10.37033
66320,10.18268
66341,10.17564
66362,10.33515
66383,10.10996
66404,10.13576
66425,10.09119
66446,9.995018
66467,9.936375
66488,9.891806
66509,9.950449
66530,9.699456
66551,9.680691
66572,9.633776
66593,9.530564
66614,9.603281
66635,9.683037
66656,9.619701
66677,9.563404
66698,9.478958
66719,9.722914
66740,9.692419
66761,9.769828
66782,9.870694
66803,9.971561
66824,9.995018
66845,9.999709
66866,10.06305
66887,10.14984
66908,10.04897
66929,10.11465
66950,10.29527
66971,10.19206
66992,10.307
67013,10.26478
67034,10.28589
67055,10.41021
67076,10.32576
67097,10.27416
67118,10.24132
67139,10.22959
67160,10.10058
67181,10.27885
67202,10.36564
67223,10.19206
67244,10.21317
67265,10.17329
67286,10.27416
67307,10.17798
67328,10.16626
67349,10.05601
67370,10.16626
67391,10.14984
67412,10.12403
67433,10.09823
67454,10.04897
67475,10.09823
67496,10.09823
67517,10.01144
67538,9.98329
67559,10.08885
67580,10.03959
67601,10.0044
67622,9.997364
67643,10.05835
67664,10.1428
67685,10.15218
67706,10.05835
67727,10.04897
67748,10.07008
67769,10.14514
67790,10.13107
67811,10.18502
67832,10.16391
67853,10.17329
67874,10.21317
67895,10.27416
67916,10.27416
67937,10.24836
67958,10.26008
67979,10.32107
68000,10.29996
68021,10.41959
68042,10.40552
68063,10.4149
68084,10.45244
68105,10.43836
68126,10.57441
68147,10.51108
68168,10.52281
68189,10.51342
68210,10.41021
68231,10.48762
68252,10.51108
68273,10.46651
68294,10.52984
68315,10.50404
68336,10.46416
68357,10.48762
68378,10.56268
68399,10.49231
68420,10.56972
68441,10.47589
68462,10.40083
68483,10.39614
68504,10.42194
68525,10.47355
68546,10.48528
68567,10.40787
68588,10.38675
68609,10.37972
68630,10.46182
68651,10.4454
68672,10.45713
68693,10.52046
68714,10.43132
68735,10.48762
68756,10.48528
68777,10.46182
68798,10.53453
68819,10.46182
68840,10.42663
68861,10.50404
68882,10.51577
68903,10.54157
68924,10.59787
68945,10.58145
68966,10.6096
68987,10.62133
69008,10.5838
69029,10.48762
69050,10.48293
69071,10.50873
69092,10.56268
69113,10.59787
69134,10.56034
69155,10.46416
69176,10.55799
69197,10.61194
69218,10.50639
69239,10.50639
69260,10.50404
69281,10.58614
69302,10.46182
69323,10.34922
69344,10.40787
69365,10.29996
69386,10.28823
69407,10.37737
69428,10.31873
69449,10.24601
69470,10.21317
69491,10.25305
69512,10.24601
69533,10.10996
69554,9.929338
69575,9.978598
69596,9.952795
69617,9.783903
69638,9.605627
69659,9.509453
69680,9.643159
69701,9.797977
69722,9.530564
69743,9.305374
69764,9.23031
69785,9.457847
69806,9.483649
69827,9.324141
69848,9.223273
69869,9.091913
69890,9.253768
69911,9.239694
69932,9.199817
69953,9.129445
69974,8.981664
69995,9.232656
70016,9.263151
70037,9.2913
70058,9.084876
70079,9.042653
70100,9.267843
70121,9.277225
70142,9.162285
70163,8.981664
70184,8.894873
70205,9.09895
70226,9.052036
70247,8.969935
70268,8.955861
70289,9.021542
70310,9.09895
70331,9.075493
70352,9.005121
70373,8.967589
70394,9.04969
70415,9.105988
70436,9.120062
70457,9.014504
70478,9.174014
70499,9.253768
70520,9.169322
70541,9.164631
70562,9.157594
70583,9.225619
70604,9.239694
70625,9.249077
70646,9.235003
70667,9.190434
70688,9.183396
70709,9.27488
70730,9.263151
70751,9.314757
70772,9.263151
70793,9.27488
70814,9.202163
70835,9.232656
70856,9.321795
70877,9.249077
70898,9.129445
70919,9.176359
70940,9.206854
70961,9.129445
70982,9.169322
71003,9.176359
71024,9.120062
71045,9.122408
71066,9.026234
71087,9.03327
71108,9.028579
71129,8.991047
71150,8.899564
71171,8.920675
71192,8.927712
71213,8.803389
71234,8.796351
71255,8.763512
71276,8.655608
71297,8.629806
71318,8.672029
71339,8.728326
71360,8.749437
71381,8.754128
71402,8.779932
71423,8.84092
71444,8.930058
71465,8.801044
71486,8.915984
71507,9.014504
71528,9.23031
71549,9.232656
71570,9.171668
71591,9.237348
71612,9.596244
71633,9.525873
71654,9.467229
71675,9.48834
71696,9.706493
71717,9.596244
71738,9.511798
71759,9.826125
71780,9.80736
71801,9.643159
71822,9.678345
71843,9.858966
71864,9.891806
71885,9.821435
71906,9.934029
71927,9.870694
71948,9.898843
71969,9.90588
71990,9.976252
72011,10.13342
72032,10.1428
72053,10.10058
72074,10.09823
72095,10.39848
72116,10.27885
72137,10.22255
72158,10.29762
72179,10.31169
72200,10.21083
72221,10.17329
72242,10.3891
72263,10.23897
72284,10.24366
72305,10.21786
72326,10.23428
72347,9.891806
72368,9.978598
72389,10.20848
72410,10.04193
72431,9.9223
72452,9.898843
72473,9.666616
72494,9.748716
72515,9.781557
72536,9.769828
72557,9.56575
72578,9.575133
72599,9.622047
72620,9.607973
72641,9.558713
72662,9.551676
72683,9.439081
72704,9.429698
72725,9.471921
72746,9.450809
72767,9.448463
72788,9.403895
72809,9.448463
72830,9.497724
72851,9.457847
72872,9.579824
72893,9.502416
72914,9.558713
72935,9.518835
72956,9.570441
72977,9.657233
72998,9.600936
73019,9.507107
73040,9.619701
73061,9.610318
73082,9.633776
73103,9.589207
73124,9.612664
73145,9.66427
73166,9.626739
73187,9.727605
73208,9.795631
73229,9.891806
73250,9.90588
73271,9.795631
73292,9.800323
73313,9.912917
73334,9.952795
73355,10.05366
73376,10.04662
73397,10.05366
73418,9.945757
73439,9.995018
73460,10.02786
73481,10.01613
73502,10.03255
73523,10.01848
73544,10.02317
73565,9.915263
73586,10.09823
73607,10.05601
73628,9.957487
73649,10.08885
73670,10.02786
73691,10.09119
73712,10.18502
73733,10.12403
73754,10.20144
73775,10.25774
73796,10.20613
73817,10.22959
73838,10.57207
73859,10.44071
73880,10.48293
73901,10.41725
73922,10.53453
73943,10.59318
73964,10.7175
73985,10.57207
74006,10.6354
74027,10.68701
74048,10.73627
74069,10.72219
74090,10.75503
74111,10.70812
74132,10.68466
74153,10.60725
74174,10.62133
74195,10.63775
74216,10.54157
74237,10.57207
74258,10.57676
74279,10.49935
74300,10.52281
74321,10.53453
74342,10.59787
74363,10.62367
74384,10.54861
74405,10.53453
74426,10.67528
74447,10.56034
74468,10.5533
74489,10.56503
74510,10.59318
74531,10.64009
74552,10.70343
74573,10.57207
74594,10.67059
74615,10.65886
74636,10.76911
74657,10.68935
74678,10.76911
74699,10.79256
74720,10.71046
74741,10.63071
74762,10.52984
74783,10.53923
74804,10.56738
74825,10.55565
74846,10.54626
74867,10.42663
74888,10.39379
74909,10.40787
74930,10.31169
74951,10.26008
74972,10.26712
74993,10.33046
75014,10.33749
75035,10.38675
75056,10.40083
75077,10.43836
75098,10.46182
75119,10.47589
75140,10.46885
75161,10.54157
75182,10.66355
75203,10.67528
75224,10.59083
75245,10.50404
75266,10.64244
75287,10.6354
75308,10.78084
75329,10.68701
75350,10.46182
75371,10.51577
75392,10.30935
75413,10.15922
75434,10.52984
75455,10.37737
75476,10.1991
75497,10.09119
75518,10.33046
75539,9.966869
75560,9.762791
75581,9.929338
75602,9.666616
75623,9.537601
75644,9.561059
75665,9.575133
75686,9.342906
75707,9.509453
75728,9.558713
75749,9.338214
75770,9.30772
75791,9.347597
75812,9.342906
75833,9.279572
75854,9.103642
75875,9.09895
75896,8.953515
75917,9.08253
75938,9.026234
75959,8.810426
75980,8.90191
76001,8.798697
76022,8.878452
76043,8.862032
76064,8.596965
76085,8.535976
76106,8.700177
76127,8.772895
76148,8.674374
76169,8.655608
76190,8.756474
76211,8.892527
76232,8.871415
76253,8.850304
76274,8.892527
76295,9.103642
76316,9.105988
76337,9.204508
76358,9.174014
76379,9.298337
76400,9.317103
76421,9.223273
76442,9.2092
76463,9.270188
76484,9.117716
76505,9.281918
76526,9.122408
76547,9.089567
76568,9.216236
76589,9.284263
76610,9.253768
76631,9.166977
76652,9.105988
76673,9.075493
76694,9.166977
76715,9.2913
76736,9.216236
76757,9.305374
76778,9.387475
76799,9.446118
76820,9.366363
76841,9.469575
76862,9.364017
76883,9.335869
76904,9.38982
76925,9.342906
76946,9.493032
76967,9.535255
76988,9.668962
77009,9.584516
77030,9.399203
77051,9.387475
77072,9.373401
77093,9.342906
77114,9.410933
77135,9.277225
77156,9.279572
77177,9.359325
77198,9.232656
77219,9.204508
77240,9.087222
77261,8.953515
77282,8.873761
77303,8.847958
77324,8.918329
77345,8.98401
77366,8.876106
77387,8.79166
77408,8.782278
77429,8.756474
77450,8.756474
77471,8.714252
77492,8.67672
77513,8.599311
77534,8.653263
77555,8.826846
77576,8.681411
77597,8.69314
77618,8.714252
77639,8.688448
77660,8.531285
77681,8.655608
77702,8.6603
77723,8.796351
77744,8.709559
77765,8.735363
77786,8.8245
77807,8.808081
77828,8.859686
77849,8.932404
77870,8.969935
77891,9.263151
77912,9.293646
77933,9.373401
77954,9.59859
77975,9.776865
77996,9.912917
78017,10.14984
78038,10.05835
78059,9.98329
78080,10.29527
78101,10.49935
78122,10.45947
78143,10.61898
78164,10.79491
78185,10.54626
78206,10.4712
78227,10.90751
78248,10.79256
78269,10.73392
78290,10.76207
78311,10.65182
78332,10.64244
78353,10.93331
78374,10.81602
78395,10.69404
78416,10.84652
78437,10.86059
78458,10.65182
78479,10.66121
78500,10.55565
78521,10.42429
78542,10.34453
78563,10.27416
78584,10.18033
78605,10.03489
78626,9.722914
78647,9.509453
78668,9.27488
78689,9.068456
78710,9.181051
78731,9.277225
78752,8.915984
78773,8.707214
78794,8.887836
78815,8.8245
78836,8.758821
78857,8.8245
78878,9.012158
78899,8.716597
78920,8.768204
78941,8.864378
78962,8.805735
78983,8.913638
79004,8.915984
79025,8.808081
79046,8.923021
79067,8.986356
79088,8.873761
79109,8.829192
79130,8.930058
79151,9.094258
79172,9.077839
79193,9.220928
79214,9.310066
79235,9.314757
79256,9.27488
79277,9.354634
79298,9.518835
79319,9.556367
79340,9.493032
79361,9.546985
79382,9.591553
79403,9.554022
79424,9.502416
79445,9.638468
79466,9.753407
79487,9.666616
79508,9.676
79529,9.680691
79550,9.875386
79571,9.938721
79592,9.936375
79613,9.875386
79634,9.934029
79655,10.07712
79676,10.09823
79697,10.03489
79718,10.01848
79739,10.10058
79760,10.01613
79781,9.966869
79802,9.912917
79823,9.903535
79844,9.894152
79865,9.966869
79886,9.912917
79907,9.938721
79928,9.898843
79949,10.06539
79970,10.03489
79991,10.12638
80012,10.18033
80033,10.35157
80054,10.31404
80075,10.47589
80096,10.62133
80117,10.71516
80138,10.85824
80159,10.81133
80180,11.00837
80201,11.0506
80222,11.11393
80243,11.19368
80264,11.18899
80285,11.09047
80306,11.0764
80327,11.09985
80348,11.02714
80369,10.9638
80390,11.04356
80411,10.89812
80432,10.89343
80453,10.84652
80474,10.81602
80495,10.84652
80516,10.76207
80537,10.85824
80558,10.87232
80579,10.83713
80600,10.83479
80621,10.87232
80642,10.90985
80663,11.03652
80684,11.08578
80705,10.9943
80726,11.06467
80747,10.99195
80768,11.02245
80789,11.05529
80810,11.05294
80831,11.08109
80852,11.0459
80873,10.87467
80894,10.6917
80915,10.80664
80936,10.66824
80957,10.66121
80978,10.66824
80999,10.49466
81020,10.39145
81041,10.38675
81062,10.03959
81083,10.01378
81104,10.10292
81125,9.98329
81146,9.952795
81167,9.936375
81188,10.0607
81209,9.992672
81230,9.912917
81251,9.971561
81272,9.835509
81293,9.915263
81314,10.12403
81335,9.992672
81356,10.0044
81377,9.941067
81398,10.20848
81419,9.912917
81440,9.952795
81461,10.18268
81482,9.999709
81503,9.898843
81524,9.861312
81545,9.945757
81566,9.251423
81587,9.690074
81608,9.887115
81629,9.469575
81650,9.361671
81671,9.41797
81692,9.347597
81713,9.347597
81734,9.197471
81755,9.237348
81776,9.185742
81797,9.265497
81818,9.216236
81839,9.152903
81860,9.204508
81881,9.044999
81902,9.155248
81923,9.148211
81944,9.150557
81965,9.066111
81986,9.056727
82007,9.155248
82028,9.15994
82049,9.03327
82070,9.059073
82091,9.145865
82112,9.108333
82133,9.108333
82154,8.930058
82175,8.904256
82196,8.958207
82217,8.960552
82238,9.03327
82259,9.101295
82280,9.073148
82301,9.014504
82322,8.955861
82343,8.93475
82364,9.005121
82385,9.056727
82406,9.007467
82427,9.014504
82448,9.120062
82469,9.188088
82490,9.202163
82511,9.145865
82532,9.23031
82553,9.145865
82574,9.293646
82595,9.382783
82616,9.361671
82637,9.366363
82658,9.432044
82679,9.249077
82700,9.225619
82721,9.267843
82742,9.263151
82763,9.166977
82784,9.148211
82805,9.181051
82826,9.293646
82847,9.284263
82868,9.338214
82889,9.279572
82910,9.270188
82931,9.305374
82952,9.349943
82973,9.298337
82994,9.324141
83015,9.35698
83036,9.352288
83057,9.420315
83078,9.385129
83099,9.446118
83120,9.40624
83141,9.396858
83162,9.41797
83183,9.441426
83204,9.408587
83225,9.378092
83246,9.502416
83267,9.478958
83288,9.441426
83309,9.439081
83330,9.455501
83351,9.366363
83372,9.434389
83393,9.319448
83414,9.251423
83435,9.190434
83456,9.206854
83477,9.188088
83498,9.037962
83519,9.091913
83540,9.059073
83561,9.037962
83582,8.967589
83603,8.923021
83624,9.04969
83645,9.054381
83666,9.044999
83687,9.028579
83708,8.991047
83729,8.998084
83750,9.113025
83771,9.338214
83792,9.359325
83813,9.441426
83834,9.342906
83855,9.446118
83876,9.509453
83897,9.448463
83918,9.366363
83939,9.310066
83960,9.434389
83981,9.434389
84002,9.314757
84023,9.352288
84044,9.413278
84065,9.253768
84086,8.98401
84107,9.075493
84128,9.188088
84149,9.204508
84170,9.120062
84191,9.03327
84212,9.15994
84233,9.199817
84254,9.141173
84275,9.089567
84296,9.155248
84317,9.220928
84338,9.202163
84359,9.253768
84380,9.338214
84401,9.382783
84422,9.457847
84443,9.471921
84464,9.643159
84485,9.692419
84506,9.654888
84527,9.748716
84548,9.861312
84569,9.936375
84590,9.814397
84611,9.760445
84632,9.941067
84653,10.03724
84674,9.85662
84695,9.938721
84716,10.05366
84737,10.00909
84758,9.884768
84779,9.969215
84800,10.0044
84821,10.12169
84842,9.992672
84863,9.948103
84884,10.08885
84905,10.16391
84926,10.14984
84947,10.24836
84968,10.25539
84989,10.23194
85010,10.28589
85031,10.27181
85052,10.17095
85073,10.16156
85094,10.16156
85115,10.23194
85136,10.14045
85157,10.08885
85178,10.1123
85199,10.09354
85220,10.05132
85241,9.957487
85262,9.950449
85283,9.926992
85304,9.969215
85325,9.999709
85346,10.01848
85367,10.0607
85388,9.938721
85409,9.936375
85430,10.00206
85451,10.00909
85472,10.06773
85493,9.90588
85514,9.887115
85535,9.851928
85556,9.90588
85577,9.9223
85598,9.999709
85619,9.98798
85640,10.02786
85661,10.13811
85682,10.09588
85703,10.13107
85724,10.14749
85745,10.20144
85766,10.34219
85787,10.17798
85808,10.24601
85829,10.26478
85850,10.35157
85871,10.33515
85892,10.21317
85913,10.17329
85934,10.18737
85955,10.25539
85976,10.28823
85997,10.17329
86018,10.33046
86039,10.26008
86060,10.40317
86081,10.43367
86102,10.43367
86123,10.35157
86144,10.46416
86165,10.55096
86186,10.52984
86207,10.52046
86228,10.48997
86249,10.53688
86270,10.63071
86291,10.61429
86312,10.66355
86333,10.66121
86354,10.58614
86375,10.53453
86396,10.56503
86417,10.56034
86438,10.54861
86459,10.56268
86480,10.60725
86501,10.53688
86522,10.50873
86543,10.48293
86564,10.39848
86585,10.43367
86606,10.43836
86627,10.36564
86648,10.48762
86669,10.40552
86690,10.41256
86711,10.51108
86732,10.48997
86753,10.46416
86774,10.47355
86795,10.46182
86816,10.48528
86837,10.43836
86858,10.39614
86879,10.47824
86900,10.46416
86921,10.50404
86942,10.44305
86963,10.46416
86984,10.41256
87005,10.35626
87026,10.4149
87047,10.49231
87068,10.43367
87089,10.35157
87110,10.33046
87131,10.29058
87152,10.34453
87173,10.33046
87194,10.27416
87215,10.33515
87236,10.22021
87257,10.17798
87278,10.23428
87299,10.24366
87320,10.25539
87341,10.31873
87362,10.1686
87383,10.27416
87404,10.17564
87425,10.13107
87446,10.32576
87467,10.29058
87488,10.34453
87509,10.60256
87530,10.30935
87551,10.23428
87572,10.17564
87593,10.14514
87614,10.32576
87635,10.2765
87656,10.30231
87677,10.20144
87698,10.15687
87719,10.2812
87740,10.26947
87761,10.23194
87782,10.21786
87803,9.926992
87824,10.07008
87845,10.00206
87866,10.10761
87887,9.969215
87908,9.912917
87929,9.840199
87950,9.805015
87971,9.783903
87992,9.718222
88013,9.708839
88034,9.568096
88055,9.425007
88076,9.288955
88097,9.2913
88118,9.441426
88139,9.537601
88160,9.509453
88181,9.460192
88202,9.382783
88223,9.425007
88244,9.462538
88265,9.589207
88286,9.572787
88307,9.427352
88328,9.535255
88349,9.638468
88370,9.701802
88391,9.692419
88412,9.530564
88433,9.51649
88454,9.495378
88475,9.453156
88496,9.303029
88517,9.333523
88538,9.293646
88559,9.206854
88580,9.220928
88601,9.174014
88622,9.01685
88643,9.028579
88664,8.946478
88685,8.90191
88706,8.939441
88727,8.923021
88748,8.862032
88769,8.918329
88790,8.906601
88811,8.90191
88832,8.90191
88853,8.974627
88874,9.059073
88895,9.113025
88916,9.068456
88937,9.066111
88958,9.120062
88979,9.105988
89000,9.113025
89021,9.087222
89042,9.113025
89063,9.115371
89084,9.124753
89105,9.145865
89126,9.15994
89147,9.091913
89168,9.09895
89189,9.063765
89210,9.108333
89231,9.068456
89252,9.152903
89273,9.155248
89294,9.213891
89315,9.166977
89336,9.174014
89357,9.148211
89378,9.054381
89399,9.150557
89420,9.127099
89441,9.044999
89462,9.026234
89483,9.08253
89504,9.150557
89525,9.113025
89546,9.117716
89567,9.199817
89588,9.145865
89609,9.044999
89630,9.101295
89651,9.096604
89672,9.021542
89693,9.028579
89714,9.143519
89735,9.084876
89756,8.939441
89777,8.962898
89798,9.007467
89819,8.93475
89840,8.98401
89861,8.923021
89882,8.866723
89903,9.005121
89924,9.059073
89945,9.040307
89966,9.143519
89987,9.134136
90008,9.080185
90029,9.188088
90050,9.263151
90071,9.349943
90092,9.202163
90113,9.335869
90134,9.495378
90155,9.478958
90176,9.469575
90197,9.596244
90218,9.577478
90239,9.61501
90260,9.800323
90281,9.9223
90302,9.912917
90323,10.05366
90344,10.13811
90365,10.08885
90386,10.10292
90407,10.09354
90428,10.12169
90449,10.08181
90470,9.945757
90491,10.00909
90512,9.896498
90533,9.828471
90554,9.915263
90575,9.847238
90596,9.704147
90617,9.668962
90638,9.809706
90659,9.891806
90680,9.645505
90701,9.584516
90722,9.464884
90743,9.514144
90764,9.579824
90785,9.464884
90806,9.300683
90827,9.361671
90848,9.321795
90869,9.371055
90890,9.2913
90911,9.319448
90932,9.403895
90953,9.554022
90974,9.493032
90995,9.352288
91016,9.387475
91037,9.429698
91058,9.392166
91079,9.558713
91100,9.584516
91121,9.471921
91142,9.570441
91163,9.521181
91184,9.51649
91205,9.575133
91226,9.485995
91247,9.556367
91268,9.556367
91289,9.61501
91310,9.624393
91331,9.539948
91352,9.650196
91373,9.680691
91394,9.765137
91415,9.868348
91436,9.950449
91457,9.938721
91478,10.07946
91499,9.992672
91520,9.962177
91541,10.04897
91562,10.04428
91583,10.07946
91604,10.12403
91625,10.07946
91646,10.08885
91667,10.05835
91688,10.01613
91709,10.04897
91730,10.16391
91751,10.09823
91772,10.03489
91793,9.976252
91814,10.10761
91835,10.08885
91856,10.23428
91877,10.23194
91898,10.35391
91919,10.4149
91940,10.45478
91961,10.51811
91982,10.6096
92003,10.73627
92024,10.8301
92045,10.8817
92066,10.91689
92087,10.92158
92108,10.92627
92129,10.87467
92150,10.87936
92171,10.87467
92192,10.69639
92213,10.76911
92234,10.80429
92255,10.72923
92276,10.66355
92297,10.57676
92318,10.58849
92339,10.60491
92360,10.61664
92381,10.65417
92402,10.62133
92423,10.61429
92444,10.64713
92465,10.61898
92486,10.70577
92507,10.72923
92528,10.73158
92549,10.81602
92570,10.7738
92591,10.78553
92612,10.74565
92633,10.79491
92654,10.8301
92675,10.73392
92696,10.90516
92717,10.88874
92738,10.83244
92759,10.69639
92780,10.6917
92801,10.62602
92822,10.53923
92843,10.56972
