8849,10.95911
8870,11.14208
8891,11.09047
8912,11.06936
8933,11.03417
8954,10.97084
8975,11.16319
8996,11.08813
9017,10.98022
9038,11.02714
9059,10.86763
9080,11.09985
9101,11.25936
9122,10.94973
9143,11.01306
9164,10.98492
9185,11.06467
9206,11.02948
9227,11.03183
9248,10.99195
9269,11.00368
9290,11.01306
9311,11.11862
9332,11.07874
9353,11.22418
9374,11.17492
9395,11.21245
9416,11.26875
9437,11.35319
9458,11.2101
9479,11.35085
9500,11.28048
9521,11.28282
9542,11.30393
9563,11.27813
9584,11.22652
9605,11.19603
9626,11.17257
9647,11.1585
9668,11.15615
9689,11.08343
9710,11.02948
9731,11.11158
9752,11.13739
9773,10.98257
9794,10.97553
9815,10.93096
9836,10.98726
9857,11.08813
9878,11.03183
9899,11.04121
9920,10.98257
9941,11.10689
9962,11.02245
9983,11.0764
10004,11.04356
10025,11.05294
10046,11.08343
10067,11.09751
10088,10.98961
10109,10.75738
10130,10.72219
10151,10.52515
10172,10.29527
10193,10.24836
10214,10.15218
10235,9.903535
10256,9.80736
10277,9.802669
10298,9.863657
10319,9.847238
10340,9.657233
10361,9.570441
10382,9.584516
10403,9.535255
10424,9.361671
10445,9.267843
10466,9.035616
10487,9.110679
10508,9.105988
10529,9.077839
10550,8.974627
10571,8.991047
10592,8.991047
10613,9.052036
10634,8.993393
10655,8.920675
10676,8.974627
10697,9.073148
10718,9.00043
10739,9.009813
10760,9.115371
10781,9.03327
10802,8.93475
10823,8.981664
10844,9.040307
10865,9.014504
10886,8.894873
10907,8.859686
10928,8.932404
10949,8.969935
10970,8.892527
10991,8.906601
11012,8.90191
11033,8.937096
11054,8.90191
11075,8.955861
11096,8.986356
11117,8.967589
11138,8.948824
11159,8.876106
11180,8.98401
11201,8.993393
11222,8.993393
11243,9.073148
11264,9.117716
11285,9.066111
11306,9.094258
11327,9.070802
11348,9.190434
11369,9.195126
11390,9.150557
11411,9.157594
11432,9.213891
11453,9.284263
11474,9.199817
11495,9.25846
11516,9.35698
11537,9.246731
11558,9.225619
11579,9.251423
11600,9.166977
11621,9.256114
11642,9.286609
11663,9.227965
11684,9.220928
11705,9.295992
11726,9.281918
11747,9.263151
11768,9.310066
11789,9.366363
11810,9.35698
11831,9.30772
11852,9.35698
11873,9.420315
11894,9.382783
11915,9.471921
11936,9.410933
11957,9.420315
11978,9.338214
11999,9.385129
12020,9.401549
12041,9.394512
12062,9.415624
12083,9.378092
12104,9.295992
12125,9.284263
12146,9.30772
12167,9.286609
12188,9.237348
12209,9.267843
12230,9.202163
12251,9.181051
12272,9.288955
12293,9.204508
12314,9.190434
12335,9.23031
12356,9.127099
12377,9.117716
12398,9.246731
12419,9.244386
12440,9.169322
12461,9.150557
12482,9.129445
12503,9.108333
12524,9.178705
12545,9.127099
12566,9.129445
12587,9.136482
12608,9.096604
12629,9.174014
12650,9.070802
12671,9.014504
12692,8.991047
12713,8.98401
12734,8.822155
12755,8.810426
12776,8.817463
12797,8.711905
12818,8.690794
12839,8.672029
12860,8.72598
12881,8.622768
12902,8.613385
12923,8.646226
12944,8.669683
12965,8.749437
12986,8.775241
13007,8.850304
13028,8.937096
13049,9.075493
13070,9.190434
13091,9.267843
13112,9.260805
13133,9.326486
13154,9.593899
13175,9.708839
13196,9.744025
13217,9.828471
13238,9.814397
13259,9.985635
13280,9.997364
13301,10.04193
13322,10.07008
13343,10.12638
13364,10.23663
13385,10.23428
13406,10.1991
13427,10.07946
13448,10.2765
13469,10.42194
13490,10.24601
13511,9.934029
13532,9.755754
13553,10.29292
13574,10.07008
13595,9.943413
13616,9.835509
13637,9.950449
13658,9.891806
13679,9.464884
13700,9.851928
13721,9.980944
13742,9.605627
13763,9.603281
13784,9.744025
13805,9.90588
13826,9.629085
13847,9.643159
13868,9.727605
13889,9.66427
13910,9.638468
13931,9.401549
13952,9.739333
13973,9.725259
13994,9.577478
14015,9.640813
14036,9.572787
14057,9.54933
14078,9.373401
14099,9.439081
14120,9.708839
14141,9.708839
14162,9.715877
14183,9.959831
14204,9.915263
14226,9.990326
14247,9.795631
14268,9.884768
14289,10.07946
14310,10.08885
14331,10.06305
14352,10.10292
14373,10.16626
14394,10.31404
14415,10.22255
14436,10.19675
14457,10.05132
14478,10.12403
14499,10.25305
14520,10.22255
14541,10.34688
14562,10.25539
14583,10.18502
14604,10.19206
14625,10.08885
14646,10.11934
14667,10.18268
14688,10.23428
14709,10.25539
14730,10.24132
14751,10.39379
14772,10.30231
14793,10.39848
14814,10.37503
14835,10.36095
14856,10.41021
14877,10.39614
14898,10.47824
14919,10.4454
14940,10.42898
14961,10.48058
14982,10.53923
15003,10.62602
15024,10.66355
15045,10.65417
15066,10.5533
15087,10.60491
15108,10.49935
15129,10.53453
15150,10.48997
15171,10.68232
15192,10.48293
15213,10.54392
15234,10.68466
15255,10.56268
15276,10.42429
15297,10.45713
15318,10.50873
15339,10.48997
15360,10.44305
15381,10.63071
15402,10.51342
15423,10.48762
15444,10.51108
15465,10.50873
15486,10.57207
15507,10.5533
15528,10.57207
15549,10.62367
15570,10.67059
15591,10.70343
15612,10.75503
15633,10.80899
15654,10.81602
15675,10.74096
15696,10.7996
15717,10.74096
15738,10.748
15759,10.72688
15780,10.64244
15801,10.73158
15822,10.50169
15843,10.50639
15864,10.43601
15885,10.36564
15906,10.33749
15927,10.31873
15948,10.29058
15969,10.3328
15990,10.26947
16011,10.35391
16032,10.47589
16053,10.45713
16074,10.54861
16095,10.62602
16116,10.68466
16137,10.64947
16158,10.73627
16179,10.78318
16200,10.74331
16221,10.74096
16242,10.83244
16263,10.85824
16284,10.91689
16305,10.94504
16326,10.79256
16347,10.73861
16368,10.68701
16389,10.56738
16410,10.65182
16431,10.6096
16452,10.36799
16473,10.40552
16494,10.32576
16515,10.10058
16536,10.26008
16557,10.22255
16578,10.09588
16599,10.05366
16620,9.861312
16641,9.837853
16662,9.903535
16683,9.713531
16704,9.830817
16725,9.800323
16746,9.87304
16767,9.969215
16788,10.10761
16809,10.17329
16830,10.11934
16851,10.12169
16872,10.27181
16893,10.29292
16914,10.25539
16935,10.32576
16956,10.30231
16977,10.22725
16998,9.98329
17019,10.05835
17040,10.01144
17061,10.0607
17082,9.997364
17103,9.866002
17124,9.795631
17145,9.732296
17166,9.640813
17187,9.539948
17208,9.511798
17229,9.2913
17250,9.281918
17271,9.352288
17292,9.239694
17313,9.181051
17334,9.145865
17355,9.127099
17376,9.080185
17397,9.009813
17418,9.056727
17439,9.044999
17460,8.906601
17481,8.817463
17502,8.728326
17523,8.758821
17544,8.770549
17565,8.843266
17586,8.838574
17607,8.751783
17628,8.688448
17649,8.728326
17670,8.772895
17691,8.805735
17712,8.852649
17733,8.805735
17754,8.784623
17775,8.79166
17796,8.794006
17817,8.843266
17838,8.786969
17859,8.854995
17880,8.925366
17901,8.913638
17922,9.04969
17943,8.960552
17964,9.035616
17985,9.019196
18006,8.993393
18027,8.93475
18048,9.005121
18069,8.937096
18090,8.923021
18111,8.965244
18132,8.927712
18153,8.932404
18174,8.904256
18195,8.876106
18216,8.79166
18237,8.847958
18258,8.7424
18279,8.7424
18300,8.770549
18321,8.819809
18342,8.754128
18363,8.782278
18384,8.681411
18405,8.812772
18426,8.817463
18447,8.672029
18468,8.688448
18489,8.636843
18510,8.761166
18531,8.789314
18552,8.838574
18573,8.808081
18594,8.761166
18615,8.695485
18636,8.707214
18657,8.831537
18678,8.819809
18699,8.733017
18720,8.826846
18741,8.897219
18762,8.883143
18783,8.723634
18804,8.95117
18825,9.007467
18846,8.836229
18867,8.829192
18888,8.822155
18909,8.93475
18930,8.817463
18951,8.786969
18972,8.972281
18993,8.948824
19014,8.890181
19035,9.063765
19056,9.134136
19077,8.878452
19098,9.105988
19119,9.41797
19140,9.136482
19161,9.108333
19182,9.612664
19203,9.788594
19224,9.349943
19245,9.643159
19266,10.07243
19287,9.887115
19308,9.687728
19329,10.07243
19350,10.15453
19371,10.00675
19392,9.889461
19413,10.19206
19434,10.117
19455,10.04428
19476,10.13811
19497,10.14749
19518,9.997364
19539,9.934029
19560,9.992672
19581,10.14749
19603,9.971561
19625,9.793285
19646,9.814397
19667,9.835509
19688,9.931683
19709,9.64785
19730,9.626739
19751,9.830817
19772,9.837853
19793,9.600936
19814,9.692419
19835,9.676
19856,9.699456
19877,9.478958
19898,9.460192
19919,9.661925
19940,9.631431
19961,9.51649
19982,9.509453
20003,9.734642
20024,9.776865
20045,9.572787
20066,9.676
20087,9.739333
20108,9.575133
20129,9.546985
20150,9.577478
20171,9.683037
20192,9.781557
20213,9.734642
20234,9.797977
20255,9.847238
20276,9.840199
20297,9.753407
20318,9.79094
20339,9.87304
20360,9.997364
20381,10.06773
20402,10.1991
20423,10.17329
20444,10.31169
20465,10.33515
20486,10.28823
20507,10.35391
20528,10.5275
20549,10.51342
20570,10.64009
20591,10.55565
20612,10.56738
20633,10.61194
20654,10.54392
20675,10.52046
20696,10.5791
20717,10.58849
20738,10.62836
20759,10.66355
20780,10.58614
20801,10.60256
20822,10.67997
20843,10.57676
20864,10.64244
20885,10.66824
20906,10.748
20927,10.82306
20948,10.88639
20969,10.96615
20990,11.00603
21011,11.02245
21032,11.27578
21053,11.44468
21074,11.41418
21095,11.35788
21116,11.32974
21137,11.18899
21158,11.20541
21179,11.09517
21200,10.98726
21221,10.94504
21242,10.86059
21263,10.81837
21284,10.8559
21305,10.84183
21326,11.05763
21347,11.07405
21368,11.05294
21389,11.0506
21410,11.15381
21431,11.08109
21452,11.18196
21473,11.17961
21494,11.30393
21515,11.23122
21536,11.30628
21557,11.33208
21578,11.34616
21599,11.30862
21620,11.14912
21641,11.0459
21662,10.95442
21683,10.84886
21704,10.79491
21725,10.63306
21746,10.38206
21767,10.37503
21788,10.18502
21809,10.1686
21830,10.06539
21851,9.90588
21872,9.898843
21893,9.887115
21914,9.837853
21935,9.823779
21956,9.819089
21977,9.955141
21998,9.934029
22019,9.955141
22040,10.00206
22061,10.11934
22082,10.14749
22103,10.12872
22124,10.21552
22145,10.30465
22166,10.31873
22187,10.1686
22208,10.30231
22229,10.32576
22250,10.24836
22271,10.28589
22292,10.27181
22313,10.33046
22334,10.20613
22355,10.15922
22376,10.25774
22397,10.26712
22418,10.20613
22439,10.18502
22460,10.21552
22481,10.14045
22502,10.18033
22523,10.12403
22544,10.12169
22565,10.1686
22586,10.11465
22607,10.17329
22628,10.0302
22649,9.891806
22670,9.840199
22691,9.722914
22712,9.690074
22733,9.650196
22754,9.66427
22775,9.544639
22796,9.504761
22817,9.455501
22838,9.366363
22859,9.164631
22880,9.124753
22901,9.225619
22922,8.962898
22943,8.852649
22964,8.854995
22985,8.862032
23006,8.981664
23027,8.857341
23048,8.704868
23069,8.718943
23090,8.72598
23111,8.664991
23132,8.808081
23153,9.188088
23174,9.028579
23195,9.005121
23216,9.129445
23237,9.019196
23258,9.138828
23279,9.019196
23300,8.972281
23321,9.143519
23342,8.981664
23363,8.897219
23384,8.812772
23405,8.79166
23426,8.763512
23447,8.662645
23468,8.7424
23489,8.561779
23510,8.531285
23531,8.735363
23552,8.545359
23573,8.608693
23594,8.611039
23615,8.53363
23636,8.657954
23657,8.667336
23678,8.69314
23699,8.702522
23720,8.871415
23741,8.930058
23762,8.953515
23783,8.960552
23804,8.911292
23825,9.01685
23846,8.993393
23867,9.166977
23888,9.091913
23909,9.134136
23930,9.110679
23951,9.040307
23972,9.162285
23993,9.152903
24014,9.068456
24035,8.995738
24056,8.946478
24077,8.948824
24098,9.026234
24119,8.995738
24140,9.075493
24161,9.047344
24182,9.110679
24203,9.157594
24224,9.129445
24245,9.150557
24266,9.091913
24287,9.211545
24308,9.319448
24329,9.392166
24350,9.342906
24371,9.413278
24392,9.577478
24413,9.448463
24434,9.335869
24455,9.450809
24476,9.443772
24497,9.303029
24518,9.286609
24539,9.317103
24560,9.364017
24581,9.265497
24602,9.213891
24623,9.227965
24644,9.115371
24665,9.171668
24686,9.227965
24707,9.13179
24728,8.920675
24749,9.075493
24770,9.211545
24791,9.166977
24812,9.096604
24833,9.300683
24854,9.293646
24875,9.134136
24896,9.199817
24917,9.497724
24938,9.303029
24959,9.295992
24980,9.66427
25001,9.708839
25022,9.525873
25043,9.495378
25064,9.767483
25085,9.915263
25106,9.847238
25127,9.844892
25148,9.795631
25169,9.694765
25190,9.64785
25211,9.884768
25232,9.978598
25253,9.769828
25274,9.676
25295,9.85662
25316,9.762791
25337,9.659579
25358,9.753407
25379,9.826125
25400,9.661925
25421,9.54933
25442,9.772174
25463,9.910572
25484,9.683037
25505,9.809706
25526,9.835509
25547,9.837853
25568,9.816743
25589,9.828471
25610,9.934029
25631,9.821435
25652,9.847238
25673,9.962177
25694,9.973906
25715,10.04428
25736,9.786248
25757,9.889461
25778,10.05601
25799,10.02082
25820,9.894152
25841,9.938721
25862,9.908226
25883,9.898843
25904,9.866002
25925,9.722914
25946,9.858966
25967,9.854274
25988,9.887115
26009,9.701802
26030,9.636122
26051,9.861312
26072,9.957487
26093,9.936375
26114,9.795631
26135,10.03489
26156,10.05132
26177,9.962177
26198,10.09119
26219,10.14514
26240,10.19206
26261,10.10058
26282,10.19206
26303,10.29527
26324,10.31169
26345,10.3633
26366,10.33515
26387,10.25774
26408,10.16391
26429,10.1123
26450,10.17095
26471,10.0607
26492,10.12403
26513,10.09588
26534,10.14514
26555,10.07243
26576,10.03489
26597,10.03489
26618,10.03255
26639,10.00675
26660,9.999709
26681,10.09354
26702,10.19441
26723,10.22959
26744,10.28823
26765,10.26008
26786,10.23897
26807,10.26008
26828,10.33984
26849,10.32576
26870,10.46182
26891,10.58145
26912,10.60491
26933,10.48762
26954,10.54392
26975,10.57207
26996,10.57676
27017,10.62367
27038,10.66121
27059,10.72219
27080,10.78084
27101,10.79726
27122,10.748
27143,10.81837
27164,10.83948
27185,10.93331
27206,10.89343
27227,10.95207
27248,10.89578
27269,10.89578
27290,10.90985
27311,10.98961
27332,11.0201
27353,10.97553
27374,10.96615
27395,11.05998
27416,11.01072
27437,11.0201
27458,11.00603
27479,10.98961
27500,11.0459
27521,11.13504
27542,10.98492
27563,10.95207
27584,10.93331
27605,10.90047
27626,10.95677
27647,10.88874
27668,10.7996
27689,10.81602
27710,10.67528
27731,10.78318
27752,10.65886
27773,10.67997
27794,10.51342
27815,10.54392
27836,10.81602
27857,10.6659
27878,10.64244
27899,10.6659
27920,10.49935
27941,10.36095
27962,10.26243
27983,10.29996
28004,10.18502
28025,10.13811
28046,10.21786
28067,10.16156
28088,10.22725
28109,10.15687
28130,10.07477
28151,10.09588
28172,10.23194
28193,10.26478
28214,10.22725
28235,10.35157
28256,10.39848
28277,10.51577
28298,10.51577
28319,10.51811
28340,10.49466
28361,10.52046
28382,10.48528
28403,10.54157
28424,10.48997
28445,10.52515
28466,10.40552
28487,10.43132
28508,10.49935
28529,10.48528
28550,10.41959
28572,10.54861
28593,10.6354
28614,10.497
28635,10.55799
28656,10.74565
28677,10.63071
28698,10.62836
28719,10.62602
28740,10.62836
28761,10.64713
28782,10.50169
28803,10.3891
28824,10.49231
28845,10.44071
28866,10.25539
28887,10.2249
28908,10.07946
28929,9.98798
28950,9.511798
28971,9.474266
28992,9.24204
29013,9.134136
29034,9.012158
29055,8.953515
29076,8.786969
29097,8.704868
29118,8.700177
29139,8.599311
29160,8.498445
29181,8.46795
29202,8.507828
29223,8.528939
29244,8.554742
29265,8.453876
29286,8.313132
29307,8.247452
29328,8.364738
29349,8.524248
29370,8.446838
29391,8.367084
29412,8.519556
29433,8.618076
29454,8.559433
29475,8.681411
29496,8.711905
29517,8.777586
29538,8.718943
29559,8.700177
29580,8.817463
29601,8.688448
29622,8.683757
29643,8.648571
29664,8.714252
29685,8.749437
29706,8.728326
29727,8.794006
29748,8.79166
29769,8.763512
29790,8.817463
29811,8.864378
29832,8.779932
29853,8.894873
29874,8.885489
29895,8.850304
29916,9.00043
29937,8.979319
29958,9.007467
29979,9.01685
30000,9.136482
30021,9.044999
30042,9.059073
30063,9.145865
30084,9.150557
30105,9.063765
30126,9.066111
30147,8.941787
30168,9.068456
30189,8.979319
30210,8.859686
30231,8.883143
30252,8.716597
30273,8.669683
30294,8.686103
30315,8.669683
30336,8.585237
30358,8.653263
30381,8.613385
30402,8.528939
30423,8.67672
30444,8.681411
30465,8.592274
30486,8.622768
30507,8.648571
30528,8.657954
30549,8.53363
30570,8.559433
30591,8.641534
30612,8.596965
30633,8.709559
30654,8.679066
30675,8.653263
30696,8.625113
30717,8.587582
30738,8.453876
30759,8.322515
30780,8.456222
30801,8.564125
30822,8.491407
30843,8.317823
30864,8.547705
30885,8.707214
30906,8.622768
30927,8.510174
30948,8.883143
30969,8.974627
30990,8.852649
31011,9.009813
31032,9.490686
31053,9.434389
31074,9.352288
31095,9.727605
31116,9.755754
31137,9.631431
31158,9.812052
31179,10.23194
31201,10.17564
31222,9.959831
31243,9.912917
31264,9.837853
31285,9.849584
31306,9.938721
31327,9.98798
31348,9.901189
31369,9.605627
31390,9.462538
31411,9.577478
31432,9.643159
31453,9.539948
31474,9.51649
31495,9.530564
31516,9.654888
31537,9.715877
31558,9.917608
31579,9.903535
31600,9.805015
31621,10.0607
31642,10.32342
31663,10.40083
31684,10.36799
31705,10.307
31726,10.32342
31747,10.31638
31768,10.35861
31789,10.31169
31810,10.33984
31831,10.24366
31852,10.29996
31873,10.40552
31894,10.48293
31915,10.55096
31936,10.55799
31957,10.47355
31978,10.53453
31999,10.69639
32020,10.66355
32041,10.55565
32062,10.54626
32083,10.52281
32104,10.4454
32125,10.48762
32146,10.54626
32167,10.43601
32188,10.47589
32209,10.48528
32230,10.46182
32251,10.5275
32272,10.42194
32293,10.50169
32314,10.51577
32335,10.497
32356,10.52046
32377,10.54157
32398,10.64244
32419,10.54157
32440,10.79256
32461,10.93096
32482,10.81133
32503,10.89343
32524,10.94035
32545,11.17961
32566,10.97788
32587,11.02948
32608,11.01306
32629,11.02948
32650,10.83479
32671,10.67059
32692,10.64009
32713,10.56268
32734,10.51811
32755,10.53923
32776,10.68466
32797,10.50873
32818,10.57676
32839,10.59552
32860,10.67528
32881,10.61664
32902,10.5533
32923,10.57676
32944,10.53923
32965,10.61429
32986,10.67997
33007,10.7738
33028,10.76442
33049,10.78084
33070,10.84652
33091,10.86059
33112,10.74565
33133,10.65651
33154,10.78318
33175,10.6917
33196,10.39848
33217,10.52046
33238,10.40083
33259,10.11465
33280,9.957487
33301,9.805015
33322,9.7581
33343,9.56575
33364,9.403895
33385,9.556367
33406,9.476612
33427,9.542293
33448,9.439081
33469,9.523527
33490,9.493032
33511,9.364017
33532,9.34056
33553,9.530564
33574,9.476612
33595,9.298337
33616,9.570441
33637,9.802669
33658,10.02551
33679,10.40317
33700,10.72923
33721,10.68701
33742,10.91689
33763,10.94973
33784,11.04825
33805,10.87701
33826,10.78787
33847,10.75972
33868,10.60491
33889,10.53219
33910,10.05601
33931,10.23194
33952,10.09588
33973,10.0044
33994,10.18971
34015,10.18502
34036,10.10292
34057,10.08181
34078,9.959831
34099,9.957487
34120,9.884768
34141,9.955141
34162,10.0607
34183,9.877731
34204,9.924646
34225,9.755754
34246,9.887115
34267,9.962177
34288,9.732296
34309,9.809706
34330,9.814397
34351,9.66427
34372,9.729951
34393,9.64785
34414,9.629085
34435,9.537601
34456,9.509453
34477,9.464884
34498,9.478958
34519,9.326486
34540,9.115371
34561,9.206854
34582,8.993393
34603,8.862032
34624,8.655608
34645,8.733017
34666,8.648571
34687,8.573507
34708,8.557088
34729,8.64388
34750,8.594619
34771,8.540668
34792,8.479678
34813,8.554742
34834,8.711905
34855,8.700177
34876,8.744746
34897,8.744746
34918,8.641534
34939,8.765858
34960,8.7424
34981,8.686103
35002,8.655608
35023,8.639189
35044,8.604002
35065,8.641534
35086,8.629806
35107,8.688448
35128,8.634497
35149,8.601656
35170,8.7424
35191,8.728326
35212,8.751783
35233,8.810426
35254,8.869069
35275,8.843266
35296,8.90191
35317,8.946478
35338,9.152903
35359,9.232656
35380,9.375746
35401,9.272534
35422,9.277225
35443,9.27488
35464,9.324141
35485,9.368709
35506,9.427352
35527,9.467229
35548,9.450809
35569,9.59859
35590,9.58217
35611,9.481303
35632,9.546985
35653,9.497724
35674,9.523527
35695,9.467229
35716,9.467229
35737,9.371055
35758,9.427352
35779,9.443772
35800,9.558713
35821,9.427352
35842,9.539948
35863,9.439081
35884,9.530564
35905,9.408587
35926,9.408587
35947,9.413278
35968,9.413278
35989,9.326486
36010,9.425007
36031,9.375746
36052,9.387475
36073,9.375746
36094,9.354634
36115,9.298337
36136,9.338214
36157,9.464884
36178,9.347597
36199,9.373401
36220,9.314757
36241,9.303029
36262,9.27488
36283,9.235003
36304,9.080185
36325,9.101295
36346,8.915984
36367,8.845612
36388,8.915984
36409,8.775241
36430,8.79166
36451,8.64388
36472,8.636843
36493,8.599311
36514,8.672029
36535,8.599311
36556,8.737708
36577,8.796351
36598,8.904256
36619,8.904256
36640,8.892527
36661,8.932404
36682,9.061419
36703,8.939441
36724,8.948824
36745,8.993393
36766,9.042653
36787,8.976973
36808,9.037962
36829,9.141173
36850,9.040307
36871,9.122408
36892,9.176359
36913,9.15994
36934,8.937096
36955,9.028579
36976,9.284263
36997,9.042653
37018,9.021542
37039,9.239694
37060,9.23031
37081,8.991047
37102,9.091913
37123,9.310066
37144,9.359325
37165,9.24204
37186,9.535255
37207,9.558713
37228,9.460192
37249,9.591553
37270,9.842546
37291,9.671308
37312,9.797977
37333,9.830817
37354,9.842546
37375,9.436735
37396,9.2913
37417,9.622047
37438,9.779211
37459,9.509453
37480,9.471921
37501,9.821435
37522,9.849584
37543,9.518835
37564,9.420315
37585,9.589207
37606,9.729951
37627,9.720568
37648,9.690074
37669,9.793285
37690,9.809706
37711,9.690074
37732,9.586862
37753,9.783903
37774,9.718222
37795,9.812052
37816,9.650196
37837,9.783903
37858,9.809706
37879,9.786248
37900,9.950449
37921,10.1428
37942,10.13107
37963,9.999709
37984,10.08416
38005,10.03255
38026,10.21552
38047,10.11934
38068,10.07477
38089,10.21552
38110,10.07946
38131,10.03959
38152,9.98798
38173,10.09354
38194,10.14749
38215,10.02786
38236,9.98798
38257,10.1686
38278,10.23428
38299,10.17564
38320,10.30465
38341,10.32811
38362,10.34453
38383,10.39848
38404,10.33749
38425,10.27181
38446,10.45478
38467,10.52984
38488,10.52984
38509,10.48293
38530,10.55799
38551,10.71985
38572,10.74096
38593,10.78084
38614,10.8301
38635,10.84417
38656,11.01072
38677,10.94973
38698,10.89578
38719,10.90516
38740,11.00603
38761,10.94738
38782,10.94504
38803,10.90281
38824,10.77849
38845,10.89109
38866,10.86294
38887,10.77614
38908,10.90985
38929,10.84886
38950,10.85121
38971,10.85121
38992,10.88874
39013,10.99899
39034,11.09047
39055,11.09985
39076,11.22183
39097,11.22652
39118,11.28048
39139,11.30393
39160,11.28986
39181,11.36492
39202,11.379
39223,11.43295
39244,11.36727
39265,11.38838
39286,11.36961
39307,11.35554
39328,11.06467
39349,11.18196
39370,11.0459
39391,10.89578
39412,10.89109
39433,10.83479
39454,10.72219
39475,10.65651
39496,10.68701
39517,10.69874
39538,10.65651
39559,10.6659
39580,10.75269
39601,10.67528
39622,10.59787
39643,10.56268
39664,10.49935
39685,10.51342
39706,10.40552
39727,10.33515
39748,10.29996
39769,10.24836
39790,10.34453
39811,10.31404
39832,10.2812
39853,10.19206
39874,10.15687
39895,10.08885
39916,10.12169
39937,10.17798
39958,9.945757
39979,9.945757
40000,9.851928
40021,9.671308
40042,9.666616
40063,9.711185
40084,9.607973
40105,9.657233
40126,9.697111
40147,9.821435
40168,9.762791
40189,9.612664
40210,9.523527
40231,9.59859
40252,9.753407
40273,9.645505
40294,9.586862
40315,9.739333
40336,9.851928
40357,9.819089
40378,9.805015
40399,9.732296
40420,9.765137
40441,9.823779
40462,9.868348
40483,9.842546
40504,9.938721
40525,9.77452
40546,9.835509
40567,9.753407
40588,9.783903
40609,9.617355
40630,9.74637
40651,9.539948
40672,9.303029
40693,9.30772
40714,9.267843
40735,9.23031
40756,9.15994
40777,9.077839
40798,9.120062
40819,9.120062
40840,9.246731
40861,8.98401
40882,8.974627
40903,8.955861
40924,8.908947
40945,8.930058
40966,8.913638
40987,9.13179
41008,9.04969
41029,9.014504
41050,9.080185
41071,9.408587
41092,9.15994
41113,9.028579
41134,9.347597
41155,9.138828
41176,9.305374
41197,9.422661
41218,9.324141
41239,9.359325
41260,9.347597
41281,9.227965
41302,9.216236
41323,9.281918
41344,9.026234
41365,9.030925
41386,8.876106
41407,8.878452
41428,8.873761
41449,8.98401
41470,8.906601
41491,8.836229
41512,8.90191
41533,8.84092
41554,8.95117
41575,8.850304
41596,8.906601
41617,8.927712
41638,9.028579
41659,9.122408
41680,9.145865
41701,9.129445
41722,9.073148
41743,9.012158
41764,9.089567
41785,9.021542
41806,8.98401
41827,8.981664
41848,8.876106
41869,8.763512
41890,8.761166
41911,8.657954
41932,8.601656
41953,8.683757
41974,8.554742
41995,8.657954
42016,8.702522
42037,8.744746
42058,8.765858
42079,8.711905
42100,8.789314
42121,8.859686
42142,8.962898
42163,9.070802
42184,9.007467
42205,9.279572
42226,9.249077
42247,9.30772
42268,9.35698
42289,9.464884
42310,9.455501
42331,9.368709
42352,9.328832
42373,9.354634
42394,9.272534
42415,9.075493
42436,9.089567
42457,8.878452
42478,8.711905
42499,8.430418
42520,8.547705
42541,8.674374
42562,8.465604
42583,8.263872
42604,8.507828
42625,8.594619
42646,8.341281
42667,8.538322
42688,8.730671
42709,8.700177
42730,8.697831
42751,8.852649
42772,8.927712
42793,8.880798
42814,8.960552
42835,9.150557
42856,9.056727
42877,9.145865
42898,9.279572
42919,9.408587
42940,9.284263
42961,9.41797
42982,9.401549
43003,9.364017
43024,9.30772
43045,9.607973
43066,9.464884
43087,9.15994
43108,8.775241
43129,9.127099
43150,9.129445
43171,9.211545
43192,9.425007
43213,9.174014
43234,8.991047
43255,9.206854
43276,9.265497
43297,9.661925
43318,9.633776
43339,9.324141
43360,9.354634
43381,9.535255
43402,9.474266
43423,9.335869
43444,9.455501
43465,9.80736
43486,9.713531
43507,9.507107
43528,9.706493
43549,10.03724
43570,9.931683
43591,9.645505
43612,9.948103
43633,10.0607
43654,9.781557
43675,9.729951
43696,9.762791
43717,10.1123
43738,10.21552
43759,10.0865
43780,10.20144
43801,10.25539
43822,10.23897
43843,10.1123
43864,10.05835
43885,10.30935
43906,10.2249
43927,10.21786
43948,10.14749
43969,10.06539
43990,10.21552
44011,10.29292
44032,10.16391
44053,10.17564
44074,10.12169
44095,10.15687
44116,10.03959
44137,10.10996
44158,10.2507
44179,10.21317
44200,10.12403
44221,9.997364
44242,10.07712
44263,10.05366
44284,9.992672
44305,10.14749
44326,10.14984
44347,10.24601
44368,10.26947
44389,10.21317
44410,10.18268
44431,10.15218
44452,10.20144
44473,10.21083
44494,10.29996
44515,10.30935
44536,10.20613
44557,10.2812
44578,10.42663
44599,10.46182
44620,10.50639
44641,10.56738
44662,10.70108
44683,10.82775
44704,10.73392
44725,10.79726
44746,10.75738
44767,10.75738
44788,10.8559
44809,10.79022
44830,10.73861
44851,10.74331
44872,10.69404
44893,10.53688
44914,10.5533
44935,10.52984
44956,10.48762
44977,10.47589
44998,10.5838
45019,10.57207
45040,10.49231
45061,10.52281
45082,10.497
45103,10.52515
45124,10.53923
45145,10.60256
45166,10.64947
45187,10.7175
45208,10.77145
45229,10.84886
45250,10.8559
45271,10.78553
45292,10.87467
45313,10.79256
45334,10.80195
45355,10.7738
45376,10.7738
45397,10.7175
45418,10.66121
45439,10.59552
45460,10.5533
45481,10.49231
45502,10.40317
45523,10.45009
45544,10.36095
45565,10.32811
45586,10.32342
45607,10.29527
45628,10.30935
45649,10.26008
45670,10.48762
45691,10.38206
45712,10.43601
45733,10.5791
45754,10.45713
45775,10.61664
45796,10.5791
45817,10.76676
45838,10.64478
45859,10.62836
45880,10.66824
45901,10.63775
45922,10.80195
45943,10.67059
45964,10.53923
45985,10.57207
46006,10.56034
46027,10.62367
46048,10.45244
46069,10.44774
46090,10.40083
46111,10.42898
46132,10.3328
46153,10.40317
46174,10.36095
46195,10.21552
46216,10.15922
46237,10.21786
46258,10.2249
46279,10.2249
46300,10.12169
46321,10.15922
46342,10.28589
46363,10.07712
46384,10.10761
46405,10.06539
46426,10.03959
46447,10.04193
46468,10.20613
46489,10.15453
46510,10.18268
46531,10.07243
46552,10.16156
46573,10.38675
46594,10.03724
46615,10.14984
46636,9.98329
46657,10.01613
46678,9.992672
46699,9.924646
46720,9.868348
46741,9.847238
46762,9.697111
46783,9.694765
46804,9.525873
46825,9.460192
46846,9.415624
46867,9.364017
46888,9.286609
46909,9.368709
46930,9.760445
46951,9.556367
46972,9.232656
46993,9.328832
47014,9.371055
47035,9.270188
47056,9.176359
47077,9.249077
47098,9.295992
47119,9.136482
47140,9.148211
47161,9.188088
47182,9.070802
47203,9.070802
47224,8.976973
47245,8.817463
47266,8.761166
47287,8.747091
47308,8.7424
47329,8.798697
47350,8.625113
47371,8.470296
47392,8.397578
47413,8.388196
47434,8.48437
47455,8.470296
47476,8.564125
47497,8.622768
47518,8.489061
47539,8.613385
47560,8.531285
47581,8.646226
47602,8.667336
47623,8.779932
47644,8.62746
47665,8.779932
47686,8.95117
47707,8.937096
47728,9.035616
47749,8.932404
47770,8.967589
47791,8.854995
47812,8.810426
47833,8.84092
47854,8.829192
47875,8.923021
47896,8.777586
47917,8.815118
47938,8.831537
47959,8.864378
47980,8.927712
48001,8.993393
48022,8.962898
48043,9.014504
48064,9.009813
48085,9.077839
48106,9.108333
48127,9.260805
48148,9.286609
48169,9.246731
48190,9.392166
48211,9.288955
48232,9.375746
48253,9.380438
48274,9.326486
48295,9.392166
48316,9.382783
48337,9.476612
48358,9.446118
48379,9.448463
48400,9.38982
48421,9.375746
48442,9.303029
48463,9.267843
48484,9.176359
48505,9.040307
48526,9.089567
48547,8.915984
48568,8.958207
48589,8.90191
48610,8.976973
48631,8.871415
48652,8.8245
48673,9.019196
48694,9.019196
48715,8.894873
48736,9.052036
48757,9.101295
48778,9.047344
48799,9.059073
48820,9.293646
48841,9.213891
48862,9.237348
48883,9.305374
48904,9.298337
48925,9.375746
48946,9.328832
48967,9.34056
48988,9.392166
49009,9.342906
49030,9.272534
49051,9.333523
49072,9.368709
49093,9.190434
49114,9.183396
49135,9.190434
49156,9.298337
49177,9.312411
49198,9.366363
49219,9.413278
49240,9.364017
49261,9.345251
49282,9.392166
49303,9.509453
49324,9.373401
49345,9.352288
49366,9.310066
49387,8.864378
49408,8.592274
49429,8.601656
49450,8.944133
49471,8.908947
49492,8.887836
49513,8.845612
49534,8.932404
49555,9.124753
49576,9.34056
49597,9.450809
49618,9.678345
49639,9.610318
49660,9.640813
49681,9.676
49702,9.9223
49723,10.0607
49744,9.990326
49765,9.833163
49786,9.943413
49807,9.828471
49828,9.736988
49849,9.521181
49870,9.722914
49891,9.626739
49912,9.497724
49933,9.396858
49954,9.518835
49975,9.593899
49996,9.493032
50017,9.579824
50038,9.631431
50059,9.530564
50080,9.708839
50101,9.912917
50122,10.05835
50143,10.17564
50164,10.26947
50185,10.38441
50206,10.54392
50227,10.75269
50248,10.72454
50269,10.77849
50290,10.76442
50311,10.81368
50332,10.80899
50353,10.74096
50374,10.82541
50395,10.80195
50416,10.68701
50437,10.57676
50458,10.73627
50479,10.82541
50500,10.82071
50521,10.80899
50542,10.89343
50563,10.95911
50584,11.0764
50605,11.07874
50626,11.16788
50647,11.3227
50668,11.35085
50689,11.35788
50710,11.52678
50731,11.5432
50752,11.47048
50773,11.41653
50794,11.43295
50815,11.37431
50836,11.34381
50857,11.1843
50878,11.21245
50899,11.19134
50920,10.99195
50941,10.96146
50962,10.94973
50983,10.89578
51004,10.90281
51025,10.92627
51046,10.91454
51067,10.98726
51088,10.93331
51109,10.92627
51130,10.94269
51151,10.89343
51172,10.94035
51193,10.88405
51214,11.01775
51235,10.87467
51256,10.93096
51277,10.86059
51298,10.97553
51319,10.79726
51340,10.86294
51361,10.5838
51382,10.48293
51403,10.38441
51424,10.34219
51445,10.21786
51466,10.1123
51487,10.01144
51508,9.952795
51529,9.816743
51550,9.650196
51571,9.638468
51592,9.659579
51613,9.685382
51634,9.739333
51655,9.626739
51676,9.701802
51697,9.77452
51718,9.959831
51739,9.936375
51760,9.969215
51781,10.10058
51802,10.21317
51823,10.27885
51844,10.26008
51868,10.34922
51893,10.4149
51914,10.57441
51935,10.63071
51956,10.75738
51977,10.61664
51998,10.72454
52019,10.59787
52040,10.6096
52061,10.73627
52082,10.52984
52103,10.54157
52124,10.46182
52145,10.50873
52166,10.45478
52187,10.44071
52208,10.41256
52229,10.42429
52250,10.4454
52271,10.4712
52292,10.45947
52313,10.40787
52334,10.40552
52355,10.2765
52376,10.24601
52397,10.2812
52418,10.14045
52439,10.11465
52460,10.03724
52481,10.00675
52502,9.823779
52523,9.659579
52544,9.59859
52565,9.661925
52586,9.535255
52607,9.375746
52628,9.30772
52649,9.293646
52670,9.113025
52691,9.122408
52712,9.044999
52733,9.030925
52754,8.930058
52775,8.819809
52796,8.864378
52817,8.740054
52838,8.545359
52859,8.500791
52880,8.634497
52901,8.615731
52922,8.413999
52943,8.413999
52964,8.646226
52985,8.662645
53006,8.650917
53027,8.669683
53048,8.67672
53069,8.657954
53090,8.779932
53111,8.890181
53132,8.906601
53153,8.930058
53174,8.864378
53195,8.90191
53216,8.941787
53237,8.704868
53258,8.611039
53279,8.657954
53300,8.622768
53321,8.531285
53342,8.554742
53363,8.604002
53384,8.528939
53405,8.620422
53426,8.653263
53447,8.674374
53468,8.615731
53489,8.596965
53510,8.772895
53532,8.775241
53553,8.890181
53574,8.852649
53595,8.95117
53616,9.157594
53637,9.197471
53658,9.24204
53679,9.328832
53700,9.38982
53721,9.284263
53742,9.155248
53763,9.178705
53784,9.181051
53805,9.134136
53826,9.007467
53847,9.056727
53868,9.04969
53889,9.005121
53910,9.023888
53931,9.037962
53952,9.014504
53973,9.005121
53994,8.974627
54016,9.096604
54037,9.113025
54058,9.13179
54079,9.183396
54100,9.225619
54121,9.267843
54142,9.235003
54163,9.314757
54184,9.244386
54205,9.227965
54226,9.286609
54247,9.279572
54268,9.256114
54289,9.249077
54310,9.220928
54331,9.19278
54352,9.197471
54373,9.134136
54394,9.117716
54415,8.976973
54436,8.930058
54457,8.836229
54478,8.758821
54499,8.688448
54520,8.62746
54541,8.528939
54562,8.38585
54583,8.503136
54604,8.416345
54625,8.270909
54646,8.1935
54667,8.36943
54688,8.261526
54709,8.071522
54730,8.1935
54751,8.261526
54772,8.270909
54793,8.299058
54814,8.491407
54835,8.524248
54856,8.575853
54877,8.639189
54898,8.843266
54919,8.920675
54940,8.763512
54961,8.939441
54982,9.127099
55003,8.944133
55024,9.110679
55045,9.272534
55066,9.185742
55087,9.169322
55108,9.38982
55129,9.624393
55150,9.666616
55171,9.427352
55192,9.882422
55213,9.884768
55234,9.762791
55255,9.908226
55276,10.13342
55297,10.03724
55318,10.01144
55339,9.992672
55360,10.21083
55381,9.995018
55402,9.919954
55423,10.11934
55444,10.10058
55465,9.917608
55486,10.14514
55507,10.11934
55528,9.941067
55549,9.80736
55570,9.802669
55591,9.90588
55612,9.558713
55633,9.563404
55654,9.884768
55675,9.973906
55696,9.783903
55717,9.636122
55738,10.00909
55759,9.978598
55780,9.849584
55801,9.957487
55822,10.117
55843,10.10058
55864,10.21786
55885,10.36095
55906,10.34219
55927,10.53453
55948,10.56503
55969,10.61664
55990,10.72219
56011,10.56503
56032,10.72219
56053,10.7175
56074,10.82306
56095,10.89109
56116,10.86294
56137,10.69874
56158,10.70577
56179,10.48528
56200,10.48058
56221,10.33984
56242,10.39848
56263,10.33749
56284,10.2812
56305,10.20379
56326,10.13107
56347,10.18971
56368,10.23428
56389,10.1991
56410,10.17564
56431,10.30465
56452,10.38206
56473,10.497
56494,10.71985
56515,10.62133
56536,10.70812
56557,10.81837
56578,10.88874
56599,10.82775
56620,10.93096
56641,10.95207
56662,10.78787
56683,10.84183
56704,10.7738
56725,10.70108
56746,10.67059
56767,10.66121
56788,10.56034
56809,10.51811
56830,10.49231
56851,10.51108
56872,10.6659
56893,10.63306
56914,10.6096
56935,10.79022
56956,10.70108
56977,10.78553
56998,10.90047
57019,10.80429
57040,10.8817
57061,10.93096
57082,10.89812
57103,10.96615
57124,11.05294
57145,11.0201
57166,11.05529
57187,10.97084
57208,11.03183
57229,10.88874
57250,10.94035
57271,10.99664
57292,10.7738
57313,10.59787
57334,10.68701
57355,10.6354
57376,10.48058
57397,10.26243
57418,10.28589
57439,10.25305
57460,10.12638
57481,10.07477
57502,10.09354
57523,10.05366
57544,9.948103
57565,10.00206
57586,10.09588
57607,10.14514
57628,10.13811
57649,10.2507
57670,10.19675
57691,10.21083
57712,10.30935
57733,10.33046
57754,10.44774
57775,10.39848
57796,10.54626
57817,10.48293
57838,10.5275
57859,10.28589
57880,10.32107
57901,10.40552
57922,10.30231
57943,10.17798
57964,10.10996
57985,10.15218
58006,10.07008
58027,9.980944
58048,10.02551
58069,10.0302
58090,10.10292
58111,9.995018
58132,9.9223
58153,10.03255
58174,9.962177
58195,9.929338
58216,9.938721
58237,9.997364
58258,9.980944
58279,9.938721
58300,9.701802
58321,9.546985
58342,9.518835
58363,9.453156
58384,9.410933
58405,9.359325
58426,9.2913
58447,9.375746
58468,9.178705
58489,9.040307
58510,9.105988
58531,9.117716
58552,9.03327
58573,9.009813
58594,9.019196
58615,9.054381
58636,8.991047
58657,8.95117
58678,8.84092
58699,8.768204
58720,8.779932
58741,8.810426
58762,8.908947
58783,8.812772
58804,8.575853
58825,8.686103
58846,8.817463
58867,8.803389
58888,9.00043
58909,9.030925
58930,9.091913
58951,9.113025
58972,9.066111
58993,9.108333
59014,9.300683
59035,9.197471
59056,9.059073
59077,9.129445
59098,9.143519
59119,9.127099
59140,9.183396
59161,9.260805
59182,9.134136
59203,9.190434
59224,9.197471
59245,9.178705
59266,9.235003
59287,9.152903
59308,9.103642
59329,9.143519
59350,9.117716
59371,9.115371
59392,9.115371
59413,9.087222
59434,9.164631
59455,9.068456
59476,9.138828
59497,9.150557
59518,9.145865
59539,9.162285
59560,9.2092
59581,9.19278
59602,9.298337
59623,9.265497
59644,9.281918
59665,9.305374
59686,9.265497
59707,9.199817
59728,9.155248
59749,9.084876
59770,9.080185
59791,9.009813
59812,8.925366
59833,8.90191
59854,8.854995
59875,8.958207
59896,8.953515
59917,8.890181
59938,8.915984
59959,8.958207
59980,8.944133
60001,9.056727
60022,9.122408
60043,9.023888
60064,9.075493
60085,9.056727
60106,9.169322
60127,9.105988
60148,9.171668
60169,9.152903
60190,9.164631
60211,9.202163
60232,9.232656
60253,9.24204
60274,9.263151
60295,9.197471
60316,9.188088
60337,9.04969
60358,9.080185
60379,9.108333
60400,9.056727
60421,8.862032
60442,8.890181
60463,8.812772
60484,8.754128
60505,8.747091
60526,8.754128
60547,8.789314
60568,8.648571
60589,8.392887
60610,8.531285
60631,8.765858
60652,8.585237
60673,8.538322
60694,8.625113
60715,8.639189
60736,8.357701
60757,8.716597
60778,8.768204
60799,8.789314
60820,8.90191
60841,9.103642
60862,9.171668
60883,9.101295
60904,9.50007
60925,9.464884
60946,9.464884
60967,9.396858
60988,9.434389
61009,9.495378
61030,9.558713
61051,9.59859
61072,9.509453
61093,9.511798
61114,9.542293
61135,9.577478
61156,9.64785
61177,9.643159
61198,9.661925
61219,9.636122
61240,9.589207
61261,9.673654
61282,9.455501
61303,9.605627
61324,9.837853
61345,9.720568
61366,9.352288
61387,9.155248
61408,9.427352
61429,9.563404
61450,9.612664
61471,9.7581
61492,9.941067
61513,9.861312
61534,9.931683
61555,10.03724
61576,10.04428
61597,9.985635
61618,10.18033
61639,10.4149
61660,10.35157
61681,10.32576
61702,10.43367
61723,10.5791
61744,10.47589
61765,10.59318
61786,10.51342
61807,10.44071
61828,10.43132
61849,10.45478
61870,10.66824
61891,10.68466
61912,10.77849
61933,10.66355
61954,10.51811
61975,10.57207
61996,10.38675
62017,10.6096
62038,10.66121
62059,10.69404
62080,10.59318
62101,10.48997
62122,10.48293
62143,10.3891
62164,10.43132
62185,10.45244
62206,10.28354
62227,10.2812
62248,10.20144
62269,10.31404
62290,10.23897
62311,10.07243
62332,10.05835
62353,10.07946
62374,10.00206
62395,10.11934
62416,10.21083
62437,10.31169
62458,10.28823
62479,10.34453
62500,10.39145
62521,10.50169
62542,10.49935
62563,10.44774
62584,10.5838
62605,10.70812
62626,10.68935
62647,10.84886
62668,10.88639
62689,10.69404
62710,10.74331
62731,10.76442
62752,10.69639
62773,10.73861
62794,10.70343
62815,10.79022
62836,10.86997
62857,10.81133
62878,10.86294
62899,10.90985
62920,10.8559
62941,10.87701
62962,10.90751
62983,10.84652
63004,10.87467
63025,10.9638
63046,11.00837
63067,11.07405
63088,10.9943
63109,11.01541
63130,11.1022
63151,11.05294
63172,10.95207
63193,11.0764
63214,11.00134
63235,10.99195
63256,10.99664
63277,10.95677
63298,10.94035
63319,10.83713
63340,10.72454
63361,10.58849
63382,10.49466
63403,10.36564
63424,10.2812
63445,10.28589
63466,10.18033
63487,10.08885
63508,10.10761
63529,10.21552
63550,10.16156
63571,10.17095
63592,10.09354
63613,10.04897
63634,10.17564
63655,10.2249
63676,10.23428
63697,10.12169
63718,10.11934
63739,10.27885
63760,10.21083
63781,10.30935
63802,10.28823
63823,10.24836
63844,10.32811
63865,10.34453
63886,10.35157
63907,10.39848
63928,10.32576
63949,10.29996
63970,10.43601
63991,10.28823
64012,10.39145
64033,10.36095
64054,10.32576
64075,10.26008
64096,10.22959
64117,10.24836
64138,10.33515
64159,10.24601
64180,10.20848
64201,10.33749
64222,10.46182
64243,10.39379
64264,10.57207
64285,10.41725
64306,10.29996
64327,10.36799
64348,10.32811
64369,10.36564
64390,10.32576
64411,10.32342
64432,10.13107
64453,10.01848
64474,9.891806
64495,10.01378
64516,9.924646
64537,9.769828
64558,9.622047
64579,9.387475
64600,9.427352
64621,9.359325
64642,9.141173
64663,9.195126
64684,8.981664
64705,9.042653
64726,9.012158
64747,8.883143
64768,8.62746
64789,8.655608
64810,8.683757
64831,8.697831
64852,8.559433
64873,8.395233
64894,8.489061
64915,8.657954
64936,8.6603
64957,8.524248
64978,8.575853
64999,8.765858
65020,8.761166
65041,8.789314
65062,8.911292
65083,8.911292
65104,8.894873
65125,8.843266
65146,8.927712
65167,9.00043
65188,8.887836
65209,8.873761
65230,8.885489
65251,8.962898
65272,8.920675
65293,8.890181
65314,8.854995
65335,8.801044
65356,8.894873
65377,8.887836
65398,8.892527
65419,8.941787
65440,8.920675
65461,8.857341
65482,8.962898
65503,8.897219
65524,8.923021
65545,8.95117
65566,8.998084
65587,8.981664
65608,9.059073
65629,9.148211
65650,9.225619
65671,9.216236
65692,9.279572
65713,9.284263
65734,9.27488
65755,9.188088
65776,9.014504
65797,9.103642
65818,8.979319
65839,8.958207
65860,8.894873
65881,8.810426
65902,8.803389
65923,8.730671
65944,8.662645
65965,8.64388
65986,8.740054
66007,8.641534
66028,8.634497
66049,8.716597
66070,8.667336
66091,8.611039
66112,8.709559
66133,8.679066
66154,8.650917
66175,8.716597
66196,8.64388
66217,8.611039
66238,8.604002
66259,8.505482
66280,8.728326
66301,8.596965
66322,8.679066
66343,8.62746
66364,8.592274
66385,8.580544
66406,8.550051
66427,8.428073
66448,8.493753
66469,8.397578
66490,8.310786
66511,8.367084
66532,8.381159
66553,8.507828
66574,8.53363
66595,8.62746
66616,8.620422
66637,8.608693
66658,8.770549
66679,9.040307
66700,8.944133
66721,8.829192
66742,9.08253
66763,9.50007
66784,9.387475
66805,9.328832
66826,9.457847
66847,9.645505
66868,9.544639
66889,9.476612
66910,9.915263
66931,9.964523
66952,9.816743
66973,9.854274
66994,9.934029
67015,9.896498
67036,9.98329
67057,10.09588
67078,9.896498
67099,9.98798
67120,10.07243
67141,10.30465
67162,10.19675
67183,10.20379
67204,10.17329
67225,10.29058
67246,10.19675
67267,10.18268
67288,10.26008
67309,10.34688
67330,10.28354
67351,10.31638
67372,10.2812
67393,10.307
67414,10.40787
67435,10.39145
67456,10.33984
67477,10.39145
67498,10.37033
67519,10.37737
67540,10.56738
67561,10.4712
67582,10.5275
67603,10.36799
67624,10.41959
67645,10.38206
67666,10.32342
67687,10.22255
67708,10.15687
67729,10.10292
67750,10.09588
67771,10.10761
67792,10.13811
67813,10.07477
67834,10.07008
67855,10.09588
67876,10.06305
67897,10.00909
67918,10.03489
67939,10.08416
67960,10.05835
67981,10.04428
68002,10.15922
68023,10.19675
68044,10.22021
68065,10.22959
68086,10.18268
68107,10.17798
68128,10.28823
68149,10.40552
68170,10.38206
68191,10.3633
68212,10.41256
68233,10.41256
68254,10.30935
68275,10.34453
68296,10.39145
68317,10.30231
68338,10.32342
68359,10.39145
68380,10.56503
68401,10.46885
68422,10.52281
68443,10.54157
68464,10.54861
68485,10.47824
68506,10.56034
68527,10.54861
68548,10.56738
68569,10.64244
68590,10.70577
68611,10.74096
68632,10.748
68653,10.79491
68674,10.89812
68695,10.94035
68716,10.9638
68737,11.09751
68758,11.08813
68779,11.15146
68800,11.33912
68821,11.2922
68842,11.24529
68863,11.19838
68884,11.23356
68905,11.03183
68926,10.98961
68947,10.93331
68968,10.7996
68989,10.73158
69010,10.71046
69031,10.71281
69052,10.68466
69073,10.62836
69094,10.53688
69115,10.54392
69136,10.67762
69157,10.70108
69178,10.59318
69199,10.71046
69220,10.71516
69241,10.83713
69262,10.73627
69283,10.75972
69304,10.59083
69325,10.76207
69346,10.68466
69367,10.64478
69388,10.80664
69409,10.89578
69430,10.6659
69451,10.65886
69472,10.47824
69493,10.67528
69514,10.37503
69535,10.12638
69556,10.17329
69577,10.12872
69598,10.27181
69619,10.15687
69640,10.13576
69661,10.17329
69682,10.0865
69703,10.18502
69724,10.12403
69745,10.07946
69766,10.07008
69787,10.24366
69808,10.26947
69829,10.31169
69850,10.28823
69871,10.29527
69892,10.28589
69913,10.18737
69934,10.2765
69955,10.2765
69976,10.37503
69997,10.30935
70018,10.23194
70039,10.21317
70060,10.15453
70081,10.00909
70102,10.07243
70123,10.03724
70144,9.992672
70165,9.917608
70186,9.87304
70207,9.786248
70228,9.612664
70249,9.739333
70270,9.53291
70291,9.190434
70312,9.286609
70333,9.328832
70354,9.197471
70375,8.991047
70396,9.019196
70417,8.962898
70438,9.077839
70459,8.941787
70480,8.906601
70501,8.906601
70522,8.948824
70543,8.923021
70564,8.880798
70585,8.871415
70606,8.794006
70627,8.714252
70648,8.744746
70669,8.789314
70690,8.786969
70711,8.716597
70732,8.72598
70753,8.756474
70774,8.730671
70795,8.754128
70816,8.822155
70837,8.826846
70858,8.733017
70879,8.730671
70900,8.721289
70921,8.878452
70942,8.892527
70963,8.763512
70984,8.810426
71005,8.894873
71026,8.927712
71047,8.84092
71068,8.880798
71089,9.00043
71110,9.25846
71131,9.317103
71152,9.211545
71173,9.279572
71194,9.249077
71215,9.303029
71236,9.23031
71257,9.260805
71278,9.298337
71299,9.277225
71320,9.373401
71341,9.267843
71362,9.333523
71383,9.270188
71404,9.30772
71425,9.216236
71446,9.345251
71467,9.368709
71488,9.293646
71509,9.260805
71530,9.300683
71551,9.277225
71572,9.359325
71593,9.272534
71614,9.272534
71635,9.263151
71656,9.288955
71677,9.223273
71698,9.312411
71719,9.25846
71740,9.272534
71761,9.312411
71782,9.300683
71803,9.263151
71824,9.317103
71845,9.317103
71866,9.270188
71887,9.429698
71908,9.267843
71929,9.178705
71950,9.169322
71971,9.03327
71992,9.063765
72013,9.059073
72034,8.995738
72055,8.885489
72076,8.913638
72097,8.8245
72118,8.763512
72139,8.761166
72160,8.718943
72181,8.6603
72202,8.709559
72223,8.737708
72244,8.733017
72265,8.679066
72286,8.847958
72307,8.906601
72328,8.892527
72349,8.890181
72370,8.986356
72391,9.037962
72412,9.00043
72433,9.084876
72454,9.073148
72475,9.155248
72496,9.190434
72517,9.15994
72538,9.124753
72559,9.103642
72580,9.113025
72601,9.129445
72622,9.157594
72643,9.052036
72664,9.110679
72685,9.183396
72706,8.969935
72727,8.969935
72748,9.108333
72769,9.13179
72790,9.237348
72811,9.213891
72832,9.375746
72853,9.448463
72874,9.570441
72895,9.678345
72916,9.718222
72937,9.844892
72958,9.957487
72979,9.98798
73000,10.05132
73021,10.08416
73042,10.04193
73063,10.07243
73084,10.18502
73105,10.1991
73126,10.20379
73147,10.08416
73168,9.973906
73189,9.718222
73210,9.891806
73231,10.12403
73252,10.18033
73273,9.964523
73294,9.924646
73315,10.07712
73336,10.0044
73357,9.966869
73378,10.04428
73399,10.19675
73420,10.0865
73441,9.828471
73462,10.06305
73483,10.06305
73504,9.957487
73525,9.945757
73546,9.969215
73567,9.980944
73588,9.9223
73609,9.901189
73630,9.938721
73651,9.973906
73672,9.980944
73693,9.882422
73714,9.542293
73735,9.523527
73756,9.607973
73777,9.697111
73798,9.673654
73819,9.739333
73840,9.882422
73861,9.793285
73882,9.887115
73903,9.924646
73924,9.948103
73945,9.924646
73966,10.00675
73987,10.13342
74008,10.24132
74029,10.26478
74050,10.21552
74071,10.36799
74092,10.40787
74113,10.44305
74134,10.46182
74155,10.48293
74176,10.5791
74197,10.64478
74218,10.77614
74239,10.82071
74260,10.90751
74281,10.90985
74302,10.9943
74323,11.12097
74344,11.11627
74365,11.05529
74386,11.16319
74407,11.15615
74428,11.32035
74449,11.33208
74470,11.24529
74491,11.28282
74512,11.20776
74533,11.23356
74554,11.26171
74575,11.2406
74596,11.34616
74617,11.35319
74638,11.41418
74659,11.35319
74680,11.379
74701,11.34616
74722,11.39776
74743,11.42122
74764,11.43764
74785,11.45875
74806,11.47986
74827,11.41887
74848,11.41887
74869,11.41184
74890,11.32504
74911,11.25936
74932,11.17726
74953,11.22887
74974,11.05998
74995,10.98022
75016,10.88874
75037,10.80899
75058,10.76676
75079,10.61898
75100,10.67528
75121,10.56034
75142,10.41725
75163,10.2812
75184,10.25305
75205,10.31404
75226,10.21552
75247,10.26712
75268,10.18268
75289,10.10761
75310,10.10761
75331,10.0607
75352,10.00206
75373,10.02317
75394,10.0302
75415,9.936375
75436,9.98329
75457,10.04428
75478,9.90588
75499,9.978598
75520,9.929338
75541,10.05132
75562,10.03255
75583,10.03959
75604,10.03959
75625,9.962177
75646,9.929338
75667,9.938721
75688,9.882422
75709,9.875386
75730,9.861312
75751,9.837853
75772,9.816743
75793,9.701802
75814,9.802669
75835,9.744025
75856,9.739333
75877,9.610318
75898,9.690074
75919,9.753407
75940,9.772174
75961,9.805015
75982,9.74637
76003,9.77452
76024,9.821435
76045,9.849584
76066,9.915263
76087,9.854274
76108,9.760445
76129,9.821435
76150,9.835509
76171,10.04662
76192,9.926992
76213,9.964523
76234,9.955141
76255,10.02317
76276,10.07946
76297,10.03489
76318,9.973906
76339,10.13576
76360,10.21317
76381,9.844892
76402,9.638468
76423,9.828471
76444,9.844892
76465,9.744025
76486,9.692419
76507,9.694765
76528,9.631431
76549,9.61501
76570,9.645505
76591,9.509453
76612,9.408587
76633,9.394512
76654,9.364017
76675,9.19278
76696,9.091913
76717,9.293646
76738,9.331178
76759,9.267843
76780,9.190434
76801,9.263151
76822,9.124753
76843,9.134136
76864,9.239694
76885,9.134136
76906,9.063765
76927,9.077839
76948,9.052036
76969,9.120062
76990,9.117716
77011,9.166977
77032,9.164631
77053,9.037962
77074,9.044999
77095,9.122408
77116,9.122408
77137,9.141173
77158,9.052036
77179,9.061419
77200,9.15994
77221,9.286609
77242,9.232656
77263,9.110679
77284,9.174014
77305,9.23031
77326,9.185742
77347,9.253768
77368,9.263151
77389,9.204508
77410,9.300683
77431,9.338214
77452,9.345251
77473,9.298337
77494,9.347597
77515,9.35698
77536,9.359325
77557,9.34056
77578,9.314757
77599,9.354634
77620,9.298337
77641,9.338214
77662,9.382783
77683,9.317103
77704,9.286609
77725,9.293646
77746,9.314757
77767,9.227965
77788,9.23031
77809,9.295992
77830,9.256114
77851,9.253768
77872,9.347597
77893,9.256114
77914,9.204508
77935,9.204508
77956,9.263151
77977,9.195126
77998,9.155248
78019,9.216236
78040,9.066111
78061,9.075493
78082,9.005121
78103,9.044999
78124,8.976973
78145,8.939441
78166,8.946478
78187,8.815118
78208,8.8245
78229,8.836229
78250,8.730671
78271,8.655608
78292,8.664991
78313,8.686103
78334,8.6603
78355,8.604002
78376,8.606348
78397,8.498445
78418,8.573507
78439,8.580544
78460,8.657954
78481,8.737708
78502,8.716597
78523,8.798697
78544,8.890181
78565,8.857341
78586,8.969935
78607,9.091913
78628,9.190434
78649,9.166977
78670,9.204508
78691,9.347597
78712,9.446118
78733,9.443772
78754,9.387475
78775,9.546985
78796,9.636122
78817,9.821435
78838,9.851928
78859,9.976252
78880,9.901189
78901,9.884768
78922,9.887115
78943,10.12872
78964,10.09588
78985,10.09354
79006,9.926992
79027,9.964523
79048,10.04662
79069,10.15218
79090,10.13576
79111,9.917608
79132,9.781557
79153,9.812052
79174,9.711185
79195,10.02082
79216,10.03959
79237,9.966869
79258,9.788594
79279,9.772174
79300,9.971561
79321,10.03724
79342,9.917608
79363,9.919954
79384,9.884768
79405,9.786248
79426,9.938721
79447,9.880077
79468,9.725259
79489,9.894152
79510,9.931683
79531,9.847238
79552,9.760445
79573,9.668962
79594,9.753407
79615,9.753407
79636,9.734642
79657,9.678345
79678,9.673654
79699,9.748716
79720,9.851928
79741,10.01848
79762,9.943413
79783,10.01378
79804,10.0302
79825,10.02786
79846,9.962177
79867,10.05835
79888,10.07008
79909,9.880077
79930,10.10292
79951,10.05366
79972,9.985635
79993,9.978598
80014,9.915263
80035,10.01613
80056,10.07008
80077,10.04662
80098,10.04428
80119,10.11465
80140,10.07477
80161,10.19441
80182,10.1686
80203,10.10292
80224,10.09354
80245,10.16626
80266,10.2249
80287,10.29292
80308,10.48762
80329,10.41256
80350,10.53923
80371,10.55096
80392,10.67528
80413,10.79256
80434,10.76676
80455,10.80195
80476,10.93331
80497,10.88874
80518,10.97788
80539,10.92862
80560,10.84183
80581,10.81368
80602,10.77145
80623,10.74331
80644,10.76442
80665,10.78553
80686,10.83948
80707,10.88639
80728,10.84652
80749,10.90047
80770,11.00368
80791,10.94504
80812,10.92862
80833,11.04356
80854,11.05529
80875,11.19368
80896,11.08343
80917,11.25702
80938,11.18899
80959,11.20776
80980,11.23122
81001,11.09751
81022,11.07405
81043,11.11627
81064,10.98257
81085,11.02479
81106,10.95677
81127,10.89812
81148,10.81837
81169,10.83244
81190,10.67528
81211,10.60491
81232,10.59318
81253,10.51811
81274,10.51811
81295,10.50639
81316,10.43367
81337,10.51108
81358,10.45478
81379,10.5838
81400,10.57441
81421,10.53219
81442,10.59552
81463,10.65651
81484,10.64009
81505,10.71985
81526,10.72454
81547,10.59552
81568,10.7175
81589,10.40317
81610,10.50169
81631,10.69874
81652,10.47589
81673,10.53219
81694,10.34922
81715,10.33046
81736,10.30231
81757,10.15218
81778,10.15687
81799,10.08885
81820,10.11934
81841,10.04897
81862,9.903535
81883,9.809706
81904,9.734642
81925,9.805015
81946,9.762791
81967,9.54933
81988,9.711185
82009,9.708839
82030,9.77452
82051,9.830817
82072,9.830817
82093,9.858966
82114,9.999709
82135,9.950449
82156,9.980944
82177,10.0607
82198,10.1686
82219,10.20613
82240,10.14749
82261,10.08885
82282,10.17798
82303,10.29058
82324,9.997364
82345,9.955141
82366,9.819089
82387,9.884768
82408,9.835509
82429,9.767483
82450,9.453156
82471,9.425007
82492,9.483649
82513,9.380438
82534,9.30772
82555,9.171668
82576,9.101295
82597,9.117716
82618,9.084876
82639,9.108333
82660,9.023888
82681,9.075493
82702,9.063765
82723,8.979319
82744,8.953515
82765,8.908947
82786,9.03327
82807,8.995738
82828,8.95117
82849,8.98401
82870,9.070802
82891,9.042653
82912,9.040307
82933,9.181051
82954,9.25846
82975,9.256114
82996,9.181051
83017,9.206854
83038,9.150557
83059,9.150557
83080,9.19278
83101,9.122408
83122,9.035616
83143,9.04969
83164,9.044999
83185,9.063765
83206,9.044999
83227,9.019196
83248,9.075493
83269,9.014504
83290,9.002776
83311,8.908947
83332,8.927712
83353,8.953515
83374,8.998084
83395,9.169322
83416,9.09895
83437,9.124753
83458,9.148211
83479,9.108333
83500,9.181051
83521,9.150557
83542,9.136482
83563,9.134136
83584,9.148211
83605,9.13179
83626,9.096604
83647,9.164631
83668,8.981664
83689,9.028579
83710,9.00043
83731,9.042653
83752,9.052036
83773,8.979319
83794,9.120062
83815,9.061419
83836,9.019196
83857,9.087222
83878,9.101295
83899,9.059073
83920,8.958207
83941,8.944133
83962,8.937096
83983,8.98401
84004,9.152903
84025,9.068456
84046,9.113025
84067,9.15994
84088,9.216236
84109,9.13179
84130,9.059073
84151,9.122408
84172,9.087222
84193,9.141173
84214,9.110679
84235,9.199817
84256,9.197471
84277,8.906601
84298,8.90191
84319,8.815118
84340,8.740054
84361,8.711905
84382,8.815118
84403,8.669683
84424,8.700177
84445,8.763512
84466,8.714252
84487,8.664991
84508,8.737708
84529,8.702522
84550,8.625113
84571,8.740054
84592,8.944133
84613,8.775241
84634,8.768204
84655,8.95117
84676,9.143519
84697,9.108333
84718,9.09895
84739,9.227965
84760,9.425007
84781,9.305374
84802,9.410933
84823,9.659579
84844,9.797977
84865,9.607973
84886,9.753407
84907,9.812052
84928,9.924646
84949,9.929338
84970,9.809706
84991,9.828471
85012,9.821435
85033,9.725259
85054,9.722914
85075,9.80736
85096,9.66427
85117,9.715877
85138,9.753407
85159,9.591553
85180,9.725259
85201,9.680691
85222,9.671308
85243,9.741679
85264,9.795631
85285,9.753407
85306,9.727605
85327,9.779211
85348,9.891806
85369,9.858966
85390,9.826125
85411,9.901189
85432,9.985635
85453,10.0044
85474,10.02551
85495,10.18971
85516,10.21317
85537,10.08416
85558,10.12638
85579,10.20848
85600,10.22021
85621,10.12638
85642,10.20379
85663,10.08416
85684,10.12872
85705,10.05366
85726,10.04193
85747,10.12403
85768,10.29058
85789,10.29996
85810,10.31404
85831,10.24836
85852,10.18268
85873,10.1991
85894,10.20379
85915,10.28823
85936,10.25774
85957,10.32342
85978,10.24601
85999,10.14514
86020,10.16626
86041,10.02551
86062,10.10761
86083,10.1123
86104,10.13107
86125,10.11465
86146,10.20379
86167,10.19206
86188,10.15922
86209,10.18033
86230,10.07243
86251,10.04193
86272,10.11934
86293,10.16391
86314,10.1686
86335,10.14514
86356,10.27181
86377,10.30465
86398,10.36564
86419,10.31873
86440,10.29527
86461,10.3891
86482,10.51577
86503,10.55565
86524,10.65182
86545,10.71516
86566,10.75503
86587,10.79256
86608,10.84886
86629,10.89343
86650,10.86528
86671,10.94035
86692,10.91923
86713,10.92158
86734,10.95207
86755,10.8817
86776,10.90516
86797,10.93096
86818,10.86294
86839,10.89812
86860,10.91454
86881,10.94269
86902,11.06467
86923,11.06936
86944,11.08813
86965,11.16554
86986,11.22652
87007,11.20307
87028,11.2406
87049,11.28282
87070,11.24529
87091,11.24295
87112,11.15381
87133,11.19368
87154,11.15615
87175,11.19838
87196,11.06701
87217,11.00134
87238,10.90281
87259,10.73392
87280,10.61194
87301,10.52281
87322,10.42429
87343,10.32811
87364,10.19441
87385,10.09354
87406,10.01613
87427,9.959831
87448,10.22959
87469,9.894152
87490,9.849584
87511,9.821435
87532,9.793285
87553,9.915263
87574,9.760445
87595,9.903535
87616,9.943413
87637,9.992672
87658,9.971561
87679,9.976252
87700,10.03489
87721,10.04428
87742,10.06773
87763,10.12638
87784,10.13342
87805,10.10996
87826,10.15453
87847,10.07946
87868,10.05132
87889,10.07477
87910,9.98329
87931,9.962177
87952,9.98798
87973,10.01144
87994,9.978598
88015,9.830817
88036,9.931683
88057,9.847238
88078,9.936375
88099,9.849584
88120,9.964523
88141,9.950449
88162,10.01144
88183,10.06305
88204,10.03255
88225,9.952795
88246,10.02082
88267,10.10292
88288,10.15453
88309,10.21083
88330,10.17329
88351,10.20379
88372,10.30231
88393,10.21083
88414,10.19675
88435,10.25539
88456,10.22255
88477,10.2812
88498,10.40317
88519,10.3328
88540,10.16391
88561,10.00675
88582,9.924646
88603,9.929338
88624,9.739333
88645,9.570441
88666,9.554022
88687,9.605627
88708,9.460192
88729,9.380438
88750,9.288955
88771,9.30772
88792,9.220928
88813,9.354634
88834,9.464884
88855,9.30772
88876,9.227965
88897,9.41797
88918,9.556367
88939,9.462538
88960,9.305374
88981,9.511798
89002,9.427352
89023,9.150557
89044,9.056727
89065,8.939441
89086,8.948824
89107,8.995738
89128,8.979319
89149,8.866723
89170,8.768204
89191,8.822155
89212,8.786969
89233,8.768204
89254,8.740054
89275,8.733017
89296,8.728326
89317,8.857341
89338,8.911292
89359,8.944133
89380,8.923021
89401,8.953515
89422,9.005121
89443,9.084876
89464,9.080185
89485,8.991047
89506,9.202163
89527,9.286609
89548,9.279572
89569,9.373401
89590,9.246731
89611,9.298337
89632,9.253768
89653,9.24204
89674,9.148211
89695,9.183396
89716,9.263151
89737,9.199817
89758,9.244386
89779,9.148211
89800,9.197471
89821,9.195126
89842,9.19278
89863,9.190434
89884,9.181051
89905,9.204508
89926,9.145865
89947,9.218582
89968,9.183396
89989,9.197471
90010,9.199817
90031,9.253768
90052,9.288955
90073,9.235003
90094,9.27488
90115,9.199817
90136,9.220928
90157,9.202163
90178,9.305374
90199,9.265497
90220,9.164631
90241,9.181051
90262,9.120062
90283,9.075493
90304,9.063765
90325,8.960552
90346,8.972281
90367,8.805735
90388,8.845612
90409,8.845612
90430,8.838574
90451,8.876106
90472,8.906601
90493,8.838574
90514,8.812772
90535,8.923021
90556,9.005121
90577,9.026234
90598,9.218582
90619,9.27488
90640,9.213891
90661,9.199817
90682,9.380438
90703,9.345251
90724,9.345251
90745,9.399203
90766,9.368709
90787,9.35698
90808,9.328832
90829,9.396858
90850,9.314757
90871,9.2913
90892,9.319448
90913,9.305374
90934,9.152903
90955,9.138828
90976,9.293646
90997,9.373401
91018,9.286609
91039,9.420315
91060,9.511798
91081,9.462538
91102,9.577478
91123,9.476612
91144,9.38982
91165,9.453156
91186,9.54933
91207,9.617355
91228,9.586862
91249,9.666616
91270,9.687728
91291,9.645505
91312,9.685382
91333,9.640813
91354,9.643159
91375,9.528218
91396,9.54933
91417,9.636122
91438,9.561059
91459,9.490686
91480,9.596244
91501,9.586862
91522,9.413278
91543,9.378092
91564,9.51649
91585,9.474266
91606,9.410933
91627,9.38982
91648,9.490686
91669,9.617355
91690,9.546985
91711,9.530564
91732,9.687728
91753,9.781557
91774,9.849584
91795,9.870694
91816,9.751062
91837,9.772174
91858,9.875386
91879,10.00206
91900,10.01378
91921,10.07477
91942,10.22021
91963,10.20379
91984,10.29762
92005,10.2249
92026,10.1991
92047,10.22959
92068,10.12872
92089,10.10058
92110,10.21317
92131,10.32342
92152,10.12872
92173,10.07712
92194,10.10996
92215,10.25774
92236,10.17329
92257,10.10761
92278,10.10527
92299,10.03959
92320,10.08885
92341,9.995018
92362,9.912917
92383,9.943413
92404,9.969215
92425,10.03255
92446,9.908226
92467,9.980944
92488,10.13342
92509,10.04662
92530,10.16391
92551,10.21317
92572,10.27885
92593,10.37503
92614,10.32107
92635,10.43367
92656,10.34922
92677,10.53453
92698,10.50873
92719,10.50639
92740,10.33515
92761,10.37268
92782,10.34922
92803,10.39848
92824,10.32576
92845,10.26947
