8825,7.731392
8846,7.745467
8867,7.900285
8888,7.876827
8909,7.820529
8930,7.799418
8951,7.85337
8972,7.904976
8993,8.038682
9014,7.904976
9035,7.862752
9056,7.782998
9077,7.832259
9098,7.944853
9119,7.996459
9140,8.085596
9161,8.012879
9182,8.102016
9203,8.174734
9224,8.083251
9245,8.1114
9266,7.942507
9287,7.912013
9308,8.038682
9329,8.118437
9350,7.942507
9371,8.003496
9392,7.757195
9413,7.947199
9434,8.024608
9455,8.336589
9476,8.102016
9497,8.397578
9518,8.528939
9539,8.639189
9560,8.819809
9581,8.817463
9602,9.005121
9623,9.211545
9644,9.359325
9665,9.539948
9686,9.640813
9707,9.603281
9728,9.725259
9749,9.828471
9770,10.16156
9791,10.21317
9812,10.35861
9833,10.497
9854,10.39614
9875,10.47589
9896,10.54392
9917,10.54626
9938,10.81837
9959,10.78553
9980,10.72688
10001,10.84183
10022,10.80664
10043,10.81368
10064,10.94269
10085,10.81602
10106,10.93565
10127,11.15146
10148,11.2101
10169,11.27578
10190,11.16788
10211,11.29455
10232,11.47048
10253,11.32504
10274,11.12566
10295,11.10455
10316,11.01775
10337,10.97084
10358,10.74096
10379,10.65182
10400,10.64713
10421,10.60256
10442,10.6354
10463,10.71516
10484,10.6917
10505,10.75738
10526,10.81133
10547,10.83713
10568,11.01072
10589,11.01775
10610,10.96849
10631,11.06936
10652,11.08813
10673,11.10924
10694,11.12097
10715,11.21714
10736,11.31566
10757,11.29924
10778,11.39776
10799,11.52443
10820,11.46813
10841,11.41184
10862,11.25936
10883,11.21714
10904,11.20776
10925,10.99664
10946,10.87232
10967,10.75034
10988,10.40787
11009,10.26478
11030,10.26008
11051,10.05366
11072,9.910572
11093,9.948103
11114,9.877731
11135,9.875386
11156,9.753407
11177,9.809706
11198,9.844892
11219,9.840199
11240,9.858966
11261,9.828471
11282,9.934029
11303,10.02317
11324,9.966869
11345,10.03724
11366,10.12169
11387,10.12403
11408,10.06305
11429,10.10058
11450,10.13576
11471,9.891806
11492,9.783903
11513,9.821435
11535,9.66427
11556,9.575133
11577,9.511798
11598,9.408587
11619,9.326486
11640,9.237348
11661,9.265497
11682,9.347597
11703,9.044999
11724,9.213891
11745,9.09895
11766,9.061419
11787,9.01685
11808,8.974627
11829,8.857341
11850,8.937096
11871,8.831537
11892,8.836229
11913,8.8245
11934,8.798697
11955,8.789314
11976,8.843266
11997,8.716597
12018,8.697831
12039,8.718943
12060,8.79166
12081,8.747091
12102,8.615731
12123,8.686103
12144,8.596965
12165,8.655608
12186,8.754128
12207,8.779932
12228,8.657954
12249,8.789314
12270,8.859686
12291,8.805735
12312,8.84092
12333,8.880798
12354,8.960552
12375,8.887836
12396,9.054381
12417,9.023888
12438,9.087222
12459,9.15994
12480,9.091913
12501,9.127099
12522,9.063765
12543,9.052036
12564,9.030925
12585,8.899564
12606,8.845612
12627,8.859686
12648,8.798697
12669,8.686103
12690,8.601656
12711,8.632151
12732,8.477333
12753,8.470296
12774,8.449184
12795,8.423381
12816,8.301403
12837,8.376467
12858,8.423381
12879,8.336589
12900,8.292021
12921,8.254489
12942,8.235723
12963,8.165352
12984,8.16066
13005,8.170043
13026,8.141894
13047,8.240415
13068,8.238069
13089,8.179425
13110,8.202883
13131,8.284984
13152,8.341281
13173,8.355355
13194,8.404615
13215,8.517211
13236,8.423381
13257,8.505482
13278,8.486716
13299,8.479678
13320,8.568816
13341,8.679066
13362,8.64388
13383,8.744746
13404,8.796351
13425,8.998084
13446,8.993393
13467,9.089567
13488,9.068456
13509,9.178705
13530,9.331178
13551,9.441426
13572,9.495378
13593,9.577478
13614,9.631431
13635,9.556367
13656,9.797977
13677,9.816743
13698,9.830817
13719,9.950449
13740,9.9223
13761,10.13342
13782,10.17798
13803,10.29996
13824,10.19206
13845,10.3328
13866,10.38206
13887,10.34453
13908,10.31873
13929,10.29058
13950,10.41725
13971,10.35157
13992,10.36799
14013,10.47355
14034,10.47824
14055,10.39848
14076,10.58614
14097,10.64244
14118,10.69404
14139,10.73627
14160,10.74096
14181,10.52984
14202,10.55096
14224,10.70577
14245,10.68232
14266,10.60491
14287,10.52281
14308,10.44071
14329,10.42194
14350,10.33515
14371,10.37737
14392,10.49231
14413,10.60725
14434,10.70343
14455,10.77145
14476,10.79726
14497,10.88874
14518,10.98022
14539,11.04121
14560,11.12566
14581,11.2664
14602,11.25936
14623,11.37431
14644,11.44233
14665,11.45641
14686,11.58073
14707,11.74727
14728,11.83641
14749,11.86222
14770,11.93728
14791,11.8974
14812,11.88098
14833,11.81999
14854,11.76604
14875,11.61826
14896,11.28282
14917,11.08813
14938,10.90047
14959,10.77145
14980,10.66824
15001,10.50873
15022,10.42429
15043,10.31169
15064,10.11934
15085,10.09588
15106,10.07243
15127,9.962177
15148,9.992672
15169,9.980944
15190,9.964523
15211,10.05835
15232,10.13107
15253,10.12638
15274,10.26947
15295,10.26712
15316,10.10292
15337,10.09354
15358,10.23663
15379,10.20613
15400,10.18502
15421,9.866002
15442,9.85662
15463,9.66427
15484,9.640813
15505,9.504761
15526,9.420315
15547,9.317103
15568,9.091913
15589,9.103642
15610,9.157594
15631,9.110679
15652,9.174014
15673,8.995738
15694,9.110679
15715,9.03327
15736,8.854995
15757,8.927712
15778,9.021542
15799,8.831537
15820,8.972281
15841,8.845612
15862,8.761166
15883,8.72598
15904,8.580544
15925,8.587582
15946,8.568816
15967,8.442147
15988,8.460913
16009,8.397578
16030,8.371776
16051,8.324861
16072,8.367084
16093,8.371776
16114,8.256835
16135,8.254489
16156,8.423381
16177,8.442147
16198,8.456222
16219,8.449184
16240,8.512519
16261,8.594619
16282,8.822155
16303,8.784623
16324,8.833883
16345,8.786969
16366,8.866723
16387,8.927712
16408,8.871415
16429,8.871415
16450,8.786969
16471,8.711905
16492,8.62746
16513,8.632151
16534,8.528939
16555,8.498445
16576,8.423381
16597,8.428073
16618,8.392887
16639,8.292021
16660,8.292021
16681,8.381159
16702,8.41869
16723,8.477333
16744,8.299058
16765,8.355355
16786,8.503136
16807,8.406961
16828,8.374122
16849,8.374122
16870,8.329552
16891,8.348318
16912,8.399924
16933,8.465604
16954,8.446838
16975,8.421036
16996,8.45153
17017,8.6603
17038,8.538322
17059,8.622768
17080,8.639189
17101,8.667336
17122,8.690794
17143,8.871415
17164,8.857341
17185,8.606348
17206,8.733017
17227,8.721289
17248,8.62746
17269,8.946478
17290,8.740054
17311,8.749437
17332,8.976973
17353,8.782278
17374,8.784623
17395,9.113025
17416,9.246731
17437,9.188088
17458,9.249077
17479,9.328832
17500,9.368709
17521,9.537601
17542,9.629085
17563,9.683037
17584,9.701802
17605,9.858966
17626,10.07946
17647,10.02551
17668,10.01144
17689,10.09354
17710,10.17564
17731,10.07243
17752,10.10058
17773,10.15922
17794,10.13107
17815,10.1123
17836,10.21083
17857,10.307
17878,10.13576
17899,9.9223
17920,10.01613
17941,10.05601
17962,10.19675
17983,10.38441
18004,10.33515
18025,10.33749
18046,10.4454
18067,10.62367
18088,10.62602
18109,10.56972
18130,10.39848
18151,10.35861
18172,10.1686
18193,10.23428
18214,10.22021
18235,10.33515
18256,10.2765
18277,10.24366
18298,10.18502
18319,10.14514
18340,10.19206
18361,10.39848
18382,10.5275
18403,10.60022
18424,10.71516
18445,10.6917
18466,10.64009
18487,10.71985
18508,10.74565
18529,10.9122
18550,11.00603
18571,11.10689
18592,11.06232
18613,11.16788
18634,11.17257
18655,11.39073
18676,11.43999
18697,11.57369
18718,11.4869
18739,11.47517
18760,11.27344
18781,11.27344
18802,11.22183
18823,11.07874
18844,10.92862
18865,10.69404
18886,10.54861
18907,10.22725
18928,10.25774
18949,10.22255
18970,9.903535
18991,9.870694
19012,9.887115
19033,9.833163
19054,9.833163
19075,9.783903
19096,9.929338
19117,9.924646
19138,9.903535
19159,9.938721
19180,9.866002
19201,9.917608
19222,9.948103
19243,9.931683
19264,9.861312
19285,9.943413
19306,9.952795
19327,9.842546
19348,9.85662
19369,9.936375
19390,9.9223
19411,9.823779
19432,9.706493
19453,9.720568
19474,9.722914
19495,9.622047
19516,9.443772
19537,9.237348
19558,9.349943
19580,9.396858
19602,9.218582
19623,9.124753
19644,9.253768
19665,9.162285
19686,9.077839
19707,9.120062
19728,9.073148
19749,9.2092
19770,9.188088
19791,9.063765
19812,9.202163
19833,9.113025
19854,9.101295
19875,9.066111
19896,9.122408
19917,9.068456
19938,9.005121
19959,9.077839
19980,8.974627
20001,9.035616
20022,9.021542
20043,9.012158
20064,9.070802
20085,9.040307
20106,9.037962
20127,9.054381
20148,8.988701
20169,8.962898
20190,8.974627
20211,8.878452
20232,8.775241
20253,8.913638
20274,8.991047
20295,8.979319
20316,8.906601
20337,9.110679
20358,9.056727
20379,9.08253
20400,9.105988
20421,9.145865
20442,8.995738
20463,8.894873
20484,8.908947
20505,8.770549
20526,8.606348
20547,8.636843
20568,8.528939
20589,8.493753
20610,8.364738
20631,8.336589
20652,8.38585
20673,8.46795
20694,8.348318
20715,8.413999
20736,8.428073
20757,8.404615
20778,8.482024
20799,8.355355
20820,8.444492
20841,8.338935
20862,8.428073
20883,8.458567
20904,8.456222
20925,8.561779
20946,8.552396
20967,8.62746
20988,8.655608
21009,8.564125
21030,8.53363
21051,8.702522
21072,8.737708
21093,8.819809
21114,8.543014
21135,8.580544
21156,8.636843
21177,8.559433
21198,8.416345
21219,8.378813
21240,8.289675
21261,8.329552
21282,8.165352
21303,8.296712
21324,8.2756
21345,8.360046
21366,8.324861
21387,8.364738
21408,8.430418
21429,8.491407
21450,8.500791
21471,8.611039
21492,8.639189
21513,8.786969
21534,8.932404
21555,8.974627
21576,9.021542
21597,9.101295
21618,9.40624
21639,9.333523
21660,9.244386
21681,9.24204
21702,9.392166
21723,9.554022
21744,9.579824
21765,9.368709
21786,9.542293
21807,9.495378
21828,9.460192
21849,9.41797
21870,9.593899
21891,9.74637
21912,9.762791
21933,9.563404
21954,9.396858
21975,9.633776
21996,9.776865
22017,9.891806
22038,10.0044
22059,9.788594
22080,10.03959
22101,10.27885
22122,10.3891
22143,10.1123
22164,10.10292
22185,10.12638
22206,10.35626
22227,10.41959
22248,10.28354
22269,10.40787
22290,10.56268
22311,10.64478
22332,10.6354
22353,10.60491
22374,10.5791
22395,10.54392
22416,10.72454
22437,10.78787
22458,10.74565
22479,10.87701
22500,10.92627
22521,10.79491
22542,10.77614
22563,10.98257
22584,11.08813
22605,11.22183
22626,11.22887
22647,11.19368
22668,11.29924
22689,11.40245
22710,11.53616
22731,11.6253
22752,11.53616
22773,11.39542
22794,11.17023
22815,11.13973
22836,11.05529
22857,10.91689
22878,10.80195
22899,10.62602
22920,10.46885
22941,10.36564
22962,10.34219
22983,10.34922
23004,10.24366
23025,10.29058
23046,10.35157
23067,10.307
23088,10.32342
23109,10.44071
23130,10.49231
23151,10.49231
23172,10.48528
23193,10.48528
23214,10.46885
23235,10.42194
23256,10.34453
23277,10.37033
23298,10.38206
23319,10.45009
23340,10.30935
23361,10.24836
23382,10.21786
23403,10.04662
23424,9.788594
23445,10.12403
23466,9.926992
23487,9.715877
23508,9.631431
23529,9.554022
23550,9.408587
23571,9.439081
23592,9.375746
23613,9.396858
23634,9.385129
23655,9.314757
23676,9.35698
23697,9.392166
23718,9.422661
23739,9.436735
23760,9.326486
23781,9.246731
23802,9.249077
23823,9.272534
23844,9.183396
23865,9.260805
23886,9.188088
23907,9.216236
23928,9.333523
23949,9.249077
23970,9.256114
23991,9.239694
24012,9.206854
24033,9.213891
24054,9.324141
24075,9.279572
24096,9.101295
24117,9.23031
24138,9.260805
24159,9.260805
24180,9.300683
24201,9.40624
24222,9.326486
24243,9.037962
24264,9.220928
24285,9.413278
24306,9.41797
24327,9.364017
24348,9.408587
24369,9.523527
24390,9.551676
24411,9.279572
24432,9.375746
24453,9.446118
24474,9.450809
24495,9.368709
24516,9.267843
24537,9.174014
24558,9.150557
24579,9.052036
24600,9.012158
24621,8.965244
24642,8.944133
24663,8.817463
24684,8.944133
24705,8.817463
24726,8.733017
24747,8.6603
24768,8.69314
24789,8.547705
24810,8.543014
24831,8.559433
24852,8.618076
24873,8.575853
24894,8.519556
24915,8.575853
24936,8.592274
24957,8.62746
24978,8.559433
24999,8.667336
25020,8.711905
25041,8.822155
25062,8.812772
25083,8.90191
25104,8.852649
25125,8.756474
25146,8.641534
25167,8.512519
25188,8.547705
25209,8.531285
25230,8.191154
25251,8.005842
25272,7.940162
25293,8.153623
25314,8.06214
25335,7.764232
25356,7.778307
25377,8.008188
25398,7.961274
25419,7.747812
25440,7.689169
25461,7.916704
25482,7.930779
25503,7.914359
25524,7.862752
25545,7.958928
25566,8.012879
25587,7.940162
25608,8.024608
25629,8.174734
25650,8.146585
25671,8.188808
25692,8.0293
25713,8.195846
25734,8.207574
25755,8.195846
25776,8.327207
25797,8.465604
25818,8.613385
25839,8.604002
25860,8.622768
25881,8.664991
25902,8.908947
25923,9.01685
25944,8.960552
25965,8.958207
25986,9.023888
26007,9.342906
26028,9.375746
26049,9.347597
26070,9.54933
26091,9.772174
26112,9.847238
26133,9.945757
26154,9.779211
26175,10.09823
26196,10.35157
26217,10.19675
26238,10.07243
26259,10.14984
26280,10.1991
26301,10.30935
26322,10.2812
26343,9.931683
26364,10.27416
26385,10.48293
26406,10.61898
26427,10.39379
26448,10.2812
26469,10.36095
26490,10.46416
26511,10.51342
26532,10.63071
26553,10.39614
26574,10.33749
26595,10.80429
26616,11.59949
26637,11.58307
26658,11.77308
26679,11.7332
26700,12.18827
26721,11.92321
26742,11.81296
26763,11.52912
26784,11.12566
26805,10.99899
26826,10.68701
26847,10.39614
26868,10.26712
26889,10.13576
26910,10.02786
26931,10.03255
26952,10.20144
26973,10.22725
26994,10.29292
27015,10.30935
27036,10.45713
27057,10.50404
27078,10.46651
27099,10.52281
27120,10.47589
27141,10.42194
27162,10.35861
27183,10.28589
27204,10.39145
27225,10.3891
27246,10.36799
27267,10.41256
27288,10.45478
27309,10.46182
27330,10.25539
27351,10.2249
27372,9.901189
27393,9.521181
27414,9.493032
27435,9.586862
27456,9.366363
27477,9.202163
27498,9.037962
27519,8.979319
27540,8.899564
27561,9.002776
27582,8.993393
27603,9.066111
27624,9.211545
27645,9.061419
27666,9.030925
27687,8.857341
27708,8.923021
27729,8.976973
27750,8.871415
27771,8.892527
27792,8.979319
27813,8.883143
27834,8.93475
27855,8.937096
27876,8.939441
27897,8.915984
27918,8.894873
27939,8.915984
27960,8.862032
27981,8.876106
28002,8.885489
28023,8.894873
28044,8.655608
28065,8.507828
28086,8.664991
28107,8.618076
28128,8.437455
28149,8.479678
28170,8.399924
28191,8.353009
28212,8.425727
28233,8.364738
28254,8.315477
28275,8.360046
28296,8.41869
28317,8.348318
28338,8.30844
28359,8.163006
28380,8.233377
28401,7.975348
28422,7.862752
28443,7.907322
28464,7.811147
28485,7.651637
28506,7.689169
28527,7.597685
28548,7.564846
28569,7.61176
28590,7.743121
28611,7.73843
28632,7.921396
28653,7.855715
28674,7.813492
28695,7.862752
28716,8.015225
28737,7.98473
28758,7.888556
28779,7.888556
28800,7.944853
28821,7.90263
28842,7.897939
28863,7.83695
28884,7.942507
28905,8.050411
28926,8.092634
28947,8.139548
28968,8.109054
28989,8.151278
29010,8.343626
29031,8.306095
29052,8.223994
29073,8.22634
29094,7.916704
29115,7.926087
29136,7.95189
29157,7.841641
29178,7.646946
29199,7.520277
29220,7.553117
29241,7.59534
29262,7.604722
29283,7.625834
29304,7.621143
29325,7.773615
29346,8.057447
29367,8.094979
29388,7.890902
29409,8.41869
29430,8.465604
29451,8.535976
29472,8.707214
29493,8.740054
29514,8.976973
29535,9.183396
29556,9.382783
29577,9.434389
29598,9.453156
29619,9.64785
29640,9.603281
29661,9.645505
29682,9.833163
29703,9.826125
29724,9.997364
29745,10.31169
29766,10.31873
29787,10.21317
29808,10.30465
29829,10.45244
29850,10.41725
29871,10.91454
29892,10.78084
29913,10.89812
29934,11.09047
29955,10.98726
29976,11.03652
29997,10.92393
30018,11.11158
30039,11.17961
30060,11.06232
30081,10.86997
30102,10.78787
30123,10.85121
30144,10.75034
30165,10.69404
30186,10.51577
30207,10.42429
30228,10.33984
30249,10.52281
30270,10.60491
30291,10.67997
30312,10.66121
30334,10.49231
30358,10.51108
30379,10.59083
30400,10.89343
30421,10.82775
30442,10.94035
30463,11.01775
30484,11.07874
30505,10.99195
30526,11.22418
30547,11.3227
30568,11.64406
30589,11.62764
30610,11.67925
30631,11.65579
30652,11.45641
30673,11.16084
30695,10.96849
30716,10.78787
30737,10.48528
30758,10.42663
30779,10.38206
30800,10.19675
30821,10.15453
30842,10.29527
30863,10.25774
30884,10.17564
30905,10.12403
30926,10.1123
30947,10.13107
30968,10.17095
30989,10.31873
31010,10.13576
31031,10.14749
31052,10.11934
31073,10.10996
31094,10.22959
31115,10.28354
31136,10.20144
31157,10.17095
31179,10.18971
31200,10.18033
31221,10.07243
31242,10.15922
31263,10.14984
31284,10.13811
31305,9.962177
31326,9.762791
31347,10.27181
31368,9.934029
31389,9.680691
31410,9.727605
31431,9.830817
31452,9.77452
31473,9.638468
31494,9.945757
31515,9.668962
31536,9.554022
31557,9.450809
31578,9.507107
31599,9.434389
31620,9.319448
31641,9.2913
31662,9.373401
31683,9.464884
31704,9.155248
31725,9.190434
31746,9.265497
31767,9.270188
31788,9.251423
31809,9.373401
31830,9.117716
31851,9.089567
31872,9.293646
31893,9.2092
31914,9.066111
31935,9.138828
31956,9.00043
31977,9.019196
31998,8.906601
32019,8.845612
32040,8.761166
32061,8.653263
32082,8.489061
32103,8.7424
32124,8.40227
32145,8.167697
32166,8.383504
32187,8.446838
32208,8.245107
32229,8.263872
32250,8.437455
32271,8.432764
32292,8.146585
32313,8.245107
32334,8.263872
32355,8.381159
32376,8.165352
32397,7.989422
32418,7.947199
32439,7.900285
32460,7.895593
32481,7.982385
32502,7.961274
32523,7.933125
32544,7.91905
32565,8.033991
32586,8.216957
32607,8.296712
32628,8.212266
32649,8.191154
32670,8.247452
32691,8.371776
32712,8.41869
32733,8.348318
32754,8.263872
32775,8.268563
32796,8.313132
32817,8.362392
32838,8.460913
32859,8.489061
32880,8.559433
32901,8.62746
32922,8.650917
32943,8.808081
32964,8.796351
32985,8.784623
33006,8.681411
33027,8.519556
33048,8.557088
33069,8.601656
33090,8.353009
33111,8.191154
33132,8.200537
33153,8.123129
33174,8.015225
33195,7.858061
33216,7.879173
33237,8.109054
33258,8.073868
33279,7.839296
33300,8.14424
33321,8.109054
33342,8.245107
33363,8.223994
33384,8.404615
33405,8.48437
33426,8.510174
33447,8.528939
33468,8.697831
33489,8.812772
33510,8.871415
33531,8.878452
33552,9.052036
33573,9.15994
33594,9.157594
33615,9.169322
33636,9.394512
33657,9.399203
33678,9.511798
33699,9.687728
33720,9.607973
33741,9.661925
33762,9.816743
33783,9.858966
33804,9.882422
33825,9.66427
33846,9.936375
33867,10.25539
33888,10.21083
33909,10.30465
33930,10.23897
33951,10.40787
33972,10.45244
33993,10.53923
34014,10.70343
34035,10.78553
34056,10.86528
34077,10.70343
34098,10.76911
34119,10.86997
34140,10.82541
34161,10.83713
34182,10.89812
34203,11.1585
34224,11.16319
34245,11.33443
34266,11.31566
34287,11.39542
34308,11.30393
34329,11.36727
34350,11.51036
34371,11.49394
34392,11.61591
34413,11.55727
34434,11.57604
34455,11.55023
34476,11.57369
34497,11.78715
34518,11.93728
34539,12.0921
34560,12.00765
34581,11.92321
34602,11.79654
34623,11.49628
34644,11.38603
34665,11.22418
34686,10.80195
34707,10.53453
34728,10.50873
34749,10.24366
34770,10.07477
34791,10.0302
34812,9.980944
34833,9.809706
34854,9.781557
34875,9.727605
34896,9.593899
34917,9.701802
34938,9.781557
34959,9.694765
34980,9.835509
35001,9.887115
35022,9.821435
35043,9.884768
35064,9.985635
35085,10.10292
35106,10.29292
35127,10.16156
35148,10.15218
35169,10.21552
35190,10.24132
35211,10.1686
35232,10.30935
35253,10.33515
35274,10.2812
35295,10.06773
35316,9.842546
35337,9.645505
35358,9.610318
35379,9.645505
35400,9.603281
35421,9.530564
35442,9.882422
35463,9.206854
35484,9.342906
35505,9.610318
35526,9.253768
35547,9.087222
35568,9.014504
35589,9.061419
35610,9.115371
35631,8.960552
35652,8.815118
35673,8.808081
35694,8.798697
35715,8.479678
35736,8.343626
35757,8.390541
35778,8.40227
35799,8.158315
35820,7.942507
35841,8.113746
35862,8.17708
35883,7.740775
35904,7.618797
35925,7.705589
35946,7.794726
35967,7.649292
35988,7.581266
36009,7.703244
36030,7.85337
36051,7.766578
36072,7.888556
36093,8.038682
36114,8.181771
36135,8.200537
36156,8.306095
36177,8.350664
36198,8.181771
36219,8.252144
36240,8.097325
36261,8.033991
36282,7.846333
36303,7.642255
36324,7.485091
36345,7.339655
36366,7.482745
36387,7.367805
36408,7.257555
36429,7.133232
36450,7.177801
36471,7.323236
36492,7.356076
36513,7.323236
36534,7.273975
36555,7.379533
36576,7.452251
36597,7.541389
36618,7.548426
36639,7.646946
36660,7.550771
36681,7.449905
36702,7.456942
36723,7.621143
36744,7.689169
36765,7.743121
36786,7.860407
36807,7.874481
36828,8.059793
36849,8.1935
36870,8.012879
36891,8.130166
36912,8.266218
36933,8.163006
36954,8.099671
36975,8.01757
36996,8.158315
37017,8.099671
37038,8.120783
37059,8.252144
37080,8.207574
37101,8.303749
37122,8.507828
37143,8.72598
37164,8.740054
37185,8.697831
37206,8.735363
37227,8.784623
37248,9.014504
37269,9.021542
37290,9.218582
37311,9.272534
37332,9.300683
37353,9.460192
37374,9.676
37395,9.699456
37416,9.713531
37437,9.51649
37458,9.61501
37479,9.915263
37500,9.887115
37521,10.15687
37542,10.05835
37563,10.10292
37584,10.16626
37605,10.45478
37626,10.44774
37647,10.5275
37668,10.74331
37689,11.06936
37710,10.95677
37731,11.30393
37752,11.29455
37773,11.45641
37794,11.57604
37815,11.40011
37836,11.56431
37857,11.10689
37878,10.73627
37899,10.48997
37920,10.1686
37941,9.959831
37962,9.926992
37983,9.835509
38004,9.772174
38025,9.814397
38046,9.943413
38067,10.07243
38088,10.21317
38109,10.19675
38130,10.37503
38151,10.47589
38172,10.5275
38193,10.53219
38214,10.49466
38235,10.47824
38256,10.45009
38277,10.54861
38298,10.58849
38319,10.55096
38340,10.65651
38361,10.69639
38382,10.78787
38403,10.76442
38424,10.79491
38445,10.69874
38466,10.54157
38487,10.3328
38508,10.09823
38529,9.884768
38550,9.744025
38571,9.481303
38592,9.408587
38613,9.235003
38634,9.188088
38655,9.030925
38676,9.127099
38697,9.108333
38718,9.021542
38739,9.073148
38760,9.265497
38781,9.225619
38802,9.303029
38823,9.2913
38844,9.263151
38865,9.396858
38886,9.460192
38907,9.371055
38928,9.19278
38949,9.349943
38970,9.441426
38991,9.223273
39012,9.305374
39033,9.239694
39054,9.270188
39075,9.122408
39096,9.25846
39117,9.272534
39138,9.138828
39159,9.063765
39180,9.075493
39201,9.00043
39222,8.864378
39243,9.01685
39264,8.981664
39285,8.941787
39306,9.021542
39327,8.72598
39348,8.878452
39369,9.019196
39390,8.939441
39411,9.040307
39432,9.007467
39453,8.836229
39474,8.786969
39495,8.829192
39516,8.718943
39537,8.688448
39558,8.505482
39579,8.465604
39600,8.472641
39621,8.413999
39642,8.362392
39663,8.350664
39684,8.439801
39705,8.343626
39726,8.294367
39747,8.238069
39768,8.404615
39789,8.195846
39810,8.22634
39831,8.113746
39852,8.12782
39873,8.055102
39894,8.036337
39915,8.219303
39936,8.146585
39957,8.015225
39978,8.137203
39999,7.980039
40020,8.268563
40041,8.268563
40062,8.317823
40083,8.348318
40104,8.446838
40125,8.460913
40146,8.526593
40167,8.355355
40188,8.2756
40209,8.003496
40230,7.996459
40251,7.942507
40272,7.703244
40293,7.522622
40314,7.553117
40335,7.515585
40356,7.567191
40377,7.384225
40398,7.339655
40419,7.524968
40440,7.651637
40461,7.539042
40482,7.59534
40503,7.757195
40524,7.921396
40545,8.012879
40566,8.148932
40587,8.439801
40608,8.493753
40629,8.648571
40650,8.636843
40671,8.765858
40692,9.09895
40713,9.342906
40734,9.127099
40755,9.359325
40776,9.34056
40797,9.61501
40818,9.676
40839,9.776865
40860,9.591553
40881,9.514144
40902,9.725259
40923,9.79094
40944,9.643159
40965,9.493032
40986,9.779211
41007,9.59859
41028,9.842546
41049,9.596244
41070,9.685382
41091,9.854274
41112,9.765137
41133,9.840199
41154,10.12872
41175,10.03489
41196,9.882422
41217,9.79094
41238,10.04428
41259,10.04662
41280,10.05132
41301,9.992672
41322,10.00909
41343,10.10058
41364,10.21552
41385,10.07946
41406,9.842546
41427,9.997364
41448,10.00675
41469,10.07243
41490,9.924646
41511,9.736988
41532,9.692419
41553,9.816743
41574,9.868348
41595,9.842546
41616,9.826125
41637,9.936375
41658,10.09119
41679,10.28354
41700,10.34688
41721,10.21786
41742,10.29996
41763,10.39145
41784,10.49231
41805,10.40317
41826,10.4454
41847,10.33515
41868,10.2507
41889,10.13107
41910,10.03724
41931,9.85662
41952,9.910572
41973,9.957487
41994,9.938721
42015,9.978598
42036,10.02551
42057,10.117
42078,10.19206
42099,10.33046
42120,10.40787
42141,10.40552
42162,10.44071
42183,10.50873
42204,10.56503
42225,10.55799
42246,10.67528
42267,10.67059
42288,10.68701
42309,10.70343
42330,10.80195
42351,10.9122
42372,11.00603
42393,11.1022
42414,11.13035
42435,11.13739
42456,10.95911
42477,10.96615
42498,10.86763
42519,10.67293
42540,10.54861
42561,10.38675
42582,10.31873
42603,10.16626
42624,10.01613
42645,10.00206
42666,9.985635
42687,9.889461
42708,9.903535
42729,9.882422
42750,9.924646
42771,9.783903
42792,9.903535
42813,9.957487
42834,9.936375
42855,9.992672
42876,10.09823
42897,10.18268
42918,10.21317
42939,10.18971
42960,10.20144
42981,10.18971
43002,10.16156
43023,10.18971
43044,10.23663
43065,10.2507
43086,10.21786
43107,10.03724
43128,10.24601
43149,10.18268
43170,10.02551
43191,9.943413
43212,9.882422
43233,9.629085
43254,9.54933
43275,9.493032
43296,9.34056
43317,9.460192
43338,9.249077
43359,9.439081
43380,9.335869
43401,9.162285
43422,9.305374
43443,9.169322
43464,9.354634
43485,9.056727
43506,9.181051
43527,9.19278
43548,9.037962
43569,8.923021
43590,9.124753
43611,9.087222
43632,8.913638
43653,8.866723
43674,8.911292
43695,8.728326
43716,8.765858
43737,8.761166
43758,8.629806
43779,8.683757
43800,8.582891
43821,8.56647
43842,8.472641
43863,8.442147
43884,8.486716
43905,8.43511
43926,8.43511
43947,8.531285
43968,8.472641
43989,8.538322
44010,8.657954
44031,8.744746
44052,8.554742
44073,8.613385
44094,8.625113
44115,8.728326
44136,8.662645
44157,8.56647
44178,8.557088
44199,8.362392
44220,8.223994
44241,8.202883
44262,8.151278
44283,8.118437
44304,8.059793
44325,8.045719
44346,7.933125
44367,7.91905
44388,8.001151
44409,7.975348
44430,7.923741
44451,8.06214
44472,8.153623
44493,8.16066
44514,8.254489
44535,8.195846
44556,8.214611
44577,8.266218
44598,8.343626
44619,8.409307
44640,8.404615
44661,8.428073
44682,8.517211
44703,8.578199
44724,8.667336
44745,8.723634
44766,8.672029
44787,8.64388
44808,8.716597
44829,8.629806
44850,8.641534
44871,8.662645
44892,8.547705
44913,8.421036
44934,8.517211
44955,8.486716
44976,8.404615
44997,8.582891
45018,8.521902
45039,8.543014
45060,8.775241
45081,8.641534
45102,8.672029
45123,9.023888
45144,9.070802
45165,9.052036
45186,8.960552
45207,9.223273
45228,9.387475
45249,9.338214
45270,9.347597
45291,9.408587
45312,9.51649
45333,9.53291
45354,9.563404
45375,9.753407
45396,9.936375
45417,9.957487
45438,9.941067
45459,10.03489
45480,10.13342
45501,10.18737
45522,10.22959
45543,10.26243
45564,10.29527
45585,10.25305
45606,10.35391
45627,10.41959
45648,10.47355
45669,10.42663
45690,10.53688
45711,10.49231
45732,10.55096
45753,10.49935
45774,10.52281
45795,10.63306
45816,10.45947
45837,10.40787
45858,10.38206
45879,10.37972
45900,10.31404
45921,10.23194
45942,10.21786
45963,10.14045
45984,10.30465
46005,10.16156
46026,10.15218
46047,10.19441
46068,10.18033
46089,10.15218
46110,10.16626
46131,10.23194
46152,10.19441
46173,10.23194
46194,10.23663
46215,10.20613
46236,10.27416
46257,10.40317
46278,10.56268
46299,10.68935
46320,10.71281
46341,10.99899
46362,11.07171
46383,11.128
46404,11.18899
46425,11.20776
46446,11.02245
46467,11.17492
46488,11.06467
46509,10.99664
46530,10.9122
46551,10.81133
46572,10.63071
46593,10.56503
46614,10.48293
46635,10.34453
46656,10.39145
46677,10.46416
46698,10.56738
46719,10.49466
46740,10.56738
46761,10.51811
46782,10.52046
46803,10.66355
46824,10.67528
46845,10.69639
46866,10.70343
46887,10.67997
46908,10.68232
46929,10.80195
46950,10.7175
46971,10.67997
46992,10.71281
47013,10.65651
47034,10.62367
47055,10.62133
47076,10.61429
47097,10.41959
47118,10.40787
47139,10.28354
47160,10.20379
47181,10.09354
47202,9.957487
47223,9.812052
47244,9.915263
47265,9.842546
47286,9.734642
47307,9.767483
47328,9.748716
47349,9.725259
47370,9.706493
47391,9.429698
47412,9.589207
47433,9.50007
47454,9.563404
47475,9.546985
47496,9.443772
47517,9.507107
47538,9.481303
47559,9.457847
47580,9.420315
47601,9.399203
47622,9.415624
47643,9.403895
47664,9.23031
47685,9.183396
47706,9.127099
47727,9.127099
47748,9.122408
47769,9.042653
47790,8.885489
47811,8.904256
47832,8.836229
47853,8.6603
47874,8.618076
47895,8.714252
47916,8.711905
47937,8.568816
47958,8.524248
47979,8.46795
48000,8.444492
48021,8.355355
48042,8.360046
48063,8.36943
48084,8.453876
48105,8.28733
48126,8.256835
48147,8.198192
48168,8.167697
48189,8.094979
48210,8.01757
48231,7.994113
48252,7.909667
48273,7.808801
48294,7.790035
48315,7.83695
48336,7.841641
48357,7.893247
48378,7.923741
48399,7.963619
48420,7.954236
48441,7.956582
48462,8.073868
48483,8.141894
48504,8.212266
48525,8.184117
48546,8.216957
48567,8.371776
48588,8.486716
48609,8.528939
48630,8.491407
48651,8.561779
48672,8.64388
48693,8.697831
48714,8.864378
48735,8.965244
48756,8.887836
48777,8.894873
48798,8.918329
48819,9.091913
48840,8.993393
48861,9.012158
48882,9.059073
48903,9.056727
48924,9.089567
48945,9.169322
48966,9.246731
48987,9.335869
49008,9.03327
49029,9.206854
49050,9.150557
49071,9.354634
49092,9.359325
49113,9.204508
49134,9.401549
49155,9.439081
49176,9.293646
49197,9.546985
49218,9.554022
49239,9.755754
49260,9.903535
49281,9.74637
49302,9.690074
49323,9.79094
49344,9.837853
49365,9.753407
49386,9.85662
49407,9.765137
49428,9.894152
49449,9.866002
49470,10.0302
49491,9.973906
49512,9.762791
49533,9.828471
49554,9.880077
49575,10.0302
49596,9.868348
49617,9.725259
49638,9.779211
49659,9.748716
49680,9.821435
49701,9.837853
49722,9.898843
49743,9.74637
49764,9.77452
49785,9.90588
49806,9.887115
49827,9.85662
49848,9.783903
49869,9.800323
49890,9.858966
49911,9.952795
49932,9.915263
49953,9.919954
49974,9.948103
49995,9.992672
50016,10.07008
50037,10.12638
50058,10.12872
50079,10.25539
50100,10.32811
50121,10.49466
50142,10.48762
50163,10.47824
50184,10.55565
50205,10.61194
50226,10.59552
50247,10.58614
50268,10.71281
50289,10.78553
50310,10.90516
50331,11.00368
50352,10.97553
50373,11.06936
50394,11.07171
50415,11.1843
50436,11.21949
50457,11.25233
50478,11.31801
50499,11.35085
50520,11.28517
50541,11.31566
50562,11.15615
50583,11.08109
50604,10.91689
50625,10.76676
50646,10.748
50667,10.67762
50688,10.60022
50709,10.56738
50730,10.5838
50751,10.59787
50772,10.60256
50793,10.63775
50814,10.70577
50835,10.67997
50856,10.53453
50877,10.68935
50898,10.748
50919,10.75972
50940,10.81837
50961,10.78787
50982,10.82775
51003,10.84417
51024,10.76442
51045,10.79726
51066,10.73861
51087,10.69874
51108,10.63775
51129,10.63071
51150,10.4454
51171,10.40787
51192,10.32107
51213,10.18502
51234,10.07946
51255,9.943413
51276,9.868348
51297,9.701802
51318,9.722914
51339,9.744025
51360,9.666616
51381,9.704147
51402,9.657233
51423,9.629085
51444,9.546985
51465,9.694765
51486,9.558713
51507,9.394512
51528,9.518835
51549,9.345251
51570,9.439081
51591,9.415624
51612,9.317103
51633,9.338214
51654,9.392166
51675,9.338214
51696,9.413278
51717,9.410933
51738,9.481303
51759,9.40624
51780,9.429698
51801,9.439081
51822,9.511798
51846,9.263151
51871,9.298337
51892,9.281918
51913,9.174014
51934,9.195126
51955,9.277225
51976,9.300683
51997,9.216236
52018,9.075493
52039,9.037962
52060,9.157594
52081,9.023888
52102,8.887836
52123,8.923021
52144,8.892527
52165,8.852649
52186,8.747091
52207,8.810426
52228,8.775241
52249,8.662645
52270,8.636843
52291,8.636843
52312,8.629806
52333,8.561779
52354,8.543014
52375,8.505482
52396,8.341281
52417,8.292021
52438,8.310786
52459,8.392887
52480,8.334244
52501,8.263872
52522,8.174734
52543,8.148932
52564,8.071522
52585,8.16066
52606,7.998805
52627,7.91905
52648,7.907322
52669,7.937816
52690,8.008188
52711,7.865098
52732,7.639909
52753,7.722009
52774,7.731392
52795,7.639909
52816,7.61176
52837,7.475708
52858,7.567191
52879,7.691514
52900,7.501511
52921,7.379533
52942,7.543734
52963,7.843987
52984,7.656329
53005,7.752503
53026,7.822875
53047,8.254489
53068,8.432764
53089,8.599311
53110,8.911292
53131,9.134136
53152,9.328832
53173,9.481303
53194,9.59859
53215,9.847238
53236,10.12872
53257,10.01848
53278,10.12872
53299,10.34922
53320,10.56268
53341,10.65886
53362,10.3891
53383,10.06539
53404,10.58849
53425,10.25305
53446,10.47824
53467,10.65417
53488,10.42194
53510,10.26243
53531,10.117
53552,10.26712
53573,10.31404
53594,10.22021
53615,9.896498
53636,9.727605
53657,9.715877
53678,9.788594
53699,9.704147
53720,9.694765
53741,9.483649
53762,9.25846
53783,9.439081
53804,9.446118
53825,9.432044
53846,9.422661
53867,9.589207
53888,9.570441
53909,9.572787
53930,9.612664
53951,9.783903
53972,9.722914
53993,9.61501
54014,9.570441
54035,9.50007
54056,9.474266
54077,9.568096
54098,9.474266
54119,9.563404
54140,9.722914
54161,9.889461
54182,9.936375
54203,9.997364
54224,10.04428
54245,10.12872
54266,10.25774
54287,10.307
54308,10.39379
54329,10.42898
54350,10.46651
54371,10.43367
54392,10.50169
54413,10.52515
54434,10.6917
54455,10.89578
54476,11.04121
54497,11.11627
54518,11.28282
54539,11.38134
54560,11.44233
54581,11.44468
54602,11.47048
54623,11.32739
54644,11.18665
54665,11.01541
54686,10.98257
54707,10.64713
54728,10.53923
54749,10.18268
54770,10.22021
54791,10.15687
54812,10.18502
54833,10.1428
54854,10.17564
54875,10.1686
54896,10.18268
54917,10.28589
54938,10.35626
54959,10.35626
54980,10.49466
55001,10.61664
55022,10.68935
55043,10.6659
55064,10.70577
55085,10.75738
55106,10.68935
55127,10.7175
55148,10.7738
55169,10.89109
55190,10.92627
55211,10.87232
55232,10.83244
55253,10.74331
55274,10.78553
55295,10.43132
55316,10.41021
55337,10.21552
55358,10.15218
55379,9.901189
55400,9.643159
55421,9.556367
55442,9.335869
55463,9.364017
55484,9.148211
55505,9.232656
55526,8.95117
55547,8.847958
55568,8.779932
55589,8.770549
55610,8.810426
55631,8.770549
55652,8.819809
55673,8.927712
55694,8.79166
55715,8.664991
55736,8.629806
55757,8.599311
55778,8.596965
55799,8.521902
55820,8.641534
55841,8.545359
55862,8.364738
55883,8.406961
55904,8.406961
55925,8.383504
55946,8.214611
55967,8.010533
55988,8.090288
56009,8.12782
56030,7.991767
56051,7.900285
56072,8.0293
56093,8.059793
56114,7.907322
56135,8.055102
56156,8.001151
56177,8.010533
56198,7.940162
56219,7.86979
56240,7.872136
56261,7.745467
56282,7.585957
56303,7.510894
56324,7.555463
56345,7.536696
56366,7.834604
56387,7.501511
56408,7.421756
56429,7.306816
56450,7.365459
56471,7.506203
56492,7.560154
56513,7.51324
56534,7.729046
56555,7.900285
56576,8.036337
56597,8.045719
56618,8.221649
56639,8.357701
56660,8.519556
56681,8.667336
56702,8.763512
56723,9.021542
56744,9.124753
56765,9.284263
56786,9.394512
56807,9.420315
56828,9.903535
56849,9.722914
56870,9.697111
56891,9.875386
56912,9.931683
56933,9.847238
56954,9.816743
56975,9.924646
56996,9.938721
57017,9.950449
57038,10.07008
57059,10.05835
57080,10.00206
57101,9.915263
57122,9.666616
57143,10.16626
57164,9.844892
57185,9.828471
57206,10.01144
57227,9.929338
57248,9.957487
57269,10.0607
57290,9.781557
57311,9.80736
57332,9.819089
57353,9.997364
57374,9.936375
57395,9.842546
57416,9.739333
57437,9.875386
57458,9.934029
57479,10.14984
57500,10.16391
57521,10.24601
57542,10.32811
57563,10.59787
57584,10.54861
57605,10.68232
57626,10.79726
57647,10.81837
57668,10.88639
57689,10.86763
57710,10.94738
57731,11.08813
57752,11.04356
57773,11.0201
57794,10.98022
57815,10.93331
57836,11.05998
57857,10.95442
57878,10.87936
57899,10.80429
57920,10.85824
57941,10.85824
57962,10.83713
57983,10.748
58004,10.68701
58025,10.70108
58046,10.81133
58067,10.74096
58088,10.69874
58109,10.75034
58130,10.69404
58151,10.76207
58172,10.73627
58193,10.76442
58214,10.80664
58235,10.94035
58256,10.83713
58277,10.88405
58298,10.96146
58319,10.96146
58340,10.93565
58361,10.98022
58382,10.90281
58403,10.94973
58424,10.87701
58445,10.87232
58466,10.71281
58487,10.64713
58508,10.64478
58529,10.67059
58550,10.72454
58571,10.56034
58592,10.47589
58613,10.41021
58634,10.45947
58655,10.57207
58676,10.33749
58697,10.31873
58718,10.37737
58739,10.37268
58760,10.32342
58781,10.33984
58802,10.42663
58823,10.48762
58844,10.47589
58865,10.5791
58886,10.56972
58907,10.63775
58928,10.56503
58949,10.57676
58970,10.5275
58991,10.67059
59012,10.6917
59033,10.76911
59054,10.61429
59075,10.49466
59096,10.61664
59117,10.60022
59138,10.61664
59159,10.57207
59180,10.48293
59201,10.42663
59222,10.3891
59243,10.33046
59264,10.32576
59285,10.25305
59306,10.26947
59327,10.04897
59348,10.1686
59369,9.908226
59390,9.903535
59411,9.826125
59432,9.767483
59453,9.711185
59474,9.797977
59495,9.586862
59516,9.61501
59537,9.636122
59558,9.469575
59579,9.303029
59600,9.38982
59621,9.439081
59642,9.392166
59663,9.342906
59684,9.124753
59705,9.223273
59726,9.202163
59747,9.012158
59768,9.054381
59789,9.141173
59810,9.199817
59831,9.120062
59852,8.972281
59873,9.052036
59894,9.080185
59915,8.944133
59936,8.775241
59957,8.993393
59978,8.988701
59999,8.890181
60020,8.876106
60041,8.965244
60062,9.002776
60083,8.857341
60104,8.763512
60125,8.899564
60146,8.873761
60167,8.847958
60188,8.702522
60209,8.796351
60230,8.838574
60251,8.770549
60272,8.751783
60293,8.749437
60314,8.714252
60335,8.672029
60356,8.737708
60377,8.681411
60398,8.763512
60419,8.770549
60440,8.655608
60461,8.695485
60482,8.690794
60503,8.7424
60524,8.765858
60545,8.700177
60566,8.721289
60587,8.761166
60608,8.723634
60629,8.733017
60650,8.608693
60671,8.667336
60692,8.622768
60713,8.594619
60734,8.606348
60755,8.695485
60776,8.702522
60797,8.648571
60818,8.444492
60839,8.390541
60860,8.41869
60881,8.409307
60902,8.348318
60923,8.348318
60944,8.289675
60965,8.306095
60986,8.186462
61007,8.184117
61028,8.259181
61049,8.238069
61070,8.331898
61091,8.324861
61112,8.348318
61133,8.573507
61154,8.580544
61175,8.683757
61196,8.625113
61217,8.798697
61238,9.080185
61259,9.101295
61280,8.927712
61301,9.317103
61322,9.474266
61343,9.525873
61364,9.558713
61385,9.85662
61406,9.962177
61427,10.05835
61448,10.03489
61469,10.29996
61490,10.37972
61511,10.40787
61532,10.39379
61553,10.7738
61574,10.84886
61595,10.77614
61616,10.82071
61637,10.93331
61658,11.08813
61679,11.128
61700,10.98257
61721,10.98257
61742,11.1327
61763,11.13739
61784,11.02714
61805,11.1327
61826,11.17726
61847,11.2664
61868,11.15146
61889,11.1843
61910,11.05998
61931,10.96146
61952,10.94973
61973,11.03183
61994,10.99664
62015,10.96146
62036,10.93096
62057,10.94035
62078,10.89343
62099,10.95442
62120,10.81368
62141,10.78084
62162,10.93565
62183,10.99195
62204,10.97319
62225,10.93096
62246,10.90516
62267,10.98961
62288,10.9943
62309,10.92158
62330,10.95207
62351,10.88639
62372,10.90516
62393,10.92158
62414,10.83713
62435,10.80195
62456,10.74565
62477,10.73627
62498,10.80899
62519,10.84652
62540,10.82541
62561,10.85824
62582,10.85355
62603,10.87936
62624,10.83713
62645,10.86997
62666,10.98022
62687,10.94973
62708,10.91923
62729,10.90751
62750,10.93565
62771,10.98492
62792,10.94269
62813,11.02714
62834,11.00368
62855,10.99195
62876,10.90516
62897,10.84886
62918,10.65182
62939,10.56972
62960,10.50873
62981,10.40317
63002,10.37972
63023,10.18033
63044,10.20848
63065,10.16391
63086,10.117
63107,10.06305
63128,10.04193
63149,10.02786
63170,10.05132
63191,9.955141
63212,9.990326
63233,10.0865
63254,9.941067
63275,10.02082
63296,9.952795
63317,10.08885
63338,10.08181
63359,10.13576
63380,10.18268
63401,10.15218
63422,10.08416
63443,10.03959
63464,10.00909
63485,9.948103
63506,10.00909
63527,9.931683
63548,9.931683
63569,9.842546
63590,9.814397
63611,9.767483
63632,9.715877
63653,9.793285
63674,9.617355
63695,9.507107
63716,9.410933
63737,9.584516
63758,9.624393
63779,9.448463
63800,9.272534
63821,9.303029
63842,9.138828
63863,9.028579
63884,9.202163
63905,9.101295
63926,9.101295
63947,9.068456
63968,9.061419
63989,8.880798
64010,8.890181
64031,8.69314
64052,8.857341
64073,8.79166
64094,8.838574
64115,8.72598
64136,8.866723
64157,8.639189
64178,8.564125
64199,8.657954
64220,8.613385
64241,8.573507
64262,8.510174
64283,8.498445
64304,8.657954
64325,8.599311
64346,8.64388
64367,8.500791
64388,8.632151
64409,8.594619
64430,8.728326
64451,8.782278
64472,8.728326
64493,8.634497
64514,8.629806
64535,8.831537
64556,8.763512
64577,8.592274
64598,8.465604
64619,8.45153
64640,8.648571
64661,8.592274
64682,8.474987
64703,8.491407
64724,8.371776
64745,8.406961
64766,8.554742
64787,8.444492
64808,8.409307
64829,8.329552
64850,8.416345
64871,8.474987
64892,8.608693
64913,8.489061
64934,8.519556
64955,8.608693
64976,8.796351
64997,8.782278
65018,8.751783
65039,8.894873
65060,9.028579
65081,8.946478
65102,8.969935
65123,9.145865
65144,9.279572
65165,9.265497
65186,9.314757
65207,9.162285
65228,9.359325
65249,9.40624
65270,9.408587
65291,9.331178
65312,9.176359
65333,9.281918
65354,9.30772
65375,9.48834
65396,9.579824
65417,9.561059
65438,9.638468
65459,9.877731
65480,10.03255
65501,10.01144
65522,9.943413
65543,10.05835
65564,10.18737
65585,10.23194
65606,10.18502
65627,10.1428
65648,10.28823
65669,10.37737
65690,10.27416
65711,10.23194
65732,10.10761
65753,10.29292
65774,10.30231
65795,10.35626
65816,10.28823
65837,10.29996
65858,10.35861
65879,10.43367
65900,10.57207
65921,10.5275
65942,10.44305
65963,10.53453
65984,10.71516
66005,10.85355
66026,10.8301
66047,10.7175
66068,10.90281
66089,11.0459
66110,11.02245
66131,10.97788
66152,10.95442
66173,11.0201
66194,11.08813
66215,11.05998
66236,10.98961
66257,10.91923
66278,11.00134
66299,10.95442
66320,10.94973
66341,11.00368
66362,10.83713
66383,10.86059
66404,10.93565
66425,10.90516
66446,10.91689
66467,10.9943
66488,10.98257
66509,10.98257
66530,11.11862
66551,10.9943
66572,11.08109
66593,11.05529
66614,11.04356
66635,11.06936
66656,11.00134
66677,11.16319
66698,11.04356
66719,11.21245
66740,11.11393
66761,11.11393
66782,11.08343
66803,10.94035
66824,10.82071
66845,10.77145
66866,10.70343
66887,10.69404
66908,10.64713
66929,10.62133
66950,10.53219
66971,10.43132
66992,10.36564
67013,10.18737
67034,10.28823
67055,10.16626
67076,10.11934
67097,10.18971
67118,9.959831
67139,10.24366
67160,10.10996
67181,10.16391
67202,10.16156
67223,10.15218
67244,10.20848
67265,10.07712
67286,10.1686
67307,10.14984
67328,10.15453
67349,10.08885
67370,10.21317
67391,10.19441
67412,10.19441
67433,10.22255
67454,10.28354
67475,10.27181
67496,10.31873
67517,10.16391
67538,10.29996
67559,10.1991
67580,10.26712
67601,10.23897
67622,10.17564
67643,10.17329
67664,10.24132
67685,10.13342
67706,10.03724
67727,10.01848
67748,10.0044
67769,9.934029
67790,9.952795
67811,9.917608
67832,9.816743
67853,9.812052
67874,9.624393
67895,9.589207
67916,9.683037
67937,9.551676
67958,9.551676
67979,9.462538
68000,9.507107
68021,9.352288
68042,9.354634
68063,9.504761
68084,9.432044
68105,9.15994
68126,9.260805
68147,9.253768
68168,9.263151
68189,9.108333
68210,8.890181
68231,8.862032
68252,8.911292
68273,8.808081
68294,8.930058
68315,8.674374
68336,8.702522
68357,8.62746
68378,8.810426
68399,8.789314
68420,8.756474
68441,8.632151
68462,8.690794
68483,8.730671
68504,8.744746
68525,8.564125
68546,8.620422
68567,8.578199
68588,8.547705
68609,8.538322
68630,8.526593
68651,8.428073
68672,8.45153
68693,8.554742
68714,8.519556
68735,8.528939
68756,8.371776
68777,8.38585
68798,8.557088
68819,8.812772
68840,8.421036
68861,8.303749
68882,8.885489
68903,8.585237
68924,8.6603
68945,8.528939
68966,8.453876
68987,8.404615
69008,8.360046
69029,8.36943
69050,8.498445
69071,8.557088
69092,8.425727
69113,8.331898
69134,8.425727
69155,8.449184
69176,8.425727
69197,8.30844
69218,8.30844
69239,8.252144
69260,8.348318
69281,8.388196
69302,8.378813
69323,8.371776
69344,8.289675
69365,8.221649
69386,8.371776
69407,8.64388
69428,8.765858
69449,8.744746
69470,8.991047
69491,8.925366
69512,8.801044
69533,8.904256
69554,9.110679
69575,9.328832
69596,9.460192
69617,9.546985
69638,9.891806
69659,9.800323
69680,9.640813
69701,9.821435
69722,9.880077
69743,9.668962
69764,9.720568
69785,10.03489
69806,10.25305
69827,10.2507
69848,10.0302
69869,10.24132
69890,10.4454
69911,10.57207
69932,10.4712
69953,10.32811
69974,10.39614
69995,10.85824
70016,11.09751
70037,11.26875
70058,11.06936
70079,11.17257
70100,11.24529
70121,11.23356
70142,11.21245
70163,11.11158
70184,11.09047
70205,11.20776
70226,11.28986
70247,11.19838
70268,11.17492
70289,11.15381
70310,11.08578
70331,10.90751
70352,10.94035
70373,11.01775
70394,11.10689
70415,11.10689
70436,11.14208
70457,11.2406
70478,11.1585
70499,11.15146
70520,11.16319
70541,11.19134
70562,11.28517
70583,11.29924
70604,11.19368
70625,11.30159
70646,11.34146
70667,11.3485
70688,11.3227
70709,11.36727
70730,11.26171
70751,11.17023
70772,11.16319
70793,11.1327
70814,11.09985
70835,11.00837
70856,10.90985
70877,10.85824
70898,10.71516
70919,10.75738
70940,10.66355
70961,10.66355
70982,10.6096
71003,10.65651
71024,10.56034
71045,10.55799
71066,10.59083
71087,10.61664
71108,10.50873
71129,10.48293
71150,10.5838
71171,10.42898
71192,10.5275
71213,10.47355
71234,10.52984
71255,10.16391
71276,10.55096
71297,10.45478
71318,10.34688
71339,10.39145
71360,10.39848
71381,10.42429
71402,10.41959
71423,10.43836
71444,10.48528
71465,10.37972
71486,10.40552
71507,10.43601
71528,10.44071
71549,10.3891
71570,10.42194
71591,10.33046
71612,10.35861
71633,10.22959
71654,10.29762
71675,10.18033
71696,10.12872
71717,10.03255
71738,10.04897
71759,10.03959
71780,9.959831
71801,10.01144
71822,9.7581
71843,9.732296
71864,9.711185
71885,9.748716
71906,9.497724
71927,9.556367
71948,9.457847
71969,9.469575
71990,9.446118
72011,9.169322
72032,8.967589
72053,9.113025
72074,9.075493
72095,9.056727
72116,8.972281
72137,8.845612
72158,8.817463
72179,8.937096
72200,8.866723
72221,8.890181
72242,8.850304
72263,8.810426
72284,8.636843
72305,8.751783
72326,8.681411
72347,8.622768
72368,8.578199
72389,8.587582
72410,8.421036
72431,8.489061
72452,8.545359
72473,8.43511
72494,8.240415
72515,8.235723
72536,8.395233
72557,8.423381
72578,8.261526
72599,8.165352
72620,8.216957
72641,8.256835
72662,8.341281
72683,8.437455
72704,8.263872
72725,8.214611
72746,8.357701
72767,8.341281
72788,8.266218
72809,8.322515
72830,8.343626
72851,8.482024
72872,8.463259
72893,8.449184
72914,8.639189
72935,8.721289
72956,8.632151
72977,8.629806
72998,8.704868
73019,8.866723
73040,8.862032
73061,8.782278
73082,8.822155
73103,8.972281
73124,8.960552
73145,9.040307
73166,9.080185
73187,9.195126
73208,9.023888
73229,8.946478
73250,8.925366
73271,9.129445
73292,9.190434
73313,9.143519
73334,9.13179
73355,9.232656
73376,9.439081
73397,9.40624
73418,9.298337
73439,9.457847
73460,9.436735
73481,9.607973
73502,9.584516
73523,9.629085
73544,9.59859
73565,9.882422
73586,9.98329
73607,9.903535
73628,9.814397
73649,10.03255
73670,10.07243
73691,10.24132
73712,10.19206
73733,10.15687
73754,10.2507
73775,10.43132
73796,10.26712
73817,10.28823
73838,10.21552
73859,10.30231
73880,10.34219
73901,10.45244
73922,10.37503
73943,10.33046
73964,10.21786
73985,10.29762
74006,10.29292
74027,10.18502
74048,10.31873
74069,10.2812
74090,10.46885
74111,10.58614
74132,10.58614
74153,10.45478
74174,10.40317
74195,10.47824
74216,10.61898
74237,10.65886
74258,10.59318
74279,10.61664
74300,10.59083
74321,10.67059
74342,10.70577
74363,10.6354
74384,10.73627
74405,10.67059
74426,10.65417
74447,10.82541
74468,10.78787
74489,10.9638
74510,11.07874
74531,10.97788
74552,11.0201
74573,11.05998
74594,11.23825
74615,11.21245
74636,11.33443
74657,11.25936
74678,11.36258
74699,11.40011
74720,11.32504
74741,11.32035
74762,11.22183
74783,11.26406
74804,11.24763
74825,11.22887
74846,11.17961
74867,11.15381
74888,11.09517
74909,11.13035
74930,11.12566
74951,11.0764
74972,11.00134
74993,10.83713
75014,10.85355
75035,10.75034
75056,10.74565
75077,10.73627
75098,10.64947
75119,10.56034
75140,10.60256
75161,10.47589
75182,10.40787
75203,10.30465
75224,10.26008
75245,10.23428
75266,10.13342
75287,10.20613
75308,10.06305
75329,10.10058
75350,10.06773
75371,9.908226
75392,9.976252
75413,9.978598
75434,10.0607
75455,9.833163
75476,9.866002
75497,9.861312
75518,9.797977
75539,9.877731
75560,9.926992
75581,9.851928
75602,9.863657
75623,10.06773
75644,10.0607
75665,10.10996
75686,10.14984
75707,10.12403
75728,10.25774
75749,10.34688
75770,10.34922
75791,10.37972
75812,10.19206
75833,10.31873
75854,10.48293
75875,10.39379
75896,10.14749
75917,10.20144
75938,10.24366
75959,10.18737
75980,10.07712
76001,9.980944
76022,9.919954
76043,9.842546
76064,9.842546
76085,9.751062
76106,9.772174
76127,9.715877
76148,9.654888
76169,9.568096
76190,9.523527
76211,9.779211
76232,9.518835
76253,9.760445
76274,9.136482
76295,9.197471
76316,9.227965
76337,9.235003
76358,9.150557
76379,9.101295
76400,9.009813
76421,8.98401
76442,9.01685
76463,8.998084
76484,8.913638
76505,8.815118
76526,8.805735
76547,8.794006
76568,8.704868
76589,8.632151
76610,8.704868
76631,8.686103
76652,8.648571
76673,8.62746
76694,8.465604
76715,8.667336
76736,8.805735
76757,8.686103
76778,8.639189
76799,8.657954
76820,8.709559
76841,8.831537
76862,8.878452
76883,8.777586
76904,8.747091
76925,8.8245
76946,9.061419
76967,8.946478
76988,8.925366
77009,8.810426
77030,8.887836
77051,8.962898
77072,9.059073
77093,8.95117
77114,8.918329
77135,8.988701
77156,9.023888
77177,9.136482
77198,8.972281
77219,8.880798
77240,8.979319
77261,8.993393
77282,9.030925
77303,9.035616
77324,8.854995
77345,8.79166
77366,8.826846
77387,8.878452
77408,8.869069
77429,8.808081
77450,8.772895
77471,8.735363
77492,8.770549
77513,8.845612
77534,8.796351
77555,8.810426
77576,8.798697
77597,8.723634
77618,8.735363
77639,8.707214
77660,8.697831
77681,8.711905
77702,8.770549
77723,8.754128
77744,8.733017
77765,8.765858
77786,8.7424
77807,8.700177
77828,8.770549
77849,8.946478
77870,9.103642
77891,8.967589
77912,8.836229
77933,9.094258
77954,9.162285
77975,9.23031
77996,9.134136
78017,9.091913
78038,9.359325
78059,9.227965
78080,9.462538
78101,9.546985
78122,9.744025
78143,9.901189
78164,9.912917
78185,10.16391
78206,10.22021
78227,10.31404
78248,10.46182
78269,10.53453
78290,10.69874
78311,10.76207
78332,10.86763
78353,10.85121
78374,10.89812
78395,11.03417
78416,11.25702
78437,11.25467
78458,11.16554
78479,11.38134
78500,11.53616
78521,11.47517
78542,11.54085
78563,11.58777
78584,11.50801
78605,11.38838
78626,11.56665
78647,11.67221
78668,11.55727
78689,11.51974
78710,11.569
78731,11.53147
78752,11.45875
78773,11.42826
78794,11.42591
78815,11.52678
78836,11.53616
78857,11.5127
78878,11.46344
78899,11.41184
78920,11.42826
78941,11.50332
78962,11.28282
78983,11.19134
79004,11.22652
79025,11.18899
79046,11.16554
79067,11.09517
79088,10.88405
79109,10.90281
79130,10.82071
79151,10.84183
79172,10.77145
79193,10.67997
79214,10.62602
79235,10.6659
79256,10.52046
79277,10.55096
79298,10.52984
79319,10.59083
79340,10.47589
79361,10.48997
79382,10.48762
79403,10.4712
79424,10.50404
79445,10.62133
79466,10.53219
79487,10.3891
79508,10.43601
79529,10.55096
79550,10.47824
79571,10.47824
79592,10.53688
79613,10.51108
79634,10.40317
79655,10.23663
79676,10.3328
79697,10.30935
79718,10.36095
79739,10.37503
79760,10.33984
79781,10.32576
79802,10.24601
79823,10.22959
79844,10.36564
79865,10.32107
79886,10.35626
79907,10.33046
79928,10.30231
79949,10.28354
79970,10.26478
79991,10.30231
80012,10.17798
80033,9.999709
80054,9.997364
80075,10.08885
80096,10.04897
80117,9.812052
80138,9.840199
80159,9.751062
80180,9.704147
80201,9.645505
80222,9.504761
80243,9.48834
80264,9.35698
80285,9.427352
80306,9.338214
80327,9.218582
80348,9.218582
80369,9.052036
80390,9.021542
80411,8.946478
80432,8.976973
80453,8.869069
80474,8.740054
80495,8.625113
80516,8.655608
80537,8.585237
80558,8.315477
80579,8.413999
80600,8.477333
80621,8.430418
80642,8.336589
80663,8.41869
80684,8.270909
80705,8.233377
80726,8.172389
80747,8.322515
80768,8.357701
80789,8.388196
80810,8.22634
80831,8.320169
80852,8.489061
80873,8.43511
80894,8.446838
80915,8.376467
80936,8.392887
80957,8.507828
80978,8.669683
80999,8.688448
81020,8.561779
81041,8.571162
81062,8.622768
81083,8.798697
81104,8.751783
81125,8.686103
81146,8.735363
81167,8.751783
81188,8.707214
81209,8.622768
81230,8.770549
81251,8.721289
81272,8.763512
81293,8.721289
81314,8.723634
81335,8.618076
81356,8.564125
81377,8.592274
81398,8.648571
81419,8.657954
81440,8.718943
81461,8.669683
81482,8.622768
81503,8.446838
81524,8.20992
81545,8.238069
81566,8.317823
81587,8.355355
81608,8.343626
81629,8.350664
81650,8.648571
81671,8.596965
81692,8.568816
81713,8.547705
81734,8.704868
81755,8.833883
81776,8.847958
81797,9.026234
81818,9.270188
81839,9.338214
81860,9.530564
81881,9.366363
81902,9.511798
81923,9.739333
81944,9.894152
81965,9.936375
81986,10.15453
82007,10.33515
82028,10.34453
82049,10.33046
82070,10.48528
82091,10.55799
82112,10.80195
82133,10.72688
82154,10.76676
82175,10.6659
82196,10.75972
82217,10.94035
82238,11.03887
82259,11.11862
82280,11.15381
82301,11.17257
82322,11.23591
82343,11.45406
82364,11.63703
82385,11.70505
82406,11.50332
82427,11.41653
82448,11.62295
82469,11.89036
82490,11.91851
82511,11.82468
82532,11.72382
82553,11.62999
82574,11.68863
82595,11.6253
82616,11.64172
82637,11.58307
82658,11.60184
82679,11.35554
82700,11.47752
82721,11.38838
82742,11.32504
82763,11.39307
82784,11.40715
82805,11.29455
82826,11.379
82847,11.3227
82868,11.2148
82889,11.10924
82910,10.99664
82931,11.0764
82952,11.1327
82973,11.0459
82994,10.94035
83015,10.83479
83036,10.71281
83057,10.64009
83078,10.56034
83099,10.53453
83120,10.43132
83141,10.35861
83162,10.32811
83183,10.27885
83204,10.14984
83225,10.14514
83246,10.13342
83267,10.08885
83288,10.07243
83309,9.985635
83330,9.941067
83351,10.02786
83372,10.04193
83393,9.964523
83414,10.02786
83435,10.05835
83456,10.05601
83477,10.17798
83498,10.1428
83519,10.117
83540,10.22959
83561,10.20379
83582,10.31169
83603,10.4149
83624,10.41256
83645,10.37268
83666,10.52046
83687,10.4454
83708,10.55096
83729,10.40552
83750,10.53219
83771,10.49466
83792,10.5275
83813,10.60256
83834,10.50169
83855,10.4149
83876,10.497
83897,10.39848
83918,10.34453
83939,10.43601
83960,10.18971
83981,10.16156
84002,10.06773
84023,9.997364
84044,10.01144
84065,9.887115
84086,9.833163
84107,9.683037
84128,9.755754
84149,9.56575
84170,9.396858
84191,9.514144
84212,9.371055
84233,9.699456
84254,9.223273
84275,9.220928
84296,9.19278
84317,8.913638
84338,8.866723
84359,9.01685
84380,8.941787
84401,8.779932
84422,8.796351
84443,8.93475
84464,8.805735
84485,8.79166
84506,8.894873
84527,8.880798
84548,8.770549
84569,8.894873
84590,8.890181
84611,8.808081
84632,8.79166
84653,8.833883
84674,8.836229
84695,8.688448
84716,8.695485
84737,8.72598
84758,8.561779
84779,8.620422
84800,8.681411
84821,8.667336
84842,8.613385
84863,8.657954
84884,8.711905
84905,8.690794
84926,8.664991
84947,8.62746
84968,8.679066
84989,8.711905
85010,8.803389
85031,8.90191
85052,8.796351
85073,8.7424
85094,8.817463
85115,8.869069
85136,9.009813
85157,8.8245
85178,8.826846
85199,8.941787
85220,8.779932
85241,8.8245
85262,8.866723
85283,8.885489
85304,8.810426
85325,8.697831
85346,8.801044
85367,8.798697
85388,8.733017
85409,8.772895
85430,8.648571
85451,8.599311
85472,8.538322
85493,8.446838
85514,8.413999
85535,8.493753
85556,8.341281
85577,8.601656
85598,8.486716
85619,8.449184
85640,8.46795
85661,8.439801
85682,8.456222
85703,8.547705
85724,8.655608
85745,8.836229
85766,8.812772
85787,8.911292
85808,8.880798
85829,9.059073
85850,9.120062
85871,9.171668
85892,9.2092
85913,9.392166
85934,9.434389
85955,9.50007
85976,9.434389
85997,9.427352
86018,9.54933
86039,9.729951
86060,9.650196
86081,9.511798
86102,9.652542
86123,9.833163
86144,9.910572
86165,10.02551
86186,10.10058
86207,10.18033
86228,10.23663
86249,10.41021
86270,10.53923
86291,10.54626
86312,10.50639
86333,10.49466
86354,10.55096
86375,10.55799
86396,10.7175
86417,10.64244
86438,10.6659
86459,10.748
86480,10.79022
86501,10.8559
86522,10.73627
86543,10.7175
86564,10.76676
86585,10.94035
86606,10.75034
86627,10.78553
86648,10.7175
86669,10.68935
86690,10.75034
86711,10.70108
86732,10.65417
86753,10.71516
86774,10.62602
86795,10.85355
86816,10.81133
86837,10.73392
86858,10.69874
86879,10.83479
86900,10.84886
86921,10.83244
86942,10.80195
86963,10.80899
86984,10.8301
87005,10.88405
87026,10.77145
87047,10.6659
87068,10.62602
87089,10.59318
87110,10.53688
87131,10.53453
87152,10.50639
87173,10.55096
87194,10.52046
87215,10.57676
87236,10.57676
87257,10.54861
87278,10.56268
87299,10.65886
87320,10.71281
87341,10.70108
87362,10.7175
87383,10.69639
87404,10.72688
87425,10.7175
87446,10.79256
87467,10.87936
87488,10.90985
87509,10.97319
87530,10.85355
87551,10.76676
87572,10.81837
87593,10.81837
87614,10.75503
87635,10.72923
87656,10.6659
87677,10.27181
87698,10.3891
87719,10.37972
87740,10.25539
87761,10.20379
87782,10.21786
87803,10.08181
87824,9.978598
87845,10.09823
87866,10.18502
87887,10.23428
87908,10.17564
87929,10.2507
87950,10.29762
87971,10.29527
87992,10.37503
88013,10.39379
88034,10.41021
88055,10.31404
88076,10.46651
88097,10.48997
88118,10.28823
88139,10.34922
88160,10.44774
88181,10.40552
88202,10.307
88223,10.21083
88244,10.29292
88265,10.06305
88286,9.924646
88307,9.952795
88328,9.910572
88349,9.683037
88370,9.56575
88391,9.622047
88412,9.469575
88433,9.432044
88454,9.410933
88475,9.260805
88496,9.063765
88517,9.120062
88538,9.115371
88559,9.134136
88580,9.040307
88601,9.044999
88622,9.152903
88643,9.263151
88664,9.028579
88685,8.972281
88706,9.145865
88727,8.962898
88748,8.897219
88769,8.899564
88790,8.962898
88811,8.894873
88832,8.653263
88853,8.650917
88874,8.669683
88895,8.672029
88916,8.622768
88937,8.329552
88958,8.397578
88979,8.500791
89000,8.503136
89021,8.355355
89042,8.329552
89063,8.413999
89084,8.43511
89105,8.428073
89126,8.486716
89147,8.41869
89168,8.409307
89189,8.507828
89210,8.383504
89231,8.460913
89252,8.538322
89273,8.486716
89294,8.470296
89315,8.587582
89336,8.559433
89357,8.299058
89378,8.076214
89399,8.109054
89420,8.158315
89441,8.167697
89462,7.923741
89483,7.940162
89504,8.026954
89525,8.052756
89546,7.90263
89567,7.88621
89588,8.073868
89609,8.080905
89630,8.066831
89651,8.125474
89672,8.315477
89693,8.320169
89714,8.292021
89735,8.348318
89756,8.458567
89777,8.554742
89798,8.519556
89819,8.662645
89840,8.920675
89861,8.794006
89882,8.98401
89903,9.077839
89924,9.300683
89945,9.300683
89966,9.561059
89987,9.518835
90008,9.61501
90029,9.514144
90050,9.666616
90071,9.805015
90092,9.828471
90113,9.887115
90134,9.919954
90155,9.964523
90176,9.999709
90197,9.917608
90218,10.29058
90239,10.33749
90260,10.36564
90281,10.4712
90302,10.27416
90323,10.26947
90344,10.37503
90365,10.67528
90386,10.60256
90407,10.71281
90428,10.57441
90449,10.66355
90470,10.69874
90491,10.79256
90512,10.77145
90533,10.77145
90554,10.938
90575,10.90516
90596,10.96146
90617,11.03652
90638,10.92158
90659,11.09047
90680,11.05998
90701,10.92862
90722,11.10455
90743,11.15146
90764,11.20307
90785,11.26171
90806,11.21245
90827,11.05998
90848,11.16554
90869,11.18899
90890,11.08109
90911,11.01306
90932,11.00368
90953,10.97319
90974,10.90516
90995,10.89109
91016,10.88874
91037,10.92158
91058,10.86059
91079,10.83713
91100,10.83479
91121,10.8301
91142,10.84183
91163,10.82775
91184,10.94738
91205,10.94504
91226,11.0459
91247,10.9638
91268,10.88405
91289,10.95442
91310,11.09517
91331,11.07405
91352,11.16788
91373,11.1585
91394,11.15146
91415,11.14208
91436,11.1843
91457,11.1843
91478,11.33208
91499,11.27813
91520,11.28282
91541,11.16084
91562,11.06701
91583,10.87232
91604,10.74096
91625,10.68935
91646,10.67762
91667,10.50404
91688,10.59083
91709,10.61429
91730,10.41959
91751,10.3328
91772,10.37972
91793,10.47824
91814,10.50404
91835,10.43836
91856,10.56738
91877,10.48293
91898,10.45947
91919,10.47355
91940,10.59318
91961,10.53453
91982,10.46416
92003,10.34453
92024,10.35861
92045,10.24366
92066,10.18268
92087,10.04897
92108,9.941067
92129,9.851928
92150,9.654888
92171,9.436735
92192,9.699456
92213,9.331178
92234,9.220928
92255,9.089567
92276,9.042653
92297,8.894873
92318,8.810426
92339,8.845612
92360,8.960552
92381,8.559433
92402,8.53363
92423,8.550051
92444,8.8245
92465,8.768204
92486,8.470296
92507,8.564125
92528,8.815118
92549,8.517211
92570,8.479678
92591,8.596965
92612,8.594619
92633,8.561779
92654,8.40227
92675,8.425727
92696,8.496099
92717,8.446838
92738,8.289675
92759,8.341281
92780,8.460913
92801,8.411653
92822,8.430418
