8848,11.1327
8869,10.91689
8890,10.70577
8911,10.62133
8932,10.4454
8953,10.36095
8974,10.41021
8995,10.36095
9016,10.43367
9037,10.38441
9058,10.5838
9079,10.57207
9100,10.63775
9121,10.79726
9142,10.8301
9163,10.83713
9184,10.89578
9205,10.95442
9226,10.99195
9247,11.08578
9268,11.1022
9289,10.94973
9310,11.0201
9331,10.94269
9352,10.90985
9373,10.92393
9394,10.87701
9415,10.67293
9436,10.67997
9457,10.64713
9478,10.4712
9499,10.36564
9520,10.44774
9541,10.36564
9562,10.23428
9583,10.36095
9604,10.22959
9625,10.117
9646,10.18971
9667,10.03959
9688,9.880077
9709,9.765137
9730,9.828471
9751,9.645505
9772,9.556367
9793,9.546985
9814,9.518835
9835,9.380438
9856,9.403895
9877,9.267843
9898,9.188088
9919,9.087222
9940,9.040307
9961,8.796351
9982,8.955861
10003,8.770549
10024,8.690794
10045,8.56647
10066,8.620422
10087,8.599311
10108,8.343626
10129,8.238069
10150,8.367084
10171,8.235723
10192,8.383504
10213,8.432764
10234,8.282638
10255,8.360046
10276,8.357701
10297,8.430418
10318,8.238069
10339,8.411653
10360,8.611039
10381,8.474987
10402,8.615731
10423,8.500791
10444,8.324861
10465,8.413999
10486,8.334244
10507,8.240415
10528,8.172389
10549,8.245107
10570,8.16066
10591,8.022263
10612,8.256835
10633,8.132511
10654,8.158315
10675,8.155969
10696,8.06214
10717,8.078559
10738,8.043374
10759,8.015225
10780,8.106709
10801,8.026954
10822,8.059793
10843,8.026954
10864,8.179425
10885,8.141894
10906,8.148932
10927,8.130166
10948,8.163006
10969,8.270909
10990,8.392887
11011,8.170043
11032,8.20992
11053,8.301403
11074,8.097325
11095,8.155969
11116,7.961274
11137,8.008188
11158,7.874481
11179,7.846333
11200,7.895593
11221,7.914359
11242,7.843987
11263,7.883864
11284,7.91905
11305,7.672749
11326,7.745467
11347,7.825221
11368,7.963619
11389,7.980039
11410,8.0293
11431,8.125474
11452,8.40227
11473,8.634497
11494,8.768204
11515,8.993393
11536,9.148211
11558,9.676
11579,9.978598
11600,9.844892
11621,10.13107
11642,10.26243
11663,10.35626
11684,10.15687
11705,10.21317
11726,10.45009
11747,10.2249
11768,10.12638
11789,10.17798
11810,10.18502
11831,10.21083
11852,9.948103
11873,10.01848
11894,10.0865
11915,10.1123
11936,10.13342
11957,10.21552
11978,10.2765
11999,10.31404
12020,10.42898
12041,10.47589
12063,10.61664
12084,10.6659
12105,10.67997
12126,10.68701
12147,10.86528
12168,10.91454
12189,10.87701
12210,10.90047
12231,10.85355
12252,10.95207
12273,10.95442
12294,10.89343
12315,11.11158
12336,11.15146
12357,11.06232
12378,11.03417
12399,10.91923
12420,10.97084
12441,10.92158
12462,10.74565
12483,10.89578
12504,10.90281
12525,10.8559
12546,10.78553
12567,10.8559
12588,10.77145
12609,10.74565
12630,10.84886
12651,10.92393
12672,10.86528
12693,11.05763
12714,11.15615
12735,11.31566
12756,11.32035
12777,11.46344
12798,11.38838
12819,11.37431
12840,11.26171
12861,11.09985
12882,11.06936
12903,11.03417
12924,10.86763
12945,10.68466
12966,10.66355
12987,10.56972
13008,10.52281
13029,10.5791
13050,10.67528
13071,10.68466
13092,10.62133
13113,10.72454
13134,10.42663
13155,10.62367
13176,10.6917
13197,10.55799
13218,10.45244
13239,10.47589
13260,10.45478
13281,10.38441
13302,10.49466
13323,10.59318
13344,10.39379
13365,10.27885
13386,10.26243
13407,10.18033
13428,10.15687
13449,9.978598
13470,9.931683
13491,9.966869
13512,10.03255
13533,10.00206
13554,9.877731
13575,9.596244
13596,9.298337
13617,9.478958
13638,9.640813
13659,9.657233
13680,9.507107
13701,9.793285
13722,10.01144
13743,10.3891
13764,10.14045
13785,10.2812
13806,10.71985
13827,10.82306
13848,10.75503
13869,11.01775
13890,11.23825
13911,11.28751
13932,11.07405
13953,11.40011
13974,11.49159
13995,11.54085
14016,11.32974
14037,11.37665
14058,11.48456
14079,11.47986
14100,11.30393
14121,11.24998
14142,11.04825
14163,10.95442
14184,10.90985
14205,10.66824
14226,10.57676
14248,10.43601
14269,10.31638
14290,10.20144
14311,9.973906
14332,9.802669
14353,9.668962
14374,9.544639
14395,9.272534
14416,9.127099
14437,9.216236
14458,9.120062
14479,8.981664
14500,8.958207
14521,8.967589
14542,9.056727
14563,9.056727
14584,8.932404
14605,9.054381
14626,9.035616
14647,8.988701
14668,8.744746
14689,8.770549
14710,8.733017
14731,8.64388
14752,8.41869
14773,8.46795
14794,8.45153
14815,8.498445
14836,8.341281
14857,8.259181
14878,8.247452
14899,8.184117
14920,8.324861
14941,8.503136
14962,8.388196
14983,8.198192
15004,8.531285
15025,8.519556
15046,8.463259
15067,8.517211
15088,8.510174
15109,8.479678
15130,8.582891
15151,8.472641
15172,8.48437
15193,8.496099
15214,8.474987
15235,8.491407
15256,8.559433
15277,8.618076
15298,8.721289
15319,8.784623
15340,8.817463
15361,8.819809
15382,8.899564
15403,8.894873
15424,8.979319
15445,9.061419
15466,9.01685
15487,9.012158
15508,9.070802
15529,9.155248
15550,9.216236
15571,9.188088
15592,9.166977
15613,9.227965
15634,9.199817
15655,9.232656
15676,9.129445
15697,9.115371
15718,9.150557
15739,9.134136
15760,9.089567
15781,9.157594
15802,9.019196
15823,9.113025
15844,9.014504
15865,8.871415
15886,8.845612
15907,8.796351
15928,8.744746
15949,8.735363
15970,8.772895
15991,8.702522
16012,8.608693
16033,8.718943
16054,8.582891
16075,8.557088
16096,8.557088
16117,8.648571
16138,8.564125
16159,8.599311
16180,8.79166
16201,8.775241
16222,8.674374
16243,8.751783
16264,8.829192
16285,8.690794
16306,8.772895
16327,8.798697
16348,8.765858
16369,8.618076
16390,8.770549
16411,8.765858
16432,8.664991
16453,8.601656
16474,8.601656
16495,8.496099
16516,8.430418
16537,8.662645
16558,8.763512
16579,8.613385
16600,8.683757
16621,8.582891
16642,8.892527
16663,8.90191
16684,8.939441
16705,9.237348
16726,9.35698
16747,9.324141
16768,9.570441
16789,9.7581
16810,9.995018
16831,10.10996
16852,10.14749
16873,10.32107
16894,10.53923
16915,10.61429
16936,10.60491
16957,10.61898
16978,10.60256
16999,10.61898
17020,10.64478
17041,10.62133
17062,10.47824
17083,10.48058
17104,10.63306
17125,10.52046
17146,10.4454
17167,10.39848
17188,10.56503
17209,10.53688
17230,10.32811
17251,10.36095
17272,10.38206
17293,10.37503
17314,10.33984
17335,10.47355
17356,10.63775
17377,10.63071
17398,10.67528
17419,10.86997
17440,10.89109
17461,11.02948
17482,11.05294
17503,11.01541
17524,11.00134
17545,11.11627
17566,11.04356
17587,11.07874
17608,10.98492
17629,11.0506
17650,11.0201
17671,10.93565
17692,10.93331
17713,10.93331
17734,10.98022
17755,10.99899
17776,11.02948
17797,11.09282
17818,11.09282
17839,11.10689
17860,11.13739
17881,11.16084
17902,11.35554
17923,11.3485
17944,11.46579
17965,11.53381
17986,11.54085
18007,11.58542
18028,11.70271
18049,11.69802
18070,11.68394
18091,11.74493
18112,11.67456
18133,11.43764
18154,11.38369
18175,11.39307
18196,11.22887
18217,11.19134
18238,11.08813
18259,11.03183
18280,10.95207
18301,10.97788
18322,10.86763
18343,10.85121
18364,10.86294
18385,10.96615
18406,10.96615
18427,11.01072
18448,10.97084
18469,11.03183
18490,11.03887
18511,11.05529
18532,11.0764
18553,11.128
18574,11.1585
18595,11.08343
18616,11.26171
18637,11.16084
18658,11.09751
18679,10.95207
18700,10.97553
18721,10.82775
18742,10.71281
18763,10.70343
18784,10.61664
18805,10.44071
18826,10.28823
18847,10.28823
18868,10.11934
18889,10.10527
18910,10.09354
18931,10.19441
18952,10.0865
18973,10.09119
18994,10.21786
19015,10.28354
19036,10.307
19057,10.1686
19078,10.117
19099,10.10527
19120,10.12403
19141,9.910572
19162,9.751062
19183,9.812052
19204,9.722914
19225,9.584516
19246,9.347597
19267,9.40624
19288,9.448463
19309,9.260805
19330,9.199817
19351,9.063765
19372,9.101295
19393,8.941787
19414,8.852649
19435,8.733017
19456,8.704868
19477,8.578199
19498,8.397578
19519,8.310786
19540,8.289675
19561,8.292021
19582,8.336589
19604,8.181771
19626,8.231031
19647,8.397578
19668,8.404615
19689,8.282638
19710,8.38585
19731,8.446838
19752,8.252144
19773,8.442147
19794,8.388196
19815,8.404615
19836,8.235723
19857,8.36943
19878,8.345972
19899,8.315477
19920,8.36943
19941,8.388196
19962,8.456222
19983,8.477333
20004,8.460913
20025,8.425727
20046,8.477333
20067,8.550051
20088,8.521902
20109,8.575853
20130,8.622768
20151,8.613385
20172,8.664991
20193,8.744746
20214,8.777586
20235,8.810426
20256,8.887836
20277,8.801044
20298,8.915984
20319,8.953515
20340,9.136482
20361,8.979319
20382,8.958207
20403,8.937096
20424,9.044999
20445,8.944133
20466,8.969935
20487,8.869069
20508,8.871415
20529,8.697831
20550,8.669683
20571,8.686103
20592,8.613385
20613,8.554742
20634,8.486716
20655,8.503136
20676,8.613385
20697,8.425727
20718,8.371776
20739,8.561779
20760,8.486716
20782,8.388196
20803,8.53363
20824,8.751783
20845,8.751783
20866,8.622768
20887,8.765858
20908,8.850304
20929,8.864378
20950,8.988701
20971,9.091913
20992,9.169322
21013,9.141173
21034,9.249077
21055,9.317103
21076,9.279572
21097,9.138828
21118,9.375746
21139,9.35698
21160,9.317103
21181,9.073148
21202,8.948824
21223,9.211545
21244,9.272534
21265,8.941787
21286,9.089567
21307,9.25846
21328,9.265497
21349,9.150557
21370,9.220928
21391,9.403895
21412,9.188088
21433,9.277225
21454,9.342906
21475,9.366363
21496,9.188088
21517,9.51649
21538,9.556367
21559,9.50007
21580,9.422661
21601,9.50007
21622,9.659579
21643,9.570441
21664,9.439081
21685,9.48834
21706,9.819089
21727,9.929338
21748,9.908226
21769,10.11465
21790,10.00206
21811,10.17564
21832,10.26712
21853,10.31169
21874,10.37033
21895,10.28354
21916,10.32342
21937,10.23897
21958,10.45713
21979,10.42898
22000,10.33984
22021,10.50873
22042,10.54157
22063,10.6096
22084,10.61898
22105,10.71516
22126,10.84417
22147,10.68466
22168,10.74565
22189,10.80429
22210,10.67997
22231,10.73861
22252,10.86763
22273,10.93331
22294,10.87701
22315,10.87467
22336,10.90281
22357,11.00134
22378,11.08109
22399,11.05529
22420,11.16788
22441,11.1843
22462,11.2922
22483,11.31332
22504,11.34616
22525,11.52678
22546,11.66283
22567,11.77308
22588,11.86691
22609,12.04753
22630,12.03815
22651,12.08741
22672,12.11555
22693,12.12025
22714,12.11321
22735,11.97012
22756,11.8974
22777,11.77777
22798,11.69332
22819,11.59011
22840,11.53147
22861,11.58073
22882,11.42826
22903,11.4048
22924,11.379
22945,11.38838
22966,11.29455
22987,11.23825
23008,11.27813
23029,11.21245
23050,11.36258
23071,11.39542
23092,11.24295
23113,11.22418
23134,11.12097
23155,11.08109
23176,11.04825
23197,10.88405
23218,10.90281
23239,10.73861
23260,10.6659
23281,10.39379
23302,10.35861
23323,10.28823
23344,10.20848
23365,10.09823
23386,10.03959
23407,9.894152
23428,9.842546
23449,9.816743
23470,9.762791
23491,9.640813
23512,9.612664
23533,9.755754
23554,9.617355
23575,9.600936
23596,9.685382
23617,9.629085
23638,9.638468
23659,9.708839
23680,9.938721
23701,10.02082
23722,9.898843
23743,9.919954
23764,10.02786
23785,9.945757
23806,10.117
23827,10.10761
23848,10.24132
23869,10.13342
23890,10.08885
23911,10.01613
23932,9.990326
23953,9.915263
23974,9.901189
23995,9.720568
24016,9.671308
24037,9.718222
24058,9.687728
24080,9.577478
24101,9.575133
24122,9.518835
24143,9.474266
24164,9.246731
24185,9.300683
24206,9.225619
24227,9.124753
24248,9.063765
24269,9.030925
24290,9.091913
24311,9.096604
24332,9.089567
24353,9.256114
24374,9.23031
24395,9.15994
24416,9.176359
24437,9.239694
24458,9.066111
24479,8.979319
24500,8.871415
24521,8.887836
24542,8.847958
24563,8.716597
24584,8.969935
24605,8.869069
24626,8.7424
24647,8.756474
24668,8.716597
24689,8.634497
24710,8.681411
24731,8.589928
24752,8.538322
24773,8.608693
24794,8.632151
24815,8.625113
24836,8.679066
24857,8.620422
24878,8.662645
24899,8.690794
24920,8.521902
24941,8.655608
24962,8.669683
24983,8.604002
25004,8.604002
25025,8.540668
25046,8.599311
25068,8.721289
25089,8.718943
25110,8.636843
25131,8.679066
25152,8.585237
25173,8.498445
25194,8.606348
25215,8.43511
25236,8.479678
25257,8.376467
25278,8.381159
25299,8.479678
25320,8.294367
25341,8.357701
25362,8.421036
25383,8.449184
25404,8.315477
25425,8.406961
25446,8.507828
25467,8.554742
25488,8.615731
25509,8.84092
25530,8.740054
25551,8.681411
25572,8.915984
25593,9.052036
25614,8.939441
25635,8.833883
25656,9.089567
25677,9.113025
25698,8.772895
25719,8.890181
25740,9.134136
25761,9.103642
25782,9.091913
25803,8.988701
25824,9.042653
25845,9.213891
25866,9.27488
25887,9.286609
25908,9.455501
25929,9.403895
25950,9.546985
25971,9.755754
25992,9.671308
26013,9.809706
26034,9.725259
26055,9.861312
26076,9.783903
26097,9.919954
26118,9.887115
26139,10.00909
26160,10.10761
26181,9.783903
26202,9.849584
26223,9.880077
26244,9.591553
26265,9.701802
26286,9.877731
26307,9.969215
26328,9.833163
26349,9.617355
26370,10.0302
26391,10.11934
26412,9.973906
26433,10.03959
26454,10.18737
26475,10.18033
26496,9.973906
26517,10.13107
26538,10.31169
26559,10.24601
26580,10.20144
26601,10.22021
26622,10.2507
26643,10.31169
26664,10.3633
26685,10.38441
26706,10.37737
26727,10.39145
26748,10.37737
26769,10.45947
26790,10.43601
26811,10.33046
26832,10.36564
26853,10.4149
26874,10.32107
26895,10.32576
26916,10.20144
26937,10.29762
26958,10.25539
26979,10.17564
27000,10.21083
27021,10.04193
27042,10.07008
27063,10.00909
27084,10.02082
27105,9.976252
27126,9.980944
27147,10.01378
27168,9.964523
27189,10.14984
27210,10.34453
27231,10.45009
27252,10.58614
27273,10.58614
27294,10.90985
27315,10.91689
27336,11.00603
27357,11.01541
27378,11.08813
27399,11.12566
27420,11.1022
27441,11.1327
27462,10.99195
27483,10.99899
27504,11.00368
27525,10.97084
27546,11.03417
27567,11.00368
27588,11.05763
27609,11.15381
27630,11.12097
27651,11.11862
27672,11.11627
27693,11.10689
27714,11.2148
27735,11.24763
27756,11.24529
27777,11.36258
27798,11.34146
27819,11.38134
27840,11.3485
27861,11.41887
27882,11.39776
27903,11.3485
27924,11.31566
27945,11.2101
27966,11.22183
27987,11.17726
28008,10.96849
28029,10.74565
28050,10.76676
28071,10.69639
28092,10.43836
28113,10.42429
28134,10.29762
28155,10.27416
28176,10.22725
28197,10.30935
28218,10.3633
28239,10.21552
28260,10.29762
28281,10.28589
28302,10.37268
28323,10.40552
28344,10.45713
28365,10.57441
28386,10.51577
28407,10.61194
28428,10.61898
28449,10.68935
28470,10.72923
28491,10.76207
28512,10.70812
28533,10.8559
28554,10.78787
28575,10.78084
28596,10.90751
28617,10.94738
28638,10.83713
28659,10.83244
28680,10.85355
28701,10.90985
28722,10.82071
28743,10.70343
28764,10.70577
28785,10.72923
28806,10.7175
28827,10.70812
28848,10.64478
28869,10.6354
28890,10.40787
28911,10.46182
28932,10.40083
28953,10.16391
28974,10.06305
28995,9.739333
29016,9.685382
29037,9.640813
29058,9.568096
29079,9.511798
29100,9.225619
29121,9.359325
29142,9.080185
29163,8.723634
29184,8.514865
29205,8.374122
29226,8.53363
29247,8.343626
29268,8.090288
29289,7.848678
29310,7.832259
29331,7.954236
29352,7.618797
29373,7.588303
29394,7.62818
29415,7.876827
29436,7.851024
29457,7.433485
29478,7.808801
29499,7.752503
29520,7.780652
29541,8.172389
29562,8.174734
29583,8.163006
29604,8.280293
29625,8.205229
29646,8.200537
29667,8.158315
29688,7.970656
29709,7.968311
29730,7.926087
29751,7.909667
29772,7.95189
29793,7.973002
29814,7.942507
29835,8.134857
29856,8.123129
29877,8.123129
29898,8.153623
29919,8.148932
29940,8.1114
29961,8.148932
29982,8.207574
30003,8.331898
30024,8.216957
30045,8.376467
30066,8.348318
30087,8.381159
30108,8.486716
30129,8.491407
30150,8.632151
30171,8.554742
30192,8.772895
30213,8.648571
30234,8.704868
30255,8.761166
30276,8.812772
30297,8.575853
30318,8.545359
30339,8.360046
30362,8.331898
30384,8.14424
30405,8.102016
30426,8.080905
30447,7.904976
30468,7.93547
30489,8.094979
30510,7.965965
30531,7.790035
30552,7.888556
30573,7.998805
30594,7.982385
30615,7.91905
30636,8.064485
30657,8.212266
30678,8.221649
30699,8.336589
30720,8.505482
30741,8.740054
30762,8.648571
30783,8.873761
30804,9.009813
30825,9.105988
30846,9.317103
30867,9.380438
30888,9.385129
30909,9.568096
30930,9.511798
30951,9.701802
30972,9.530564
30993,9.556367
31014,9.617355
31035,9.605627
31056,9.680691
31077,9.591553
31098,9.809706
31119,9.781557
31140,9.652542
31161,9.840199
31182,10.117
31204,10.24836
31225,10.27181
31246,10.50639
31267,10.59552
31288,10.48058
31309,10.39614
31330,10.43132
31351,10.36799
31372,10.33984
31393,10.05835
31414,10.16626
31435,10.32107
31456,10.19206
31477,10.01613
31498,10.02082
31519,10.10996
31540,9.931683
31561,9.793285
31582,9.898843
31603,9.952795
31624,9.828471
31645,9.584516
31666,9.814397
31687,9.851928
31708,9.59859
31729,9.457847
31750,9.523527
31771,9.755754
31792,9.910572
31813,9.952795
31834,10.10761
31855,10.44071
31876,10.50639
31897,10.56503
31918,10.68935
31939,10.56738
31960,10.58849
31981,10.65417
32002,10.53219
32023,10.54392
32044,10.55096
32065,10.51577
32086,10.40083
32107,10.47355
32128,10.54392
32149,10.48528
32170,10.55799
32191,10.58614
32212,10.55096
32233,10.63071
32254,10.748
32275,10.69404
32296,10.75269
32317,10.81837
32338,10.90047
32359,10.85355
32380,10.87936
32401,10.97788
32422,11.02714
32443,11.20541
32464,11.32974
32485,11.39542
32506,11.49394
32527,11.46344
32548,11.39307
32569,11.00134
32590,11.19368
32611,11.19134
32632,10.92627
32653,10.80664
32674,10.72454
32695,10.54861
32716,10.6096
32737,10.39145
32758,10.40317
32779,10.34219
32800,10.2812
32821,10.42663
32842,10.45713
32863,10.49466
32884,10.58849
32905,10.51342
32926,10.56503
32947,10.58614
32968,10.73861
32989,10.68466
33010,10.73861
33031,10.63071
33052,10.66824
33073,10.6354
33094,10.65182
33115,10.68232
33136,10.64713
33157,10.51811
33178,10.49231
33199,10.37737
33220,10.26712
33241,10.02317
33262,10.18971
33283,10.20613
33304,10.117
33325,10.01613
33346,9.999709
33367,9.957487
33388,10.01144
33409,10.12872
33430,9.955141
33451,9.990326
33472,10.03489
33493,10.05835
33514,10.12872
33535,10.20613
33556,10.307
33577,10.27181
33598,10.3891
33619,10.50639
33640,10.51342
33661,10.51342
33682,10.47824
33703,10.5838
33724,10.5838
33745,10.71281
33766,10.52984
33787,10.52281
33808,10.34688
33829,10.14514
33850,9.973906
33871,9.976252
33892,10.01613
33913,9.718222
33934,9.432044
33955,9.50007
33976,9.260805
33997,9.037962
34018,8.859686
34039,8.733017
34060,8.756474
34081,8.557088
34102,8.299058
34123,8.376467
34144,8.493753
34166,8.585237
34187,8.711905
34208,8.512519
34229,8.585237
34250,8.803389
34271,8.709559
34292,8.648571
34313,8.782278
34334,8.838574
34355,8.847958
34376,8.803389
34397,8.946478
34418,8.819809
34439,8.782278
34460,8.883143
34481,8.681411
34502,8.854995
34523,8.758821
34544,8.721289
34565,8.768204
34586,8.596965
34607,8.721289
34628,8.740054
34649,8.653263
34670,8.650917
34691,8.702522
34712,8.611039
34733,8.573507
34754,8.702522
34775,8.575853
34796,8.672029
34817,8.718943
34838,8.67672
34859,8.847958
34880,8.866723
34901,8.90191
34922,9.012158
34943,9.03327
34964,9.012158
34985,8.967589
35006,8.993393
35027,8.911292
35048,8.948824
35069,8.852649
35090,8.779932
35111,8.634497
35132,8.718943
35153,8.589928
35174,8.611039
35195,8.48437
35216,8.512519
35237,8.472641
35258,8.53363
35279,8.587582
35300,8.613385
35321,8.592274
35342,8.704868
35363,8.704868
35384,8.714252
35405,8.672029
35426,8.754128
35447,8.728326
35468,8.826846
35489,8.836229
35510,8.873761
35531,8.862032
35552,8.904256
35573,8.946478
35594,8.904256
35615,8.817463
35636,8.915984
35657,8.801044
35678,8.730671
35699,8.585237
35720,8.639189
35741,8.763512
35762,8.730671
35783,8.474987
35804,8.517211
35825,8.681411
35846,8.686103
35867,8.641534
35888,8.6603
35909,8.707214
35930,8.829192
35951,8.761166
35972,8.871415
35993,9.152903
36014,9.281918
36035,9.277225
36056,9.349943
36077,9.263151
36098,9.190434
36119,9.502416
36140,9.638468
36161,9.556367
36182,9.74637
36203,9.894152
36224,9.760445
36245,9.692419
36266,9.849584
36287,9.959831
36308,9.835509
36329,9.9223
36350,10.15218
36371,9.966869
36392,10.14984
36413,10.24836
36434,10.21083
36455,10.10527
36476,10.24366
36497,10.21317
36518,10.18033
36539,10.05835
36560,10.29996
36581,10.32811
36602,10.29292
36623,10.22959
36644,10.16391
36665,10.307
36686,10.1123
36707,9.978598
36728,10.03489
36749,10.10527
36770,10.15453
36791,10.24836
36812,10.30231
36833,10.2507
36854,10.29762
36875,10.2812
36896,10.50873
36917,10.4712
36938,10.50169
36959,10.50404
36980,10.58849
37001,10.70577
37022,10.6096
37043,10.59318
37064,10.55799
37085,10.61429
37106,10.56034
37127,10.61664
37148,10.6659
37169,10.748
37190,10.60022
37211,10.6659
37232,10.62836
37253,10.81837
37274,10.81368
37295,10.76676
37316,10.8559
37337,10.90751
37358,10.91689
37379,10.89812
37400,10.90047
37421,10.89578
37442,10.88405
37463,10.80899
37484,10.83479
37505,10.73158
37526,10.75034
37547,10.70343
37568,10.6354
37589,10.6354
37610,10.65182
37631,10.64009
37652,10.68466
37673,10.67528
37694,10.62367
37715,10.61664
37736,10.67059
37757,10.63071
37778,10.64244
37799,10.63071
37820,10.64713
37841,10.74096
37862,10.6917
37883,10.82071
37904,10.82071
37925,10.82775
37946,10.88874
37967,10.83713
37988,10.89109
38009,10.86528
38030,10.91454
38051,10.93096
38072,10.94035
38093,10.86294
38114,10.84652
38135,10.68466
38156,10.70343
38177,10.61664
38198,10.51811
38219,10.61194
38240,10.56738
38261,10.54861
38282,10.5275
38303,10.43836
38324,10.46651
38345,10.36799
38366,10.43601
38387,10.37972
38408,10.45713
38429,10.54392
38450,10.48528
38471,10.36564
38492,10.38441
38513,10.51108
38534,10.55096
38555,10.63306
38576,10.56268
38597,10.62133
38618,10.72219
38639,10.75738
38660,10.87936
38681,10.87232
38702,10.69874
38723,10.86294
38744,10.74565
38765,10.68935
38786,10.62367
38807,10.5275
38828,10.43132
38849,10.37033
38870,10.34688
38891,10.27416
38912,10.07243
38933,9.950449
38954,9.969215
38975,9.957487
38996,9.79094
39017,9.683037
39038,9.631431
39059,9.711185
39080,9.720568
39101,9.554022
39122,9.528218
39143,9.554022
39164,9.546985
39185,9.415624
39206,9.246731
39227,9.314757
39248,9.446118
39269,9.460192
39290,9.310066
39311,9.202163
39332,9.237348
39353,9.354634
39374,9.493032
39395,9.692419
39416,9.711185
39437,9.772174
39458,9.605627
39479,9.40624
39500,9.298337
39521,9.174014
39542,9.040307
39563,8.993393
39584,8.960552
39605,8.772895
39626,8.869069
39647,8.838574
39668,8.6603
39689,8.669683
39710,8.681411
39731,8.831537
39752,8.836229
39773,8.723634
39794,8.709559
39815,8.758821
39836,8.679066
39857,8.604002
39878,8.735363
39899,8.557088
39920,8.700177
39941,8.695485
39962,8.728326
39983,8.854995
40004,8.664991
40025,8.923021
40046,8.784623
40067,8.843266
40088,8.932404
40109,8.892527
40130,9.01685
40151,8.988701
40172,8.948824
40193,8.976973
40214,8.908947
40235,9.026234
40256,8.93475
40277,9.127099
40298,9.096604
40319,9.185742
40340,9.127099
40361,9.2092
40382,9.178705
40403,9.249077
40424,9.113025
40445,9.164631
40466,9.108333
40487,9.15994
40508,9.03327
40529,9.13179
40550,9.096604
40571,9.070802
40592,9.054381
40613,8.948824
40634,8.918329
40655,8.859686
40676,8.850304
40697,8.763512
40718,8.721289
40739,8.756474
40760,8.751783
40781,8.810426
40802,8.784623
40823,8.707214
40844,8.763512
40865,8.6603
40886,8.56647
40907,8.641534
40928,8.714252
40949,8.711905
40970,8.758821
40991,8.784623
41012,8.728326
41033,8.920675
41054,8.784623
41075,8.573507
41096,8.596965
41117,8.538322
41138,8.648571
41159,8.636843
41180,8.608693
41201,8.611039
41222,8.564125
41243,8.662645
41264,8.688448
41285,8.662645
41306,8.634497
41327,8.721289
41348,8.866723
41369,8.794006
41390,8.880798
41411,9.155248
41432,9.253768
41453,9.096604
41474,9.216236
41495,9.455501
41516,9.7581
41537,9.704147
41558,9.408587
41579,9.851928
41600,10.15922
41621,9.903535
41642,9.772174
41663,10.04662
41684,10.09119
41705,9.969215
41726,10.10761
41747,10.21317
41768,10.07243
41789,10.01378
41810,10.03489
41831,10.34922
41852,10.41256
41873,10.1686
41894,10.0607
41915,10.14045
41936,10.38206
41957,10.28823
41978,10.37737
41999,10.33046
42020,10.23663
42041,10.29292
42062,10.36564
42083,10.52046
42104,10.4712
42125,10.46651
42146,10.59552
42167,10.53688
42188,10.53219
42209,10.59552
42230,10.64478
42251,10.76442
42272,10.79022
42293,10.61194
42314,10.66121
42335,10.6917
42356,10.71281
42377,10.58614
42398,10.5533
42419,10.70577
42440,10.6659
42461,10.65417
42482,10.59083
42503,10.60725
42524,10.67293
42545,10.62367
42566,10.62836
42587,10.66121
42608,10.64947
42629,10.6917
42650,10.73627
42671,10.86997
42692,10.84652
42713,10.79726
42734,10.81368
42755,10.8559
42776,10.91923
42797,10.98257
42818,10.97319
42839,10.92393
42860,11.02714
42881,10.93331
42902,10.90751
42923,10.80195
42944,10.75972
42965,10.75034
42986,10.75269
43007,10.78084
43028,10.64713
43049,10.74331
43070,10.75269
43091,10.74331
43112,10.67059
43133,10.79726
43154,10.66121
43175,10.85121
43196,10.81837
43217,10.83244
43238,10.83244
43259,10.81368
43280,10.95911
43301,10.94035
43322,10.95442
43343,11.09751
43364,11.05294
43385,11.10689
43406,11.11393
43427,11.09047
43448,11.08109
43469,10.97553
43490,10.92158
43511,10.76911
43532,10.74565
43553,10.74565
43574,10.63775
43595,10.48058
43616,10.44774
43637,10.43601
43658,10.30935
43679,10.18033
43700,10.1686
43721,10.18502
43742,10.26008
43763,10.17095
43784,10.20379
43805,10.26008
43826,10.2507
43847,10.29292
43868,10.29058
43889,10.31404
43910,10.33749
43931,10.31638
43952,10.4712
43973,10.4454
43994,10.41256
44015,10.33749
44036,10.2507
44057,10.15453
44078,10.13107
44099,10.0607
44120,9.980944
44141,9.896498
44162,9.908226
44183,9.948103
44204,9.877731
44225,9.819089
44246,9.898843
44267,9.732296
44288,9.823779
44309,9.837853
44330,9.802669
44351,9.765137
44372,9.797977
44393,9.819089
44414,9.659579
44435,9.699456
44456,9.619701
44477,9.636122
44498,9.392166
44519,9.352288
44540,9.420315
44561,9.640813
44582,9.661925
44603,9.626739
44624,9.561059
44645,9.685382
44666,9.51649
44687,9.434389
44708,9.610318
44729,9.718222
44750,9.683037
44771,9.591553
44792,9.626739
44813,9.680691
44834,9.607973
44855,9.518835
44876,9.551676
44897,9.441426
44918,9.518835
44939,9.361671
44960,9.188088
44981,9.108333
45002,8.993393
45023,8.906601
45044,8.937096
45065,8.906601
45086,8.892527
45107,8.862032
45128,8.845612
45149,8.876106
45170,8.871415
45191,8.946478
45212,8.972281
45233,8.67672
45254,8.754128
45275,8.79166
45296,8.8245
45317,8.782278
45338,8.690794
45359,8.707214
45380,8.695485
45401,8.657954
45422,8.747091
45443,8.67672
45464,8.723634
45485,8.847958
45506,8.735363
45527,8.763512
45548,8.772895
45569,8.822155
45590,8.775241
45611,8.775241
45632,8.812772
45653,8.817463
45674,8.906601
45695,8.845612
45716,8.915984
45737,8.838574
45758,8.770549
45779,8.95117
45800,8.906601
45821,9.007467
45842,8.953515
45863,8.897219
45884,8.918329
45905,8.803389
45926,8.756474
45947,8.721289
45968,8.67672
45989,8.613385
46010,8.470296
46031,8.456222
46052,8.48437
46073,8.477333
46094,8.390541
46115,8.336589
46136,8.301403
46157,8.191154
46178,8.277946
46199,8.205229
46220,8.324861
46241,8.282638
46262,8.292021
46283,8.45153
46304,8.432764
46325,8.524248
46346,8.594619
46367,8.573507
46388,8.596965
46409,8.702522
46430,8.763512
46451,8.714252
46472,8.850304
46493,8.897219
46514,8.988701
46535,9.035616
46556,9.044999
46577,9.063765
46598,9.166977
46619,9.425007
46640,9.467229
46661,9.413278
46682,9.455501
46703,9.528218
46724,9.769828
46745,9.912917
46766,9.950449
46787,9.995018
46808,9.896498
46829,9.812052
46850,9.683037
46871,9.760445
46892,9.821435
46913,9.734642
46934,9.793285
46955,9.666616
46976,9.673654
46997,9.610318
47018,9.783903
47039,9.880077
47060,9.957487
47081,9.875386
47102,9.819089
47123,10.11465
47144,10.24836
47165,10.12403
47186,10.29762
47207,10.27181
47228,10.14749
47249,10.20379
47270,10.25774
47291,10.307
47312,10.39379
47333,10.38441
47354,10.22959
47375,10.30935
47396,10.39379
47417,10.45244
47438,10.44305
47459,10.45009
47480,10.72923
47501,10.80664
47522,10.78787
47543,10.64244
47564,10.68935
47585,10.748
47606,10.63775
47627,10.70812
47648,10.77145
47669,10.79256
47690,10.75034
47711,10.76207
47732,10.78787
47753,10.71516
47774,10.76911
47795,10.77145
47816,10.72219
47837,10.79256
47858,10.75972
47879,10.84183
47900,10.87701
47921,10.80429
47942,10.91923
47963,10.748
47984,10.98022
48005,11.02948
48026,10.97553
48047,11.11158
48068,11.19838
48089,11.32974
48110,11.31566
48131,11.33208
48152,11.44937
48173,11.53147
48194,11.47048
48215,11.36961
48236,11.42122
48257,11.24529
48278,11.2406
48299,11.10924
48320,11.19368
48341,11.0459
48362,11.06232
48383,11.04121
48404,10.99195
48425,11.08109
48446,11.23591
48467,11.18665
48488,11.34616
48509,11.37431
48530,11.35319
48551,11.38134
48572,11.33912
48593,11.45875
48614,11.35554
48635,11.51036
48656,11.47517
48677,11.40245
48698,11.41418
48719,11.46344
48740,11.29455
48761,11.31097
48782,11.25467
48803,11.13973
48824,11.25702
48845,10.9638
48866,10.80664
48887,10.66121
48908,10.50404
48929,10.52046
48950,10.35861
48971,10.29762
48992,10.12872
49013,10.02082
49034,10.08416
49055,10.00909
49076,9.7581
49097,9.753407
49118,9.795631
49139,9.765137
49160,9.734642
49181,9.809706
49202,10.02551
49223,10.00206
49244,9.948103
49265,9.919954
49286,10.02551
49307,10.0302
49328,10.22021
49349,10.20613
49370,10.32107
49391,9.926992
49412,9.690074
49433,9.74637
49454,9.66427
49475,9.493032
49496,9.279572
49517,9.331178
49538,9.246731
49559,9.077839
49580,8.913638
49601,8.979319
49622,8.908947
49643,9.068456
49664,9.303029
49685,9.249077
49706,8.939441
49727,8.979319
49748,8.883143
49769,8.831537
49790,8.796351
49811,8.782278
49832,8.768204
49853,8.749437
49874,8.744746
49895,8.594619
49916,8.444492
49937,8.512519
49958,8.421036
49979,8.540668
50000,8.550051
50021,8.535976
50042,8.646226
50063,8.439801
50084,8.446838
50105,8.399924
50126,8.498445
50147,8.409307
50168,8.423381
50189,8.543014
50210,8.592274
50231,8.519556
50252,8.571162
50273,8.632151
50294,8.728326
50315,8.550051
50336,8.782278
50357,8.737708
50378,8.761166
50399,8.796351
50420,8.84092
50441,8.808081
50462,8.930058
50483,8.786969
50504,8.709559
50525,8.653263
50546,8.604002
50567,8.53363
50588,8.613385
50609,8.489061
50630,8.406961
50651,8.470296
50672,8.458567
50693,8.411653
50714,8.442147
50735,8.409307
50756,8.364738
50777,8.442147
50798,8.303749
50819,8.381159
50840,8.46795
50861,8.491407
50882,8.67672
50903,8.64388
50924,8.683757
50945,8.772895
50966,8.789314
50987,8.772895
51008,8.721289
51029,8.690794
51050,8.744746
51071,8.845612
51092,8.84092
51113,8.67672
51134,8.772895
51155,8.747091
51176,8.826846
51197,8.852649
51218,8.836229
51239,8.878452
51260,8.904256
51281,9.166977
51302,9.066111
51323,9.035616
51344,9.012158
51365,9.324141
51386,9.41797
51407,9.263151
51428,9.246731
51449,9.600936
51470,9.676
51491,9.235003
51512,9.497724
51533,9.751062
51554,9.537601
51575,9.483649
51596,9.765137
51617,9.870694
51638,9.676
51659,9.74637
51680,9.880077
51701,9.9223
51722,9.819089
51743,9.98798
51764,10.28823
51785,10.18502
51806,10.01848
51827,10.18502
51848,10.32576
51872,10.2812
51897,10.14749
51918,10.41256
51939,10.45713
51960,10.40787
51981,10.40787
52002,10.41959
52023,10.61664
52044,10.54157
52065,10.52515
52086,10.65182
52107,10.65886
52128,10.50169
52149,10.67997
52170,10.6354
52191,10.58614
52212,10.58145
52233,10.5791
52254,10.53688
52275,10.59318
52296,10.56972
52317,10.62133
52338,10.57207
52359,10.55096
52380,10.48293
52401,10.5533
52422,10.73392
52443,10.76676
52464,10.82306
52485,10.79022
52506,10.82541
52527,10.95207
52548,10.94035
52569,11.08109
52590,11.21245
52611,11.19368
52632,11.37196
52653,11.44937
52674,11.28517
52695,11.36023
52716,11.43764
52737,11.28986
52758,11.31332
52779,11.31332
52800,11.21714
52821,11.23356
52842,11.19838
52863,11.14442
52884,11.07874
52905,11.16084
52926,11.09047
52947,11.09047
52968,11.2664
52989,11.2969
53010,11.31566
53031,11.35554
53052,11.39776
53073,11.4048
53094,11.4306
53115,11.47048
53136,11.54085
53157,11.44233
53178,11.43999
53199,11.57604
53220,11.53616
53241,11.51974
53262,11.39776
53283,11.36727
53304,11.31097
53325,11.04356
53346,11.10455
53367,10.9638
53388,10.85355
53409,10.75738
53430,10.57676
53451,10.59083
53472,10.46885
53493,10.45713
53514,10.47589
53536,10.29292
53557,10.00909
53578,10.26008
53599,10.39848
53620,10.30231
53641,10.31638
53662,10.18737
53683,10.40787
53704,10.31638
53725,10.25774
53746,10.30231
53767,10.19441
53788,10.36095
53809,10.3328
53830,10.30935
53851,10.2249
53872,10.03489
53893,10.14514
53914,10.12403
53935,9.931683
53956,9.783903
53977,9.891806
53998,9.894152
54019,10.00206
54040,9.769828
54061,9.626739
54082,9.401549
54103,9.314757
54124,9.361671
54145,9.319448
54166,9.141173
54187,9.087222
54208,9.096604
54229,9.122408
54250,9.2092
54271,9.047344
54292,8.976973
54313,9.035616
54334,9.077839
54355,9.035616
54376,8.876106
54397,8.965244
54418,9.04969
54439,8.941787
54460,9.014504
54481,9.026234
54502,9.047344
54523,8.976973
54544,9.089567
54565,9.244386
54586,9.183396
54607,8.979319
54628,9.01685
54649,9.084876
54670,9.094258
54691,8.754128
54712,8.782278
54733,8.913638
54754,8.763512
54775,8.749437
54796,8.580544
54817,8.695485
54838,9.028579
54859,8.927712
54880,8.944133
54901,8.939441
54922,8.937096
54943,9.094258
54964,9.01685
54985,9.124753
55006,9.293646
55027,9.169322
55048,9.155248
55069,9.206854
55090,9.059073
55111,9.176359
55132,9.148211
55153,9.04969
55174,9.066111
55195,9.127099
55216,9.091913
55237,9.059073
55258,9.063765
55279,9.030925
55300,9.075493
55321,9.044999
55342,9.091913
55363,9.113025
55384,9.089567
55405,9.059073
55426,8.979319
55447,8.915984
55468,9.030925
55489,9.122408
55510,9.087222
55531,9.077839
55552,9.002776
55573,8.988701
55594,9.012158
55615,9.028579
55636,9.103642
55657,9.00043
55678,9.030925
55699,8.918329
55720,8.885489
55741,8.803389
55762,8.810426
55783,8.756474
55804,8.620422
55825,8.620422
55846,8.573507
55867,8.606348
55888,8.540668
55909,8.526593
55930,8.524248
55951,8.439801
55972,8.482024
55993,8.46795
56014,8.519556
56035,8.521902
56056,8.43511
56077,8.439801
56098,8.479678
56119,8.634497
56140,8.524248
56161,8.53363
56182,8.747091
56203,8.758821
56224,8.679066
56245,8.864378
56266,8.988701
56287,8.986356
56308,9.162285
56329,9.190434
56350,9.429698
56371,9.476612
56392,9.457847
56413,9.457847
56434,9.59859
56455,9.535255
56476,9.474266
56497,9.403895
56518,9.51649
56539,9.509453
56560,9.514144
56581,9.542293
56602,9.556367
56623,9.722914
56644,9.436735
56665,9.535255
56686,9.762791
56707,9.779211
56728,9.736988
56749,9.779211
56770,9.938721
56791,9.80736
56812,9.762791
56833,9.85662
56854,9.917608
56875,9.861312
56896,9.821435
56917,9.835509
56938,9.767483
56959,9.877731
56980,9.912917
57001,9.875386
57022,9.957487
57043,10.08416
57064,10.17095
57085,10.02786
57106,10.11465
57127,10.2507
57148,10.38206
57169,10.38441
57190,10.45244
57211,10.6659
57232,10.71046
57253,10.86294
57274,10.93565
57295,11.01306
57316,11.15615
57337,11.11862
57358,11.22887
57379,11.24295
57400,11.23356
57421,11.24529
57442,11.2148
57463,11.27344
57484,11.24763
57505,11.2406
57526,11.30393
57547,11.4048
57568,11.4048
57589,11.46813
57610,11.49628
57631,11.53851
57652,11.66283
57673,11.69332
57694,11.75431
57715,11.83876
57736,11.93024
57757,11.95135
57778,12.04049
57799,12.19531
57820,12.21173
57841,12.26803
57862,12.34309
57883,12.36186
57904,12.31963
57925,12.20704
57946,12.06864
57967,12.06864
57988,11.81296
58009,11.73555
58030,11.50332
58051,11.32974
58072,11.21949
58093,11.02714
58114,10.98726
58135,10.76442
58156,10.61664
58177,10.55096
58198,10.43836
58219,10.37268
58240,10.52984
58261,10.39379
58282,10.45947
58303,10.44071
58324,10.52984
58345,10.53923
58366,10.56738
58387,10.49466
58408,10.4712
58429,10.64713
58450,10.55799
58471,10.55096
58492,10.57207
58513,10.46885
58534,10.48058
58555,10.29996
58576,10.15687
58597,9.9223
58618,9.875386
58639,9.823779
58660,9.924646
58681,9.781557
58702,9.786248
58723,9.823779
58744,9.889461
58765,9.783903
58786,9.788594
58807,9.74637
58828,9.636122
58849,9.636122
58870,9.593899
58891,9.636122
58912,9.586862
58933,9.380438
58954,9.415624
58975,9.249077
58996,9.284263
59017,9.143519
59038,9.089567
59059,8.981664
59080,8.937096
59101,8.904256
59122,8.829192
59143,8.782278
59164,8.777586
59185,8.7424
59206,8.744746
59227,8.918329
59248,9.094258
59269,8.965244
59290,8.728326
59311,8.702522
59332,8.714252
59353,8.829192
59374,8.843266
59395,8.754128
59416,8.772895
59437,8.733017
59458,8.622768
59479,8.728326
59500,8.688448
59521,8.779932
59542,8.817463
59563,8.683757
59584,8.786969
59605,8.768204
59626,8.711905
59647,8.786969
59668,8.695485
59689,8.700177
59710,8.608693
59731,8.650917
59752,8.6603
59773,8.582891
59794,8.62746
59815,8.615731
59836,8.672029
59857,8.740054
59878,8.716597
59899,8.768204
59920,8.775241
59941,8.937096
59962,8.904256
59983,8.859686
60004,8.871415
60025,8.923021
60046,8.892527
60067,9.014504
60088,9.028579
60109,8.98401
60130,9.174014
60151,9.077839
60172,9.176359
60193,9.089567
60214,9.110679
60235,9.047344
60256,9.110679
60277,9.108333
60298,8.93475
60319,8.976973
60340,8.927712
60361,8.866723
60382,8.920675
60403,8.808081
60424,8.69314
60445,8.62746
60466,8.695485
60487,8.650917
60508,8.718943
60529,8.587582
60550,8.667336
60571,8.733017
60592,8.657954
60613,8.615731
60634,8.653263
60655,8.615731
60676,8.618076
60697,8.662645
60718,8.695485
60739,8.611039
60760,8.625113
60781,8.812772
60802,8.789314
60823,8.730671
60844,8.688448
60865,8.62746
60886,8.718943
60907,8.632151
60928,8.514865
60949,8.632151
60970,8.514865
60991,8.491407
61012,8.512519
61033,8.40227
61054,8.425727
61075,8.327207
61096,8.371776
61117,8.550051
61138,8.625113
61159,8.611039
61180,8.850304
61201,8.932404
61222,8.843266
61243,8.925366
61264,8.998084
61285,9.09895
61306,9.195126
61327,9.105988
61348,9.251423
61369,9.401549
61390,9.429698
61411,9.471921
61432,9.446118
61453,9.483649
61474,9.673654
61495,9.715877
61516,9.694765
61537,9.835509
61558,9.990326
61579,10.01144
61600,9.849584
61621,9.835509
61642,10.13811
61663,10.2812
61684,10.20144
61705,10.28589
61726,10.32342
61747,10.60256
61768,10.56034
61789,10.42429
61810,10.60256
61831,10.75034
61852,10.70343
61873,10.83713
61894,10.79022
61915,11.03183
61936,10.91923
61957,11.18899
61978,11.36023
61999,11.31566
62020,11.33208
62041,11.36023
62062,11.35085
62083,11.42591
62104,11.36023
62125,11.45641
62146,11.5127
62167,11.59715
62188,11.54085
62209,11.55962
62230,11.71913
62251,11.68159
62272,11.80123
62293,11.77542
62314,11.82703
62335,11.77308
62356,11.86456
62377,12.01703
62398,12.11555
62419,12.23519
62440,12.21408
62461,12.42285
62482,12.43692
62503,12.48383
62524,12.46507
62545,12.30087
62566,12.20704
62587,12.12259
62608,12.02642
62629,12.0053
62650,11.87629
62671,11.70271
62692,11.60184
62713,11.47048
62734,11.51036
62755,11.25233
62776,11.2664
62797,11.23591
62818,11.30393
62839,11.26875
62860,11.00134
62881,11.11627
62902,11.05998
62923,11.02479
62944,10.94738
62965,10.95911
62986,10.93565
63007,10.89109
63028,10.84183
63049,10.80429
63070,10.75503
63091,10.65182
63112,10.72923
63133,10.47824
63154,10.48762
63175,10.35157
63196,10.28354
63217,10.07946
63238,9.903535
63259,9.805015
63280,9.652542
63301,9.546985
63322,9.401549
63343,9.443772
63364,9.546985
63385,9.50007
63406,9.272534
63427,9.295992
63448,9.403895
63469,9.34056
63490,9.220928
63511,9.38982
63532,9.349943
63553,9.58217
63574,9.544639
63595,9.202163
63616,9.145865
63637,9.41797
63658,9.373401
63679,9.352288
63700,9.145865
63721,9.094258
63742,8.993393
63763,9.009813
63784,8.988701
63805,9.047344
63826,8.908947
63847,8.836229
63868,8.721289
63889,8.737708
63910,8.622768
63931,8.632151
63952,8.528939
63973,8.507828
63994,8.650917
64015,8.817463
64036,8.805735
64057,8.672029
64078,8.915984
64099,8.976973
64120,9.002776
64141,9.068456
64162,9.035616
64183,9.171668
64204,9.129445
64225,9.206854
64246,9.145865
64267,9.148211
64288,9.052036
64309,9.108333
64330,9.030925
64351,8.925366
64372,8.979319
64393,8.993393
64414,8.90191
64435,8.876106
64456,8.866723
64477,8.859686
64498,8.90191
64519,8.890181
64540,8.775241
64561,8.782278
64582,8.79166
64603,8.826846
64624,8.843266
64645,8.890181
64666,8.998084
64687,8.885489
64708,8.878452
64729,9.030925
64750,8.941787
64771,9.005121
64792,9.030925
64813,8.969935
64834,9.023888
64855,8.969935
64876,8.948824
64897,8.890181
64918,8.845612
64939,8.817463
64960,8.737708
64981,8.683757
65002,8.646226
65023,8.62746
65044,8.592274
65065,8.618076
65086,8.538322
65107,8.505482
65128,8.48437
65149,8.512519
65170,8.474987
65191,8.46795
65212,8.531285
65233,8.575853
65254,8.629806
65275,8.650917
65296,8.819809
65317,8.653263
65338,8.646226
65359,8.672029
65380,8.728326
65401,8.707214
65422,8.681411
65443,8.772895
65464,8.770549
65485,8.718943
65506,8.700177
65527,8.702522
65548,8.64388
65569,8.728326
65590,8.772895
65611,8.8245
65632,8.730671
65653,8.700177
65674,8.672029
65695,8.733017
65716,8.761166
65737,8.747091
65758,8.857341
65779,9.15994
65800,9.124753
65821,9.174014
65842,9.077839
65863,9.2092
65884,9.24204
65905,9.34056
65926,9.471921
65947,9.53291
65968,9.41797
65989,9.502416
66010,9.74637
66031,9.877731
66052,9.915263
66073,9.851928
66094,9.957487
66115,9.98329
66136,10.14045
66157,10.24601
66178,10.14045
66199,10.26947
66220,10.40083
66241,10.31638
66262,10.21552
66283,10.29527
66304,10.30465
66325,10.29292
66346,10.20379
66367,10.21786
66388,10.10761
66409,10.07243
66430,10.20379
66451,10.1991
66472,10.33515
66493,10.38441
66514,10.47824
66535,10.37972
66556,10.59318
66577,10.73392
66598,10.69639
66619,10.67293
66640,10.6917
66661,10.76911
66682,10.73861
66703,10.78553
66724,10.73392
66745,10.65417
66766,10.53923
66787,10.59083
66808,10.5838
66829,10.59083
66850,10.56503
66871,10.71046
66892,10.65417
66913,10.78787
66934,10.73158
66955,10.80664
66976,10.80195
66997,10.87701
67018,10.94504
67039,11.01306
67060,11.11158
67081,11.17023
67102,11.28282
67123,11.52912
67144,11.50332
67165,11.63937
67186,11.66752
67207,11.70036
67228,11.73555
67249,11.61122
67270,11.62999
67291,11.53147
67312,11.45641
67333,11.36023
67354,11.37665
67375,11.32974
67396,11.21949
67417,11.21245
67438,11.10689
67459,11.14208
67480,11.18899
67501,11.16788
67522,11.24529
67543,11.21245
67564,11.24529
67585,11.2664
67606,11.16788
67627,11.22652
67648,11.11627
67669,11.09985
67690,11.0506
67711,11.05998
67732,10.938
67753,10.95442
67774,10.95677
67795,10.78084
67816,10.67293
67837,10.48997
67858,10.42194
67879,10.27885
67900,10.15218
67921,10.09588
67942,10.03724
67963,9.882422
67984,9.79094
68005,9.673654
68026,9.53291
68047,9.666616
68068,9.657233
68089,9.551676
68110,9.612664
68131,9.474266
68152,9.481303
68173,9.617355
68194,9.640813
68215,9.572787
68236,9.514144
68257,9.638468
68278,9.605627
68299,9.751062
68320,9.701802
68341,9.626739
68362,9.673654
68383,9.692419
68404,9.748716
68425,9.727605
68446,9.612664
68467,9.59859
68488,9.607973
68509,9.877731
68530,9.772174
68551,9.788594
68572,9.760445
68593,9.755754
68614,9.66427
68635,9.751062
68656,9.66427
68677,9.699456
68698,9.612664
68719,9.50007
68740,9.732296
68761,9.708839
68782,9.762791
68803,9.666616
68824,9.572787
68845,9.584516
68866,9.671308
68887,9.525873
68908,9.504761
68929,9.521181
68950,9.561059
68971,9.556367
68992,9.490686
69013,9.422661
69034,9.457847
69055,9.514144
69076,9.497724
69097,9.448463
69118,9.321795
69139,9.399203
69160,9.263151
69181,9.361671
69202,9.359325
69223,9.27488
69244,9.244386
69265,9.124753
69286,9.136482
69307,9.129445
69328,9.059073
69349,9.15994
69370,9.174014
69391,9.084876
69412,9.044999
69433,9.183396
69454,9.23031
69475,9.2092
69496,9.105988
69517,9.213891
69538,9.392166
69559,9.213891
69580,9.326486
69601,9.314757
69622,9.237348
69643,9.331178
69664,9.349943
69685,9.312411
69706,9.239694
69727,9.24204
69748,9.260805
69769,9.176359
69790,9.183396
69811,9.183396
69832,9.188088
69853,9.195126
69874,9.143519
69895,9.105988
69916,9.030925
69937,9.089567
69958,9.054381
69979,9.040307
70000,9.066111
70021,9.084876
70042,9.101295
70063,9.120062
70084,9.113025
70105,9.063765
70126,9.148211
70147,9.183396
70168,9.117716
70189,9.195126
70210,9.267843
70231,9.235003
70252,9.136482
70273,9.185742
70294,9.197471
70315,9.152903
70336,9.108333
70357,9.042653
70378,8.960552
70399,8.946478
70420,8.908947
70441,8.805735
70462,8.84092
70483,8.747091
70504,8.737708
70525,8.805735
70546,8.79166
70567,8.864378
70588,8.751783
70609,8.852649
70630,8.838574
70651,8.747091
70672,8.805735
70693,8.866723
70714,8.892527
70735,8.897219
70756,8.932404
70777,9.096604
70798,9.110679
70819,9.101295
70840,9.091913
70861,9.091913
70882,9.009813
70903,9.03327
70924,8.979319
70945,9.014504
70966,9.105988
70987,8.991047
71008,8.876106
71029,8.95117
71050,9.012158
71071,8.819809
71092,8.955861
71113,9.056727
71134,8.988701
71155,8.876106
71176,9.052036
71197,9.04969
71218,9.176359
71239,9.303029
71260,9.166977
71281,9.2092
71302,9.326486
71323,9.284263
71344,9.30772
71365,9.387475
71386,9.490686
71407,9.537601
71428,9.54933
71449,9.51649
71470,9.600936
71491,9.668962
71512,9.762791
71533,9.80736
71554,9.725259
71575,9.842546
71596,9.934029
71617,9.945757
71638,9.915263
71659,9.919954
71680,9.912917
71701,9.917608
71722,9.945757
71743,9.976252
71764,9.931683
71785,10.04662
71806,9.882422
71827,9.858966
71848,10.05132
71869,10.04193
71890,9.903535
71911,9.952795
71932,9.910572
71953,9.823779
71974,9.931683
71995,10.03255
72016,9.945757
72037,9.819089
72058,9.917608
72079,10.14514
72100,10.20144
72121,10.32811
72142,10.3633
72163,10.39614
72184,10.46651
72205,10.51811
72226,10.5275
72247,10.50639
72268,10.42429
72289,10.52046
72310,10.497
72331,10.50873
72352,10.497
72373,10.53219
72394,10.54392
72415,10.56972
72436,10.75269
72457,10.7996
72478,10.85824
72499,10.90985
72520,11.09751
72541,11.08813
72562,11.2969
72583,11.33677
72604,11.47517
72625,11.4611
72646,11.58307
72667,11.67221
72688,11.70036
72709,11.60419
72730,11.60184
72751,11.54085
72772,11.4306
72793,11.38134
72814,11.42591
72835,11.28048
72856,11.24998
72877,11.20307
72898,11.26875
72919,11.27578
72940,11.25233
72961,11.26171
72982,11.22887
73003,11.27578
73024,11.27344
73045,11.22887
73066,11.28751
73087,11.26406
73108,11.39542
73129,11.31566
73150,11.25467
73171,11.25233
73192,11.20776
73213,11.14442
73234,10.99664
73255,10.83948
73276,10.81133
73297,10.68701
73318,10.59318
73339,10.39145
73360,10.42898
73381,10.03724
73402,10.05132
73423,10.01144
73444,9.936375
73465,9.814397
73486,9.706493
73507,9.64785
73528,9.830817
73549,9.823779
73570,9.66427
73591,9.715877
73612,9.805015
73633,9.74637
73654,9.934029
73675,9.80736
73696,9.990326
73717,10.15687
73738,10.01144
73759,9.999709
73780,10.10292
73801,9.941067
73822,10.10292
73843,10.06305
73864,10.12169
73885,10.19441
73906,10.23194
73927,10.10996
73948,10.26947
73969,10.22725
73990,10.2507
74011,10.32576
74032,10.36564
74053,10.39614
74074,10.41725
74095,10.36095
74116,10.36095
74137,10.35861
74158,10.40317
74179,10.31638
74200,10.20848
74221,10.20379
74242,9.955141
74263,9.938721
74284,9.971561
74305,9.880077
74326,9.776865
74347,9.694765
74368,9.59859
74389,9.476612
74410,9.246731
74431,9.310066
74452,9.366363
74473,9.227965
74494,9.253768
74515,9.148211
74536,9.138828
74557,9.059073
74578,9.04969
74599,9.028579
74620,9.030925
74641,8.974627
74662,8.993393
74683,8.939441
74704,9.00043
74725,8.939441
74746,8.817463
74767,8.641534
74788,8.709559
74809,9.070802
74830,8.962898
74851,9.108333
74872,8.876106
74893,8.908947
74914,8.859686
74935,9.009813
74956,8.890181
74977,9.042653
74998,8.976973
75019,8.876106
75040,8.862032
75061,8.67672
75082,8.772895
75103,8.817463
75124,8.850304
75145,8.817463
75166,8.662645
75187,8.62746
75208,8.608693
75229,8.683757
75250,8.669683
75271,8.608693
75292,8.587582
75313,8.482024
75334,8.611039
75355,8.571162
75376,8.653263
75397,8.674374
75418,8.657954
75439,8.629806
75460,8.62746
75481,8.686103
75502,8.854995
75523,8.730671
75544,8.815118
75565,8.803389
75586,8.906601
75607,8.84092
75628,8.819809
75649,8.683757
75670,8.672029
75691,8.514865
75712,8.526593
75733,8.611039
75754,8.397578
75775,8.48437
75796,8.500791
75817,8.507828
75838,8.444492
75859,8.453876
75880,8.357701
75901,8.432764
75922,8.399924
75943,8.46795
75964,8.517211
75985,8.608693
76006,8.554742
76027,8.730671
76048,8.768204
76069,8.852649
76090,8.850304
76111,8.927712
76132,8.932404
76153,8.890181
76174,9.054381
76195,9.056727
76216,9.08253
76237,9.30772
76258,9.410933
76279,9.310066
76300,9.483649
76321,9.507107
76342,9.399203
76363,9.554022
76384,9.485995
76405,9.48834
76426,9.436735
76447,9.324141
76468,9.584516
76489,9.546985
76510,9.561059
76531,9.58217
76552,9.403895
76573,9.239694
76594,9.260805
76615,9.368709
76636,9.260805
76657,9.120062
76678,9.19278
76699,9.429698
76720,9.2913
76741,9.188088
76762,9.164631
76783,9.136482
76804,9.260805
76825,9.314757
76846,9.481303
76867,9.554022
76888,9.415624
76909,9.443772
76930,9.610318
76951,9.558713
76972,9.514144
76993,9.53291
77014,9.493032
77035,9.633776
77056,9.626739
77077,9.830817
77098,10.0302
77119,10.18502
77140,10.13811
77161,10.21317
77182,10.21552
77203,10.21083
77224,10.62133
77245,10.497
77266,10.63775
77287,10.73158
77308,10.67528
77329,10.74565
77350,10.77849
77371,10.74096
77392,10.67293
77413,10.56972
77434,10.51342
77455,10.51577
77476,10.66824
77497,10.56972
77518,10.53453
77539,10.50169
77560,10.47589
77581,10.58849
77602,10.56972
77623,10.60725
77644,10.62133
77665,10.77145
77686,10.80429
77707,10.91923
77728,11.13504
77749,11.29455
77770,11.39307
77791,11.54554
77812,11.69567
77833,11.86925
77854,11.88567
77875,11.81061
77896,11.759
77917,11.74258
77938,11.67221
77959,11.64641
77980,11.45875
78001,11.38838
78022,11.24529
78043,11.20307
78064,11.20072
78085,11.20776
78106,11.17726
78127,11.10924
78148,11.1022
78169,11.11158
78190,11.23825
78211,11.22183
78232,11.21245
78253,11.08343
78274,11.18899
78295,11.07171
78316,11.00837
78337,11.07874
78358,10.92627
78379,11.03183
78400,11.01306
78421,11.03652
78442,10.97319
78463,10.73861
78484,10.64009
78505,10.61664
78526,10.73158
78547,10.33984
78568,10.27885
78589,10.15453
78610,10.07946
78631,9.823779
78652,9.708839
78673,9.704147
78694,9.568096
78715,9.563404
78736,9.586862
78757,9.511798
78778,9.415624
78799,9.556367
78820,9.521181
78841,9.54933
78862,9.577478
78883,9.734642
78904,9.823779
78925,9.819089
78946,10.01378
78967,9.926992
78988,10.24366
79009,10.23194
79030,10.14749
79051,10.33515
79072,10.35391
79093,10.54861
79114,10.57207
79135,10.49935
79156,10.69874
79177,10.69404
79198,10.55565
79219,10.62836
79240,10.58145
79261,10.40787
79282,10.44305
79303,10.44305
79324,10.25305
79345,10.20379
79366,10.18268
79387,10.117
79408,10.07477
79429,9.910572
79450,9.741679
79471,9.66427
79492,9.718222
79513,9.530564
79534,9.314757
79555,9.260805
79576,9.157594
79597,9.129445
79618,8.915984
79639,9.023888
79660,9.110679
79681,9.059073
79702,8.944133
79723,8.944133
79744,8.789314
79765,8.582891
79786,8.604002
79807,8.580544
79828,8.575853
79849,8.524248
79870,8.582891
79891,8.622768
79912,8.56647
79933,8.348318
79954,8.397578
79975,8.521902
79996,8.559433
80017,8.650917
80038,8.650917
80059,8.604002
80080,8.777586
80101,8.733017
80122,8.749437
80143,8.749437
80164,8.650917
80185,8.69314
80206,8.686103
80227,8.596965
80248,8.615731
80269,8.618076
80290,8.568816
80311,8.568816
80332,8.578199
80353,8.629806
80374,8.592274
80395,8.667336
80416,8.585237
80437,8.646226
80458,8.625113
80479,8.648571
80500,8.777586
80521,8.789314
80542,8.770549
80563,8.869069
80584,8.786969
80605,8.845612
80626,8.817463
80647,8.833883
80668,8.920675
80689,8.90191
80710,8.925366
80731,8.869069
80752,8.876106
80773,8.920675
80794,8.915984
80815,8.937096
80836,8.819809
80857,8.688448
80878,8.64388
80899,8.686103
80920,8.524248
80941,8.421036
80962,8.40227
80983,8.40227
81004,8.357701
81025,8.216957
81046,8.069177
81067,8.137203
81088,8.167697
81109,8.198192
81130,8.125474
81151,8.28733
81172,8.360046
81193,8.327207
81214,8.376467
81235,8.571162
81256,8.613385
81277,8.528939
81298,8.735363
81319,8.857341
81340,9.007467
81361,8.836229
81382,9.101295
81403,9.009813
81424,8.923021
81445,8.939441
81466,8.995738
81487,9.183396
81508,9.227965
81529,9.110679
81550,9.279572
81571,9.326486
81592,9.469575
81613,9.563404
81634,9.671308
81655,9.887115
81676,9.945757
81697,9.924646
81718,10.10058
81739,10.42429
81760,10.24366
81781,10.13811
81802,10.16391
81823,10.32811
81844,10.41021
81865,10.18737
81886,10.25539
81907,10.41021
81928,10.31169
81949,10.41725
81970,10.39848
81991,10.39614
82012,10.39614
82033,10.40317
82054,10.70108
82075,10.64478
82096,10.72688
82117,10.59552
82138,10.52984
82159,10.75503
82180,10.76911
82201,10.91689
82222,10.87936
82243,10.94269
82264,11.05763
82285,11.22887
82306,11.26406
82327,11.38369
82348,11.55493
82369,11.56665
82390,11.67221
82411,11.62999
82432,11.61826
82453,11.71444
82474,11.53381
82495,11.63703
82516,11.50801
82537,11.4048
82558,11.39307
82579,11.37431
82600,11.36961
82621,11.36023
82642,11.35554
82663,11.37196
82684,11.39542
82705,11.39776
82726,11.39542
82747,11.41653
82768,11.42826
82789,11.44233
82810,11.52678
82831,11.56196
82852,11.51036
82873,11.61591
82894,11.59715
82915,11.66518
82936,11.59011
82957,11.44233
82978,11.30393
82999,11.18196
83020,11.36023
83041,11.62295
83062,11.28751
83083,11.1327
83104,10.94035
83125,10.83244
83146,10.67762
83167,10.59083
83188,10.60491
83209,10.51811
83230,10.45478
83251,10.56034
83272,10.6659
83293,10.45947
83314,10.65417
83335,10.63306
83356,10.80195
83377,10.93331
83398,10.7738
83419,11.05529
83440,11.00134
83461,11.01775
83482,11.11158
83503,11.03417
83524,11.08343
83545,10.87701
83566,10.83479
83587,10.89812
83608,10.71281
83629,10.61664
83650,10.51577
83671,10.40787
83692,10.29996
83713,10.34922
83734,10.29996
83755,10.10058
83776,10.07008
83797,10.01378
83818,9.999709
83839,9.971561
83860,9.809706
83881,9.711185
83902,9.661925
83923,9.542293
83944,9.439081
83965,9.338214
83986,9.361671
84007,9.244386
84028,9.014504
84049,9.021542
84070,8.976973
84091,8.880798
84112,9.005121
84133,8.871415
84154,8.782278
84175,8.620422
84196,8.794006
84217,8.920675
84238,8.923021
84259,9.087222
84280,9.04969
84301,9.068456
84322,8.960552
84343,8.869069
84364,8.826846
84385,8.974627
84406,8.808081
84427,8.622768
84448,8.829192
84469,8.765858
84490,8.768204
84511,8.740054
84532,8.662645
84553,8.641534
84574,8.338935
84595,8.608693
84616,8.634497
84637,8.667336
84658,8.519556
84679,8.589928
84700,8.650917
84721,8.618076
84742,8.639189
84763,8.519556
84784,8.601656
84805,8.477333
84826,8.498445
84847,8.568816
84868,8.561779
84889,8.580544
84910,8.580544
84931,8.608693
84952,8.639189
84973,8.615731
84994,8.64388
85015,8.596965
85036,8.615731
85057,8.655608
85078,8.667336
85099,8.711905
85120,8.707214
85141,8.768204
85162,8.707214
85183,8.7424
85204,8.768204
85225,8.679066
85246,8.735363
85267,8.611039
85288,8.69314
85309,8.730671
85330,8.730671
85351,8.618076
85372,8.735363
85393,8.747091
85414,8.648571
85435,8.587582
85456,8.575853
85477,8.592274
85498,8.740054
85519,8.723634
85540,8.601656
85561,8.625113
85582,8.669683
85603,8.686103
85624,8.845612
85645,8.768204
85666,8.615731
85687,8.711905
85708,8.833883
85729,8.958207
85750,8.887836
85771,9.122408
85792,9.312411
85813,9.223273
85834,9.335869
85855,9.462538
85876,9.497724
85897,9.490686
85918,9.394512
85939,9.507107
85960,9.56575
85981,9.467229
86002,9.483649
86023,9.556367
86044,9.504761
86065,9.427352
86086,9.237348
86107,9.385129
86128,9.570441
86149,9.725259
86170,9.652542
86191,9.861312
86212,9.793285
86233,9.776865
86254,9.875386
86275,9.868348
86296,9.98329
86317,9.915263
86338,9.884768
86359,9.924646
86380,10.23897
86401,10.37737
86422,10.25305
86443,10.24132
86464,10.33984
86485,10.29292
86506,10.22255
86527,10.13342
86548,10.39145
86569,10.53453
86590,10.49466
86611,10.59552
86632,10.70343
86653,10.64478
86674,10.68232
86695,10.65417
86716,10.68701
86737,10.7175
86758,10.83244
86779,10.97788
86800,11.10689
86821,11.11627
86842,11.10689
86863,11.00837
86884,11.04825
86905,11.13973
86926,11.21245
86947,11.27109
86968,11.2148
86989,11.35319
87010,11.5948
87031,11.36023
87052,11.38134
87073,11.38603
87094,11.44233
87115,11.42357
87136,11.4611
87157,11.379
87178,11.38603
87199,11.43529
87220,11.37196
87241,11.35319
87262,11.38603
87283,11.50097
87304,11.40715
87325,11.379
87346,11.2664
87367,11.36023
87388,11.34381
87409,11.3227
87430,11.30862
87451,11.5127
87472,11.62295
87493,11.28282
87514,11.38134
87535,11.30628
87556,11.36023
87577,11.27109
87598,11.25467
87619,11.1843
87640,11.1327
87661,11.0764
87682,11.03652
87703,10.87467
87724,10.91923
87745,11.17492
87766,10.94504
87787,10.90751
87808,10.9638
87829,11.04121
87850,10.69639
87871,10.78084
87892,10.78553
87913,10.6917
87934,10.61194
87955,10.5838
87976,10.57207
87997,10.45478
88018,10.52046
88039,10.39379
88060,10.27885
88081,10.39848
88102,10.34453
88123,10.32576
88144,10.24601
88165,10.27181
88186,10.307
88207,10.21552
88228,10.24601
88249,10.12403
88270,10.31638
88291,10.15922
88312,10.12872
88333,10.08885
88354,10.00909
88375,9.938721
88396,9.950449
88417,9.814397
88438,9.880077
88459,9.783903
88480,9.823779
88501,9.85662
88522,9.715877
88543,9.701802
88564,9.626739
88585,9.706493
88606,9.814397
88627,9.795631
88648,9.816743
88669,9.858966
88690,9.898843
88711,9.929338
88732,9.835509
88753,9.720568
88774,9.734642
88795,9.638468
88816,9.645505
88837,9.638468
88858,9.659579
88879,9.666616
88900,9.554022
88921,9.523527
88942,9.610318
88963,9.551676
88984,9.453156
89005,9.310066
89026,9.237348
89047,9.134136
89068,8.965244
89089,9.028579
89110,9.047344
89131,8.887836
89152,8.815118
89173,8.808081
89194,8.843266
89215,9.305374
89236,9.176359
89257,8.892527
89278,9.101295
89299,9.066111
89320,9.026234
89341,9.009813
89362,9.075493
89383,9.235003
89404,8.958207
89425,9.005121
89446,9.134136
89467,9.014504
89488,8.93475
89509,8.986356
89530,9.002776
89551,8.948824
89572,8.932404
89593,8.833883
89614,8.735363
89635,8.688448
89656,8.683757
89677,8.69314
89698,8.69314
89719,8.594619
89740,8.53363
89761,8.538322
89782,8.634497
89803,8.714252
89824,8.756474
89845,8.604002
89866,8.550051
89887,8.690794
89908,8.716597
89929,8.751783
89950,8.857341
89971,8.812772
89992,8.871415
90013,8.796351
90034,8.794006
90055,8.679066
90076,8.817463
90097,8.735363
90118,8.709559
90139,8.683757
90160,8.592274
90181,8.580544
90202,8.514865
90223,8.538322
90244,8.531285
90265,8.526593
90286,8.528939
90307,8.587582
90328,8.604002
90349,8.67672
90370,8.655608
90391,8.704868
90412,8.869069
90433,8.944133
90454,9.007467
90475,9.094258
90496,9.202163
90517,9.181051
90538,9.232656
90559,9.300683
90580,9.382783
90601,9.361671
90622,9.415624
90643,9.359325
90664,9.354634
90685,9.427352
90706,9.483649
90727,9.34056
90748,9.326486
90769,9.317103
90790,9.202163
90811,9.199817
90832,9.256114
90853,9.349943
90874,9.237348
90895,9.134136
90916,9.253768
90937,9.317103
90958,9.134136
90979,9.181051
91000,9.295992
91021,9.319448
91042,9.185742
91063,9.27488
91084,9.328832
91105,9.380438
91126,9.223273
91147,9.403895
91168,9.577478
91189,9.30772
91210,9.162285
91231,9.432044
91252,9.725259
91273,9.596244
91294,9.633776
91315,9.694765
91336,9.809706
91357,9.751062
91378,9.762791
91399,9.9223
91420,9.891806
91441,9.685382
91462,9.680691
91483,9.788594
91504,9.805015
91525,9.77452
91546,9.781557
91567,9.762791
91588,9.814397
91609,9.779211
91630,9.744025
91651,9.814397
91672,9.931683
91693,10.02786
91714,10.04897
91735,10.23428
91756,10.23663
91777,10.29527
91798,10.15922
91819,10.26478
91840,10.36564
91861,10.32811
91882,10.307
91903,10.42194
91924,10.45713
91945,10.43836
91966,10.42898
91987,10.32576
92008,10.34688
92029,10.45244
92050,10.43132
92071,10.43601
92092,10.50873
92113,10.53923
92134,10.60725
92155,10.66824
92176,10.59083
92197,10.47824
92218,10.5533
92239,10.64244
92260,10.70812
92281,11.03183
92302,11.09282
92323,10.97553
92344,11.06701
92365,11.08813
92386,11.16084
92407,11.19603
92428,11.09985
92449,11.20072
92470,11.12097
92491,11.09282
92512,11.09985
92533,11.06936
92554,11.00837
92575,10.98961
92596,11.04121
92617,11.03183
92638,10.9638
92659,11.02948
92680,11.00368
92701,11.00603
92722,10.98961
92743,10.99195
92764,11.02245
92785,11.10689
92806,11.379
92827,11.13504
92848,11.21245
