8828,8.90191
8849,8.969935
8870,8.894873
8891,8.794006
8912,8.789314
8933,8.756474
8954,8.723634
8975,8.8245
8996,8.756474
9017,8.794006
9038,8.826846
9059,8.812772
9080,8.686103
9101,8.636843
9122,8.702522
9143,8.592274
9164,8.641534
9185,8.695485
9206,8.695485
9227,8.733017
9248,8.845612
9269,8.735363
9290,8.906601
9311,8.857341
9332,8.892527
9353,8.885489
9374,8.90191
9395,8.894873
9416,8.967589
9437,9.01685
9458,8.937096
9479,8.862032
9500,9.030925
9521,9.009813
9542,8.880798
9563,9.009813
9584,9.040307
9605,8.976973
9626,8.998084
9647,9.052036
9668,9.084876
9689,8.976973
9710,8.974627
9731,8.948824
9752,9.070802
9773,8.976973
9794,8.948824
9815,9.056727
9836,9.190434
9857,9.080185
9878,9.206854
9899,9.084876
9920,9.070802
9941,9.197471
9962,9.23031
9983,9.310066
10004,9.462538
10025,9.349943
10046,9.446118
10067,9.584516
10088,9.563404
10109,9.762791
10130,9.77452
10151,9.568096
10172,9.769828
10193,10.06773
10214,9.910572
10235,9.950449
10256,10.04193
10277,10.19441
10298,10.23897
10319,10.22725
10340,10.26478
10361,10.34453
10382,10.54392
10403,10.58614
10424,10.5838
10445,10.60022
10466,10.64713
10487,10.81837
10508,10.88874
10529,10.92862
10550,10.91689
10571,10.87701
10592,10.90047
10613,10.93331
10634,11.07171
10655,10.98492
10676,10.92627
10697,10.90751
10718,10.94269
10739,10.86528
10760,10.97788
10781,10.75503
10802,10.70577
10823,10.81368
10844,10.62367
10865,10.57441
10886,10.67293
10907,10.65182
10928,10.56972
10949,10.5533
10970,10.60256
10991,10.57441
11012,10.57441
11033,10.60022
11054,10.61429
11075,10.59318
11096,10.73861
11117,10.67762
11138,10.79491
11159,10.86059
11180,10.8559
11201,10.79491
11222,10.73861
11243,10.72454
11264,10.7738
11285,10.70577
11306,10.70343
11327,10.60256
11348,10.46885
11369,10.49231
11390,10.3891
11411,10.36564
11432,10.307
11453,10.31873
11474,10.27181
11495,10.36799
11516,10.32811
11538,10.31169
11559,10.29996
11580,10.36564
11601,10.42194
11622,10.40083
11643,10.52984
11664,10.50169
11685,10.52281
11706,10.43836
11727,10.50404
11748,10.48293
11769,10.48762
11790,10.56972
11811,10.56738
11832,10.50169
11853,10.52515
11874,10.37972
11895,10.4712
11916,10.32342
11937,10.25774
11958,10.25305
11979,10.19441
12000,10.09354
12021,10.0607
12042,10.02082
12063,10.01613
12084,9.910572
12105,9.894152
12126,9.964523
12147,10.03489
12168,9.858966
12189,10.03959
12210,9.875386
12231,9.919954
12252,10.0607
12273,10.07712
12294,9.941067
12315,9.962177
12336,10.22959
12357,10.26243
12378,10.26478
12399,10.39145
12420,10.44071
12441,10.45713
12462,10.61898
12483,10.61194
12504,10.57441
12525,10.56503
12546,10.62133
12567,10.497
12588,10.39848
12609,10.40787
12630,10.21552
12651,10.20144
12672,10.14984
12693,10.05132
12714,9.910572
12735,9.861312
12756,9.842546
12777,9.680691
12798,9.54933
12819,9.58217
12840,9.579824
12861,9.497724
12882,9.41797
12903,9.467229
12924,9.396858
12945,9.345251
12966,9.279572
12987,9.237348
13008,9.270188
13029,9.115371
13050,9.052036
13071,9.059073
13092,9.021542
13113,8.890181
13134,8.958207
13155,8.894873
13176,8.737708
13197,8.808081
13218,8.737708
13239,8.723634
13260,8.777586
13281,8.845612
13302,8.768204
13323,8.707214
13344,8.709559
13365,8.777586
13386,8.852649
13407,8.885489
13428,8.864378
13449,8.817463
13470,8.911292
13491,8.887836
13512,8.953515
13533,8.90191
13554,8.981664
13575,8.993393
13596,8.946478
13617,8.915984
13638,9.00043
13659,8.908947
13680,8.941787
13701,8.995738
13722,8.906601
13743,8.941787
13764,8.843266
13785,8.876106
13806,8.883143
13827,8.960552
13848,9.019196
13869,8.998084
13890,8.995738
13911,9.021542
13932,9.075493
13953,9.117716
13974,9.052036
13995,9.145865
14016,9.113025
14037,9.155248
14058,9.223273
14079,9.249077
14100,9.216236
14121,9.218582
14142,9.305374
14163,9.312411
14184,9.314757
14205,9.279572
14227,9.129445
14248,9.181051
14269,9.272534
14290,9.164631
14311,9.138828
14332,8.962898
14353,8.991047
14374,8.939441
14395,9.00043
14416,8.880798
14437,8.784623
14458,8.84092
14479,8.747091
14500,8.737708
14521,8.8245
14542,8.836229
14563,8.707214
14584,8.747091
14605,8.880798
14626,8.972281
14647,8.965244
14668,8.988701
14689,9.096604
14710,9.094258
14731,9.08253
14752,9.256114
14773,9.399203
14794,9.450809
14815,9.303029
14836,9.162285
14857,9.300683
14878,9.328832
14899,9.286609
14920,9.171668
14941,9.138828
14962,9.314757
14983,9.429698
15004,9.331178
15025,9.227965
15046,9.312411
15067,9.570441
15088,9.589207
15109,9.502416
15130,9.593899
15151,9.844892
15172,9.809706
15193,9.819089
15214,9.854274
15235,9.955141
15256,10.03959
15277,10.10058
15298,10.1991
15319,10.29996
15340,10.02786
15361,10.31638
15382,10.50404
15403,10.24836
15424,10.21552
15445,10.35391
15466,10.49231
15487,10.44305
15508,10.48997
15529,10.50639
15550,10.62367
15571,10.59787
15592,10.59552
15613,10.52281
15634,10.55096
15655,10.7175
15676,10.69404
15697,10.51811
15718,10.43836
15739,10.59787
15760,10.64244
15781,10.56972
15802,10.52515
15823,10.57207
15844,10.52984
15865,10.60022
15886,10.50169
15907,10.4454
15928,10.47589
15949,10.4712
15970,10.45009
15991,10.4454
16012,10.40787
16033,10.3328
16054,10.28823
16075,10.21786
16096,10.14984
16117,10.14514
16138,10.20848
16159,10.12403
16180,10.17095
16201,10.08885
16222,10.10058
16243,10.07243
16264,10.14984
16285,10.15922
16306,10.2249
16327,10.21786
16348,10.19675
16369,10.08416
16390,10.15922
16411,10.09588
16432,10.21317
16453,10.21552
16474,10.27416
16495,10.23194
16516,10.27885
16537,10.29527
16558,10.3328
16579,10.29996
16600,10.34922
16621,10.31404
16642,10.28823
16663,10.32342
16684,10.40317
16705,10.41021
16726,10.24132
16747,10.27885
16768,10.30231
16789,10.35391
16810,10.28823
16831,10.2765
16852,10.24601
16873,10.29762
16894,10.35626
16915,10.30935
16936,10.32342
16957,10.42898
16978,10.46182
16999,10.42898
17020,10.32342
17041,10.39848
17062,10.41959
17083,10.54157
17104,10.64713
17125,10.66824
17146,10.64947
17167,10.65417
17188,10.61664
17209,10.55799
17230,10.61664
17251,10.69404
17272,10.6354
17293,10.58614
17314,10.51811
17335,10.49466
17356,10.41021
17377,10.37737
17398,10.3328
17419,10.27181
17440,10.31169
17461,10.04428
17482,10.1123
17503,10.15922
17524,9.910572
17545,10.03959
17566,10.06773
17587,10.03724
17608,9.936375
17629,10.0607
17650,10.0044
17671,9.957487
17692,10.04897
17713,10.13342
17734,10.16626
17755,10.03724
17776,10.16391
17797,10.31873
17818,10.36564
17839,10.2507
17860,10.30935
17881,10.40083
17902,10.36564
17923,10.27885
17944,10.35861
17965,10.21786
17986,10.2249
18007,10.13576
18028,10.17095
18049,10.20379
18070,9.980944
18091,9.915263
18112,9.819089
18133,9.812052
18154,9.593899
18175,9.572787
18196,9.504761
18217,9.429698
18238,9.481303
18259,9.387475
18280,9.410933
18301,9.425007
18322,9.514144
18343,9.413278
18364,9.333523
18385,9.493032
18406,9.324141
18427,9.410933
18448,9.41797
18469,9.467229
18490,9.455501
18511,9.448463
18532,9.471921
18553,9.542293
18574,9.432044
18595,9.518835
18616,9.586862
18637,9.493032
18658,9.443772
18679,9.478958
18700,9.392166
18721,9.213891
18742,9.286609
18763,9.408587
18784,9.183396
18805,9.218582
18826,9.25846
18847,9.410933
18868,9.202163
18889,9.103642
18910,9.087222
18931,9.08253
18952,8.991047
18973,8.857341
18994,8.920675
19015,9.030925
19036,9.056727
19057,8.979319
19078,8.925366
19099,9.028579
19120,9.044999
19141,9.087222
19162,9.070802
19183,9.035616
19204,9.002776
19225,9.101295
19246,9.101295
19267,9.00043
19288,9.087222
19309,8.972281
19330,8.991047
19351,9.040307
19372,8.979319
19393,8.969935
19414,8.974627
19435,8.946478
19456,8.958207
19477,8.965244
19498,8.911292
19519,8.906601
19540,9.054381
19561,9.030925
19583,8.944133
19605,8.979319
19626,9.042653
19647,9.061419
19668,9.087222
19689,9.023888
19710,9.03327
19731,9.087222
19752,9.03327
19773,9.009813
19794,9.037962
19815,9.023888
19836,9.105988
19857,9.066111
19878,8.976973
19899,8.906601
19920,8.915984
19941,8.808081
19962,8.847958
19983,8.90191
20004,8.918329
20025,9.183396
20046,9.063765
20067,8.873761
20088,8.93475
20109,8.904256
20130,8.911292
20151,9.007467
20172,9.263151
20193,9.223273
20214,9.220928
20235,9.225619
20256,9.288955
20277,9.485995
20298,9.50007
20319,9.471921
20340,9.58217
20361,9.596244
20382,9.58217
20403,9.739333
20424,9.821435
20445,9.650196
20466,9.629085
20487,9.661925
20508,9.844892
20529,9.840199
20550,9.809706
20571,9.690074
20592,9.715877
20613,9.741679
20634,9.847238
20655,9.802669
20676,9.805015
20697,9.819089
20718,9.866002
20739,9.828471
20760,9.739333
20781,9.870694
20802,9.980944
20823,9.870694
20844,9.959831
20865,9.924646
20886,10.01144
20907,10.02317
20928,9.941067
20949,9.980944
20970,9.952795
20991,10.08416
21012,10.09588
21033,10.08181
21054,9.995018
21075,10.09588
21096,10.20379
21117,10.11465
21138,10.13576
21159,10.22255
21180,10.307
21201,10.33749
21222,10.17095
21243,10.17095
21264,10.06305
21285,10.1991
21306,10.30231
21327,10.30935
21348,10.34688
21369,10.26243
21390,10.28823
21411,10.24601
21432,10.48762
21453,10.36095
21474,10.53453
21495,10.39145
21516,10.52046
21537,10.46885
21558,10.51577
21579,10.52515
21600,10.48997
21621,10.42429
21642,10.40083
21663,10.51577
21684,10.52515
21705,10.44305
21726,10.3328
21747,10.35391
21768,10.32342
21789,10.31638
21810,10.36564
21831,10.36095
21852,10.37268
21873,10.31169
21894,10.38441
21915,10.38441
21936,10.44774
21957,10.47589
21978,10.5791
21999,10.66121
22020,10.63071
22041,10.73392
22062,10.64947
22083,10.59787
22104,10.55565
22125,10.64947
22146,10.58614
22167,10.70343
22188,10.8559
22209,10.86059
22230,10.68935
22251,10.62133
22272,10.61429
22293,10.60491
22314,10.64009
22335,10.56034
22356,10.6096
22377,10.58145
22398,10.62367
22419,10.54626
22440,10.50169
22461,10.44774
22482,10.48762
22503,10.43132
22524,10.39848
22545,10.34922
22566,10.36564
22587,10.2812
22608,10.34688
22629,10.25539
22650,10.24601
22671,10.24132
22692,10.29762
22713,10.26008
22734,10.18268
22755,10.20848
22776,10.19206
22797,10.07477
22818,10.00675
22839,10.00909
22860,10.00206
22881,9.995018
22902,9.985635
22923,9.948103
22944,10.0302
22965,9.884768
22986,9.950449
23007,10.00675
23028,9.962177
23049,9.969215
23070,10.03724
23091,10.117
23112,10.24366
23133,10.13576
23154,9.997364
23175,9.950449
23196,10.0044
23217,10.10058
23238,10.01144
23259,10.08416
23280,10.12638
23301,10.29762
23322,10.307
23343,10.2765
23364,10.25774
23385,10.37268
23406,10.39145
23427,10.2507
23448,10.45009
23469,10.40552
23490,10.38441
23511,10.65417
23532,10.60491
23553,10.57676
23574,10.52515
23595,10.57207
23616,10.41725
23637,10.41256
23658,10.45244
23679,10.45713
23700,10.37503
23721,10.32811
23742,10.19441
23763,10.28823
23784,10.16156
23805,10.08181
23826,9.971561
23847,9.842546
23868,9.706493
23889,9.59859
23910,9.579824
23931,9.518835
23952,9.467229
23973,9.378092
23994,9.35698
24015,9.314757
24036,9.232656
24057,9.321795
24078,9.270188
24099,9.127099
24120,9.096604
24141,9.012158
24162,9.077839
24183,8.871415
24204,8.826846
24225,8.913638
24246,8.962898
24267,9.035616
24288,8.892527
24309,8.796351
24330,8.775241
24351,8.744746
24372,8.681411
24393,8.664991
24414,8.524248
24435,8.46795
24456,8.578199
24477,8.664991
24498,8.751783
24519,8.775241
24540,8.737708
24561,8.852649
24582,8.967589
24603,9.00043
24624,8.894873
24645,8.847958
24666,8.744746
24687,8.817463
24708,8.84092
24729,8.852649
24750,8.899564
24771,8.923021
24792,8.84092
24813,8.869069
24834,8.847958
24855,8.927712
24876,8.878452
24897,8.873761
24918,9.042653
24939,8.892527
24960,9.007467
24981,9.012158
25002,8.95117
25023,9.068456
25044,9.019196
25065,8.892527
25086,9.052036
25107,8.998084
25128,9.044999
25149,9.002776
25170,8.979319
25191,9.023888
25212,8.979319
25233,9.019196
25254,8.906601
25275,8.908947
25296,8.84092
25317,8.772895
25338,8.906601
25359,8.869069
25380,8.866723
25401,8.859686
25422,8.770549
25443,8.650917
25464,8.695485
25485,8.991047
25506,8.883143
25527,8.669683
25548,8.7424
25569,9.04969
25590,8.911292
25611,8.789314
25632,8.967589
25653,9.094258
25674,9.134136
25695,9.235003
25716,9.312411
25737,9.298337
25758,9.331178
25779,9.511798
25800,9.556367
25821,9.58217
25842,9.713531
25863,9.9223
25884,9.964523
25905,9.999709
25926,9.901189
25947,9.997364
25968,10.06305
25989,10.12638
26010,10.04428
26031,9.9223
26052,10.13811
26073,10.18737
26094,10.04193
26115,9.976252
26136,10.09823
26157,10.08181
26178,10.07712
26199,10.22725
26220,10.23194
26241,10.25539
26262,10.08181
26283,10.23663
26304,10.37503
26325,10.2812
26346,10.14514
26367,10.13576
26388,10.35391
26409,10.37737
26430,10.31873
26451,10.33749
26472,10.37737
26493,10.38441
26514,10.43836
26535,10.30231
26556,10.36564
26577,10.51108
26598,10.50873
26619,10.37268
26640,10.41959
26661,10.33984
26682,10.3891
26703,10.53453
26724,10.41725
26745,10.39848
26766,10.53923
26787,10.83948
26808,10.94269
26829,10.78084
26850,10.75503
26871,10.748
26892,10.7738
26913,10.81837
26934,10.97788
26955,10.87467
26976,11.01541
26997,10.86997
27018,10.86763
27039,10.81837
27060,10.75972
27081,10.82071
27102,10.87467
27123,10.96615
27144,10.9638
27165,10.91923
27186,10.77614
27207,10.92158
27228,10.85355
27249,10.90281
27270,10.9638
27291,10.9638
27312,11.00134
27333,11.05998
27354,10.95442
27375,10.9638
27396,10.99664
27417,10.98022
27438,10.92158
27459,10.90047
27480,10.91923
27501,10.81602
27522,10.76676
27543,10.5838
27564,10.61898
27585,10.63775
27606,10.60491
27627,10.6096
27648,10.58849
27669,10.46885
27690,10.32576
27711,10.37503
27732,10.41256
27753,10.29527
27774,10.31638
27795,10.28354
27816,10.29996
27837,10.4712
27858,10.31169
27879,10.27885
27900,10.44305
27921,10.45947
27942,10.52046
27963,10.53453
27984,10.42663
28005,10.41725
28026,10.43601
28047,10.36095
28068,10.3633
28089,10.24132
28110,10.21786
28131,10.47589
28152,10.4712
28173,10.48528
28194,10.34453
28215,10.37503
28236,10.35157
28257,10.39614
28278,10.38675
28299,10.38675
28320,10.29996
28341,10.36095
28362,10.23897
28383,10.08416
28404,10.05132
28425,9.997364
28446,9.955141
28467,9.898843
28488,9.840199
28509,9.74637
28530,9.650196
28551,9.561059
28572,9.53291
28593,9.485995
28614,9.366363
28635,9.352288
28656,9.387475
28677,9.267843
28698,9.206854
28719,9.127099
28740,9.03327
28761,8.988701
28782,8.93475
28803,9.066111
28824,8.93475
28845,8.864378
28866,8.826846
28887,8.836229
28908,8.836229
28929,8.843266
28950,8.925366
28971,9.019196
28992,8.845612
29013,8.894873
29034,9.014504
29055,8.930058
29076,8.962898
29097,8.904256
29118,8.918329
29139,8.988701
29160,8.927712
29181,8.948824
29202,8.960552
29223,8.98401
29244,8.862032
29265,8.946478
29286,8.765858
29307,8.831537
29328,8.939441
29349,8.972281
29370,8.843266
29391,8.794006
29412,8.843266
29433,8.751783
29454,8.817463
29475,8.843266
29496,8.857341
29517,8.805735
29538,8.880798
29559,8.859686
29580,8.873761
29601,8.953515
29622,8.869069
29643,8.991047
29664,8.897219
29685,8.897219
29706,8.920675
29727,8.979319
29748,8.976973
29769,9.014504
29790,8.805735
29811,8.817463
29832,8.810426
29853,8.887836
29874,8.915984
29895,8.805735
29916,8.744746
29937,8.772895
29958,8.819809
29979,8.852649
30000,8.664991
30021,8.587582
30042,8.625113
30063,8.728326
30084,8.657954
30105,8.782278
30126,8.772895
30147,8.829192
30168,9.03327
30189,9.068456
30210,8.887836
30231,8.960552
30252,9.105988
30273,9.174014
30294,9.164631
30315,9.117716
30338,9.171668
30361,9.394512
30382,9.15994
30403,9.084876
30424,9.24204
30445,9.354634
30466,9.300683
30487,9.253768
30508,9.485995
30529,9.525873
30550,9.434389
30571,9.288955
30592,9.490686
30613,9.748716
30634,9.657233
30655,9.814397
30676,9.79094
30697,9.788594
30718,9.887115
30739,9.98329
30760,9.950449
30781,10.05835
30802,10.29292
30823,10.39145
30844,10.3633
30865,10.37268
30886,10.28589
30907,10.48762
30928,10.45009
30949,10.5791
30970,10.54157
30991,10.54626
31012,10.60725
31033,10.5838
31054,10.58849
31075,10.61898
31096,10.48997
31117,10.55096
31138,10.49231
31159,10.57676
31181,10.50169
31202,10.48058
31223,10.56738
31244,10.47589
31265,10.38675
31286,10.53453
31307,10.56268
31328,10.43132
31349,10.42429
31370,10.38441
31391,10.33515
31412,10.32342
31433,10.28589
31454,10.25774
31475,10.39848
31496,10.41256
31517,10.3328
31538,10.47355
31559,10.51108
31580,10.52515
31601,10.69874
31622,10.83713
31643,10.80195
31664,10.63775
31685,10.58145
31706,10.74565
31727,10.78318
31748,10.77145
31769,10.75034
31790,10.75269
31811,10.71516
31832,10.71046
31853,10.78318
31874,10.76207
31895,10.82071
31916,10.77614
31937,10.80899
31958,10.67762
31979,10.86997
32000,10.90047
32021,10.86763
32042,10.8559
32063,10.94504
32084,10.93331
32105,10.97788
32126,10.91454
32147,10.90281
32168,10.88405
32189,10.938
32210,10.84652
32231,10.88405
32252,10.72219
32273,10.83948
32294,10.74565
32315,10.55096
32336,10.63071
32357,10.35391
32378,10.1991
32399,10.0865
32420,10.0607
32441,9.891806
32462,9.959831
32483,9.898843
32504,9.814397
32525,9.802669
32546,9.692419
32567,9.849584
32588,9.781557
32609,9.919954
32630,9.788594
32651,9.812052
32672,9.950449
32693,9.966869
32714,10.00206
32735,10.20379
32756,10.21786
32777,10.21317
32798,10.28823
32819,10.22255
32840,10.35626
32861,10.42898
32882,10.52515
32903,10.33515
32924,10.51342
32945,10.51108
32966,10.49935
32987,10.45478
33008,10.3328
33029,10.34219
33050,10.26243
33071,10.1991
33092,10.05366
33113,10.05835
33134,9.805015
33155,9.671308
33176,9.629085
33197,9.61501
33218,9.586862
33239,9.610318
33260,9.61501
33281,9.591553
33302,9.612664
33323,9.87304
33344,9.48834
33365,9.514144
33386,9.554022
33407,9.678345
33428,9.671308
33449,9.626739
33470,9.495378
33491,9.439081
33512,9.326486
33533,9.298337
33554,9.471921
33575,9.495378
33596,9.485995
33617,9.293646
33638,9.152903
33659,9.13179
33680,9.120062
33701,9.00043
33722,8.923021
33743,8.906601
33764,9.075493
33785,9.34056
33806,9.113025
33827,8.972281
33848,8.962898
33869,8.869069
33890,8.723634
33911,8.822155
33932,8.765858
33953,8.798697
33974,8.798697
33995,8.664991
34016,8.758821
34037,8.664991
34058,8.772895
34079,8.573507
34100,8.524248
34121,8.707214
34142,8.662645
34163,8.613385
34184,8.601656
34205,8.554742
34226,8.604002
34247,8.688448
34268,8.674374
34289,8.756474
34310,8.688448
34331,8.669683
34352,8.758821
34373,8.831537
34394,8.866723
34415,8.885489
34436,8.890181
34457,8.915984
34478,9.007467
34499,9.04969
34520,9.052036
34541,9.143519
34562,9.108333
34583,9.134136
34604,9.145865
34625,9.223273
34646,9.124753
34667,9.136482
34688,9.037962
34709,9.037962
34730,9.063765
34751,9.211545
34772,9.030925
34793,8.871415
34814,8.836229
34835,8.836229
34856,8.758821
34877,8.709559
34898,8.768204
34919,8.899564
34940,8.892527
34961,8.740054
34982,8.887836
35003,8.953515
35024,8.998084
35045,8.913638
35066,8.969935
35087,8.955861
35108,8.939441
35129,9.026234
35150,9.286609
35171,9.178705
35192,9.077839
35213,9.380438
35234,9.493032
35255,9.408587
35276,9.324141
35297,9.439081
35318,9.54933
35339,9.551676
35360,9.546985
35381,9.528218
35402,9.561059
35423,9.683037
35444,9.579824
35465,9.591553
35486,9.462538
35507,9.558713
35528,9.399203
35549,9.521181
35570,9.624393
35591,9.619701
35612,9.504761
35633,9.631431
35654,9.722914
35675,9.697111
35696,9.666616
35717,9.7581
35738,9.697111
35759,9.87304
35780,9.821435
35801,9.833163
35822,9.971561
35843,9.931683
35864,10.01378
35885,10.0044
35906,9.955141
35927,9.995018
35948,10.01613
35969,10.18502
35990,10.307
36011,10.2249
36032,10.10292
36053,10.20848
36074,10.28823
36095,10.20144
36116,10.42429
36137,10.39614
36158,10.42194
36179,10.48997
36200,10.67059
36221,10.53453
36242,10.56738
36263,10.63775
36284,10.67059
36305,10.70108
36326,10.73158
36347,10.80429
36368,10.73158
36389,10.75034
36410,10.5275
36431,10.56972
36452,10.69874
36473,10.56268
36494,10.59552
36515,10.52046
36536,10.61664
36557,10.61664
36578,10.53688
36599,10.65417
36620,10.68935
36641,10.71516
36662,10.83479
36683,10.78318
36704,10.76911
36725,10.73158
36746,10.7996
36767,10.92862
36788,10.85121
36809,10.86294
36830,10.84886
36851,10.92627
36872,10.9122
36893,10.86294
36914,10.93096
36935,10.92627
36956,10.89812
36977,10.86997
36998,10.86763
37019,10.80899
37040,10.70343
37061,10.68935
37082,10.59318
37103,10.61898
37124,10.55096
37145,10.48762
37166,10.39145
37187,10.26947
37208,10.26243
37229,10.23428
37250,10.23663
37271,10.33749
37292,10.42898
37313,10.3633
37334,10.36564
37355,10.36799
37376,10.34453
37397,10.37972
37418,10.50404
37439,10.3891
37460,10.32342
37481,10.42663
37502,10.53453
37523,10.5838
37544,10.53453
37565,10.497
37586,10.32576
37607,10.32107
37628,10.43601
37649,10.26243
37670,10.31169
37692,10.34688
37713,10.23897
37734,10.07946
37755,10.18971
37776,10.19675
37797,10.1991
37818,10.23663
37839,10.07477
37860,10.06305
37881,10.04662
37902,9.995018
37923,9.966869
37944,10.04897
37965,10.03724
37986,9.926992
38007,9.896498
38028,9.849584
38049,9.880077
38070,9.868348
38091,9.800323
38112,9.673654
38133,9.680691
38154,9.711185
38175,9.546985
38196,9.551676
38217,9.626739
38238,9.61501
38259,9.514144
38280,9.425007
38301,9.507107
38322,9.556367
38343,9.511798
38364,9.605627
38385,9.694765
38406,9.640813
38427,9.56575
38448,9.676
38469,9.589207
38490,9.53291
38511,9.558713
38532,9.490686
38553,9.558713
38574,9.471921
38595,9.434389
38616,9.481303
38637,9.396858
38658,9.260805
38679,9.225619
38700,9.227965
38721,9.249077
38742,9.251423
38763,9.227965
38784,9.056727
38805,9.04969
38826,9.178705
38847,8.976973
38868,9.052036
38889,9.162285
38910,8.815118
38931,9.047344
38952,8.864378
38973,8.904256
38994,8.843266
39015,8.894873
39036,8.894873
39057,8.852649
39078,8.873761
39099,8.890181
39120,8.871415
39141,8.866723
39162,8.873761
39183,8.796351
39204,8.904256
39225,8.911292
39246,8.798697
39267,8.920675
39288,8.904256
39309,8.915984
39330,8.786969
39351,8.885489
39372,8.967589
39393,8.995738
39414,8.786969
39435,8.69314
39456,8.777586
39477,8.829192
39498,8.805735
39519,8.84092
39540,8.664991
39561,8.737708
39582,8.850304
39603,8.84092
39624,8.690794
39645,8.765858
39666,8.72598
39687,8.786969
39708,8.805735
39729,8.822155
39750,8.84092
39771,8.908947
39792,8.883143
39813,8.906601
39834,8.925366
39855,8.941787
39876,8.944133
39897,9.108333
39918,9.272534
39939,9.171668
39960,9.138828
39981,9.188088
40002,9.124753
40023,9.15994
40044,9.253768
40065,9.188088
40086,9.216236
40107,9.277225
40128,9.115371
40149,9.333523
40170,9.394512
40191,9.260805
40212,9.2913
40233,9.495378
40254,9.511798
40275,9.40624
40296,9.493032
40317,9.558713
40338,9.471921
40359,9.528218
40380,9.74637
40401,9.704147
40422,9.586862
40443,9.577478
40464,9.833163
40485,9.917608
40506,9.929338
40527,9.931683
40548,9.950449
40569,9.877731
40590,9.779211
40611,10.0865
40632,10.19675
40653,10.13811
40674,10.14984
40695,10.14984
40716,10.04428
40737,9.929338
40758,10.1991
40779,10.23194
40800,10.35157
40821,10.13576
40842,10.03255
40863,10.19206
40884,10.19441
40905,10.10996
40926,10.18737
40947,10.28354
40968,10.19441
40989,10.24132
41010,10.29292
41031,10.33046
41052,10.30465
41073,10.39145
41094,10.37972
41115,10.35626
41136,10.44305
41157,10.55565
41178,10.6354
41199,10.55096
41220,10.45478
41241,10.47589
41262,10.38441
41283,10.61194
41304,10.45244
41325,10.56034
41346,10.64947
41367,10.61664
41388,10.4712
41409,10.53219
41430,10.53688
41451,10.6096
41472,10.6354
41493,10.61664
41514,10.77849
41535,10.67293
41556,10.75972
41577,10.65886
41598,10.75034
41619,10.84417
41640,10.89578
41661,11.01775
41682,10.89578
41703,10.9122
41724,10.85355
41745,10.81133
41766,10.81368
41787,10.80899
41808,10.76442
41829,10.75269
41850,10.60725
41871,10.58849
41892,10.64947
41913,10.63071
41934,10.6354
41955,10.57676
41976,10.59787
41997,10.56268
42018,10.53219
42039,10.52984
42060,10.52046
42081,10.59787
42102,10.51577
42123,10.54626
42144,10.51811
42165,10.64947
42186,10.62367
42207,10.54392
42228,10.51342
42249,10.56738
42270,10.48058
42291,10.5533
42312,10.5533
42333,10.41959
42354,10.37503
42375,10.38206
42396,10.40552
42417,10.46182
42438,10.30465
42459,10.24366
42480,10.21786
42501,10.22021
42522,10.05132
42543,10.01378
42564,9.992672
42585,10.02082
42606,9.90588
42627,9.990326
42648,9.875386
42669,9.978598
42690,10.02786
42711,9.934029
42732,9.999709
42753,10.03255
42774,10.12169
42795,10.14514
42816,10.07243
42837,10.23897
42858,10.2249
42879,10.16626
42900,10.30231
42921,10.29058
42942,10.29527
42963,10.37033
42984,10.37737
43005,10.40083
43026,10.30231
43047,10.38206
43068,10.31638
43089,10.20144
43110,10.07946
43131,10.01144
43152,10.02786
43173,10.17798
43194,10.02551
43215,9.912917
43236,9.880077
43257,9.788594
43278,9.809706
43299,9.929338
43320,9.858966
43341,9.80736
43362,9.805015
43383,9.795631
43404,9.814397
43425,9.713531
43446,9.563404
43467,9.617355
43488,9.619701
43509,9.765137
43530,9.715877
43551,9.497724
43572,9.511798
43593,9.342906
43614,9.422661
43635,9.439081
43656,9.284263
43677,9.08253
43698,9.174014
43719,9.134136
43740,9.087222
43761,9.009813
43782,8.786969
43803,8.836229
43824,8.913638
43845,8.869069
43866,8.629806
43887,8.648571
43908,8.695485
43929,8.573507
43950,8.416345
43971,8.446838
43992,8.465604
44013,8.324861
44034,8.38585
44055,8.421036
44076,8.482024
44097,8.376467
44118,8.388196
44139,8.547705
44160,8.381159
44181,8.413999
44202,8.322515
44223,8.446838
44244,8.45153
44265,8.299058
44286,8.299058
44307,8.28733
44328,8.36943
44349,8.395233
44370,8.421036
44391,8.48437
44412,8.381159
44433,8.526593
44454,8.606348
44475,8.611039
44496,8.744746
44517,8.64388
44538,8.777586
44559,8.98401
44580,9.105988
44601,9.00043
44622,9.087222
44643,9.220928
44664,9.237348
44685,9.239694
44706,9.25846
44727,9.368709
44748,9.429698
44769,9.422661
44790,9.331178
44811,9.385129
44832,9.56575
44853,9.54933
44874,9.481303
44895,9.591553
44916,9.640813
44937,9.61501
44958,9.652542
44979,9.617355
45000,9.694765
45021,9.650196
45042,9.711185
45063,9.739333
45084,9.833163
45105,9.779211
45126,9.828471
45147,9.812052
45168,9.760445
45189,9.823779
45210,9.882422
45231,9.919954
45252,9.80736
45273,9.816743
45294,9.955141
45315,10.05366
45336,9.814397
45357,9.781557
45378,9.861312
45399,9.793285
45420,9.901189
45441,9.908226
45462,9.786248
45483,9.79094
45504,9.823779
45525,9.715877
45546,9.847238
45567,9.797977
45588,9.926992
45609,9.66427
45630,9.687728
45651,9.736988
45672,9.586862
45693,9.729951
45714,9.884768
45735,9.941067
45756,9.898843
45777,10.08416
45798,10.29527
45819,10.20613
45840,10.21083
45861,10.28589
45882,10.2507
45903,10.34219
45924,10.41021
45945,10.38206
45966,10.36799
45987,10.39145
46008,10.37972
46029,10.4149
46050,10.35157
46071,10.35861
46092,10.24601
46113,10.28354
46134,10.22959
46155,10.32576
46176,10.23663
46197,10.3328
46218,10.2507
46239,10.20613
46260,10.21317
46281,10.17095
46302,10.1991
46323,10.21083
46344,10.28589
46365,10.22021
46386,10.23663
46407,10.33046
46428,10.34922
46449,10.35626
46470,10.32342
46491,10.46182
46512,10.45478
46533,10.50404
46554,10.48762
46575,10.56268
46596,10.50404
46617,10.46182
46638,10.44305
46659,10.42429
46680,10.46182
46701,10.35626
46722,10.38675
46743,10.33749
46764,10.35861
46785,10.28354
46806,10.42429
46827,10.39848
46848,10.44071
46869,10.37737
46890,10.3633
46911,10.38206
46932,10.53219
46953,10.49466
46974,10.42898
46995,10.39614
47016,10.51577
47037,10.51811
47058,10.52046
47079,10.50873
47100,10.54157
47121,10.54626
47142,10.54392
47163,10.43132
47184,10.41725
47205,10.37503
47226,10.34219
47247,10.31169
47268,10.27416
47289,10.21786
47310,10.13576
47331,10.04193
47352,9.938721
47373,9.85662
47394,9.837853
47415,9.769828
47436,9.85662
47457,9.795631
47478,9.812052
47499,9.80736
47520,9.823779
47541,9.858966
47562,9.934029
47583,10.03959
47604,10.12169
47625,10.21786
47646,10.19441
47667,10.1991
47688,10.31169
47709,10.31638
47730,10.29292
47751,10.33515
47772,10.40787
47793,10.48293
47814,10.38441
47835,10.37268
47856,10.30465
47877,10.35391
47898,10.37737
47919,10.29292
47940,10.32811
47961,10.18268
47982,10.19675
48003,10.17329
48024,10.16391
48045,10.14749
48066,10.09119
48087,10.09823
48108,10.09354
48129,10.15687
48150,10.03489
48171,10.03255
48192,10.00206
48213,10.07477
48234,10.12403
48255,10.04428
48276,9.941067
48297,10.09354
48318,10.01613
48339,9.985635
48360,9.830817
48381,9.952795
48402,9.851928
48423,9.729951
48444,9.729951
48465,9.769828
48486,9.772174
48507,9.668962
48528,9.741679
48549,9.725259
48570,9.64785
48591,9.645505
48612,9.584516
48633,9.485995
48654,9.392166
48675,9.558713
48696,9.610318
48717,9.493032
48738,9.464884
48759,9.30772
48780,9.272534
48801,9.349943
48822,9.427352
48843,9.382783
48864,9.293646
48885,9.366363
48906,9.403895
48927,9.317103
48948,9.211545
48969,9.127099
48990,9.096604
49011,9.246731
49032,9.284263
49053,9.349943
49074,9.2092
49095,9.244386
49116,9.265497
49137,9.2092
49158,9.338214
49179,9.342906
49200,9.279572
49221,9.211545
49242,9.270188
49263,9.145865
49284,9.138828
49305,9.15994
49326,9.197471
49347,8.962898
49368,9.040307
49389,9.105988
49410,9.066111
49431,9.042653
49452,9.117716
49473,9.019196
49494,9.091913
49515,9.110679
49536,9.075493
49557,9.089567
49578,9.260805
49599,9.150557
49620,9.15994
49641,9.073148
49662,9.134136
49683,9.124753
49704,9.044999
49725,8.923021
49746,8.90191
49767,8.920675
49788,8.850304
49809,8.770549
49830,8.681411
49851,8.711905
49872,8.655608
49893,8.709559
49914,8.587582
49935,8.540668
49956,8.477333
49977,8.503136
49998,8.592274
50019,8.472641
50040,8.479678
50061,8.510174
50082,8.531285
50103,8.505482
50124,8.48437
50145,8.458567
50166,8.580544
50187,8.580544
50208,8.489061
50229,8.552396
50250,8.730671
50271,8.794006
50292,8.754128
50313,8.618076
50334,8.770549
50355,8.878452
50376,8.718943
50397,8.604002
50418,8.486716
50439,8.507828
50460,8.740054
50481,8.458567
50502,8.399924
50523,8.557088
50544,8.578199
50565,8.507828
50586,8.456222
50607,8.582891
50628,8.740054
50649,8.67672
50670,8.833883
50691,8.786969
50712,9.030925
50733,9.01685
50754,9.00043
50775,9.202163
50796,9.474266
50817,9.410933
50838,9.495378
50859,9.734642
50880,9.720568
50901,9.814397
50922,9.854274
50943,9.990326
50964,10.08181
50985,10.14984
51006,10.24836
51027,10.27416
51048,10.34922
51069,10.44305
51090,10.44305
51111,10.42898
51132,10.56503
51153,10.53453
51174,10.53688
51195,10.58849
51216,10.51811
51237,10.51342
51258,10.76911
51279,10.65417
51300,10.71281
51321,10.73627
51342,10.64947
51363,10.53219
51384,10.55565
51405,10.48997
51426,10.45947
51447,10.45244
51468,10.32342
51489,10.28354
51510,10.26008
51531,10.18971
51552,10.26008
51573,10.23663
51594,10.28589
51615,10.12169
51636,10.02082
51657,10.03724
51678,10.16156
51699,10.12403
51720,10.15453
51741,10.26947
51762,10.37737
51783,10.45478
51804,10.54861
51825,10.73158
51851,10.77849
51876,11.01775
51897,11.1327
51918,11.08343
51939,11.20307
51960,11.17257
51981,11.20307
52002,11.06936
52023,11.00837
52044,10.91454
52065,10.72688
52086,10.74331
52107,10.67528
52128,10.59787
52149,10.58145
52170,10.73627
52191,10.59083
52212,10.71046
52233,10.55096
52254,10.53219
52275,10.49935
52296,10.35861
52317,10.26008
52338,10.13107
52359,10.06305
52380,10.0302
52401,10.12169
52422,10.21552
52443,10.117
52464,10.06305
52485,10.20848
52506,10.19675
52527,10.23428
52548,10.37033
52569,10.4149
52590,10.33515
52611,10.21786
52632,10.45947
52653,10.35861
52674,10.03255
52695,9.851928
52716,9.542293
52737,9.786248
52758,9.694765
52779,9.523527
52800,9.56575
52821,9.586862
52842,9.443772
52863,9.371055
52884,9.593899
52905,9.478958
52926,9.40624
52947,9.556367
52968,9.706493
52989,9.694765
53010,9.809706
53031,9.870694
53052,9.938721
53073,10.1123
53094,10.30231
53115,10.40317
53136,10.28823
53157,10.5275
53178,10.70812
53199,10.5533
53220,10.72219
53241,10.87936
53262,10.65886
53283,10.41725
53304,10.53923
53325,10.49935
53346,10.43601
53367,10.31404
53388,10.0302
53409,9.814397
53430,9.690074
53451,10.05366
53472,9.783903
53493,9.38982
53515,9.284263
53536,9.467229
53557,9.34056
53578,9.026234
53599,9.227965
53620,9.134136
53641,9.077839
53662,8.904256
53683,8.873761
53704,8.763512
53725,8.697831
53746,8.585237
53767,8.535976
53788,8.38585
53809,8.329552
53830,8.341281
53851,8.179425
53872,8.113746
53893,8.191154
53914,8.1114
53935,8.219303
53956,8.059793
53977,8.1935
53998,8.28733
54019,8.134857
54040,8.306095
54061,8.334244
54082,8.327207
54103,8.388196
54124,8.545359
54145,8.465604
54166,8.620422
54187,8.681411
54208,8.801044
54229,8.657954
54250,8.608693
54271,8.636843
54292,8.723634
54313,8.557088
54334,8.56647
54355,8.498445
54376,8.381159
54397,8.313132
54418,8.219303
54439,8.12782
54460,8.120783
54481,8.181771
54502,8.116092
54523,8.113746
54544,8.181771
54565,8.198192
54586,8.240415
54607,8.223994
54628,8.301403
54649,8.43511
54670,8.397578
54691,8.526593
54712,8.449184
54733,8.528939
54754,8.606348
54775,8.507828
54796,8.6603
54817,8.601656
54838,8.585237
54859,8.622768
54880,8.641534
54901,8.669683
54922,8.728326
54943,8.625113
54964,8.594619
54985,8.606348
55006,8.613385
55027,8.404615
55048,8.416345
55069,8.465604
55090,8.406961
55111,8.216957
55132,8.662645
55153,8.453876
55174,8.472641
55195,8.446838
55216,8.477333
55237,8.716597
55258,8.611039
55279,8.7424
55300,8.812772
55321,9.021542
55342,9.450809
55363,9.368709
55384,9.352288
55405,9.495378
55426,9.760445
55447,9.748716
55468,9.748716
55489,10.02317
55510,10.06539
55531,10.04428
55552,10.23194
55573,10.33984
55594,10.52984
55615,10.8559
55636,10.70343
55657,10.54626
55678,10.57207
55699,10.76442
55720,10.88405
55741,10.93331
55762,10.86059
55783,10.97788
55804,10.91689
55825,11.05529
55846,11.01775
55867,10.99899
55888,10.98726
55909,10.98726
55930,11.09517
55951,11.01072
55972,10.94973
55993,11.02245
56014,11.09047
56035,10.93331
56056,10.80429
56077,10.78084
56098,10.70577
56119,10.70812
56140,10.7738
56161,10.60491
56182,10.46885
56203,10.54861
56224,10.50169
56245,10.6096
56266,10.65417
56287,10.66121
56308,10.62133
56329,10.61898
56350,10.64244
56371,10.70577
56392,10.68935
56413,10.74096
56434,10.82775
56455,10.74565
56476,10.83244
56497,10.89812
56518,10.9122
56539,10.97553
56560,10.88639
56581,10.90281
56602,10.88405
56623,10.83479
56644,10.78084
56665,10.67997
56686,10.59318
56707,10.39379
56728,10.34219
56749,10.36564
56770,10.31873
56791,10.22725
56812,10.17329
56833,10.21083
56854,10.18737
56875,10.21786
56896,10.21083
56917,10.19441
56938,10.26008
56959,10.28354
56980,10.31873
57001,10.24132
57022,10.42429
57043,10.37268
57064,10.38441
57085,10.33515
57106,10.39848
57127,10.34219
57148,10.34922
57169,10.17329
57190,10.18971
57211,10.25305
57232,10.18502
57253,10.1686
57274,10.07946
57295,10.04897
57316,10.10292
57337,10.02786
57358,10.09823
57379,9.896498
57400,9.849584
57421,9.858966
57442,9.79094
57463,9.786248
57484,9.861312
57505,9.847238
57526,9.760445
57547,9.722914
57568,9.673654
57589,9.593899
57610,9.795631
57631,9.978598
57652,9.898843
57673,9.783903
57694,9.823779
57715,9.821435
57736,9.894152
57757,9.941067
57778,9.840199
57799,9.812052
57820,9.697111
57841,9.797977
57862,9.748716
57883,9.652542
57904,9.805015
57925,9.701802
57946,9.713531
57967,9.591553
57988,9.56575
58009,9.645505
58030,9.619701
58051,9.474266
58072,9.554022
58093,9.591553
58114,9.575133
58135,9.556367
58156,9.53291
58177,9.504761
58198,9.300683
58219,9.509453
58240,9.833163
58261,9.530564
58282,9.518835
58303,9.589207
58324,9.539948
58345,9.239694
58366,9.661925
58387,9.59859
58408,9.284263
58429,9.464884
58450,10.05132
58471,9.765137
58492,9.551676
58513,9.256114
58534,9.382783
58555,9.052036
58576,9.164631
58597,9.216236
58618,9.223273
58639,9.169322
58660,9.157594
58681,9.113025
58702,9.108333
58723,9.084876
58744,9.260805
58765,9.281918
58786,9.267843
58807,8.873761
58828,9.195126
58849,9.044999
58870,9.075493
58891,9.047344
58912,9.148211
58933,9.171668
58954,9.178705
58975,9.394512
58996,9.27488
59017,9.27488
59038,9.246731
59059,9.314757
59080,9.249077
59101,9.199817
59122,9.073148
59143,8.991047
59164,9.070802
59185,9.021542
59206,8.885489
59227,8.845612
59248,8.899564
59269,8.897219
59290,8.810426
59311,8.709559
59332,8.770549
59353,8.826846
59374,8.859686
59395,8.805735
59416,8.920675
59437,8.873761
59458,8.918329
59479,9.014504
59500,8.967589
59521,8.854995
59542,9.040307
59563,9.089567
59584,8.930058
59605,9.03327
59626,9.068456
59647,8.972281
59668,8.972281
59689,8.998084
59710,9.054381
59731,8.993393
59752,8.908947
59773,8.845612
59794,8.777586
59815,8.723634
59836,8.695485
59857,8.564125
59878,8.6603
59899,8.594619
59920,8.491407
59941,8.571162
59962,8.636843
59983,8.514865
60004,8.46795
60025,8.568816
60046,8.786969
60067,8.822155
60088,8.798697
60109,9.012158
60130,8.969935
60151,8.890181
60172,9.063765
60193,9.249077
60214,9.403895
60235,9.227965
60256,9.366363
60277,9.596244
60298,9.593899
60319,9.523527
60340,9.51649
60361,9.683037
60382,9.891806
60403,9.861312
60424,9.755754
60445,9.819089
60466,9.915263
60487,9.999709
60508,10.07008
60529,10.10527
60550,10.13576
60571,10.16156
60592,10.18971
60613,10.18033
60634,10.37268
60655,10.36799
60676,10.31169
60697,10.40787
60718,10.3328
60739,10.38206
60760,10.42898
60781,10.37503
60802,10.37737
60823,10.29996
60844,10.32107
60865,10.28823
60886,10.34219
60907,10.18737
60928,10.1991
60949,10.27181
60970,10.19441
60991,10.0607
61012,10.18737
61033,10.21317
61054,10.06305
61075,9.990326
61096,10.08885
61117,10.11934
61138,10.11934
61159,10.12638
61180,10.1428
61201,10.10761
61222,10.1123
61243,10.22021
61264,10.23194
61285,10.23897
61306,10.34453
61327,10.36564
61348,10.34453
61369,10.38206
61390,10.41256
61411,10.29762
61432,10.37737
61453,10.3891
61474,10.23194
61495,10.18502
61516,10.2507
61537,10.22725
61558,10.307
61579,10.30935
61600,10.24366
61621,10.20379
61642,10.28354
61663,10.36095
61684,10.37737
61705,10.3633
61726,10.37268
61747,10.43132
61768,10.50169
61789,10.4454
61810,10.497
61831,10.51342
61852,10.55096
61873,10.62836
61894,10.64009
61915,10.6659
61936,10.79491
61957,10.82541
61978,10.83244
61999,10.86997
62020,10.748
62041,10.68701
62062,10.67059
62083,10.63071
62104,10.51811
62125,10.45009
62146,10.38206
62167,10.44305
62188,10.37737
62209,10.41256
62230,10.37268
62251,10.2765
62272,10.31873
62293,10.44305
62314,10.54626
62335,10.36799
62356,10.35391
62377,10.30465
62398,10.32811
62419,10.30935
62440,10.36799
62461,10.44774
62482,10.40552
62503,10.40552
62524,10.38441
62545,10.21786
62566,10.21083
62587,10.34688
62608,10.37503
62629,10.37268
62650,10.26712
62671,10.32576
62692,10.28354
62713,10.34219
62734,10.33749
62755,10.23428
62776,10.41021
62797,10.29996
62818,10.21552
62839,10.0865
62860,10.13811
62881,10.0302
62902,10.07243
62923,10.09588
62944,10.1123
62965,10.06539
62986,10.01144
63007,10.01613
63028,10.01848
63049,9.995018
63070,10.02082
63091,10.12403
63112,10.15687
63133,10.16391
63154,10.23663
63175,10.07946
63196,9.995018
63217,10.12169
63238,10.0302
63259,9.997364
63280,10.01144
63301,9.964523
63322,9.926992
63343,9.90588
63364,9.833163
63385,9.64785
63406,9.673654
63427,9.769828
63448,9.59859
63469,9.537601
63490,9.450809
63511,9.436735
63532,9.448463
63553,9.368709
63574,9.298337
63595,9.385129
63616,9.514144
63637,9.349943
63658,9.279572
63679,9.155248
63700,9.324141
63721,9.321795
63742,9.368709
63763,9.612664
63784,9.185742
63805,9.04969
63826,9.054381
63847,8.93475
63868,8.822155
63889,8.845612
63910,8.810426
63931,8.803389
63952,8.740054
63973,8.592274
63994,8.629806
64015,8.716597
64036,8.775241
64057,8.601656
64078,8.662645
64099,8.646226
64120,8.648571
64141,8.803389
64162,8.796351
64183,8.709559
64204,8.592274
64225,8.808081
64246,8.777586
64267,8.817463
64288,8.894873
64309,8.920675
64330,8.98401
64351,8.890181
64372,8.965244
64393,9.08253
64414,8.908947
64435,8.8245
64456,8.869069
64477,8.883143
64498,8.845612
64519,8.859686
64540,8.79166
64561,8.657954
64582,8.79166
64603,8.758821
64624,8.702522
64645,8.697831
64666,8.604002
64687,8.69314
64708,8.786969
64729,8.7424
64750,8.632151
64771,8.723634
64792,8.754128
64813,8.831537
64834,8.890181
64855,8.667336
64876,8.636843
64897,8.733017
64918,8.890181
64939,8.918329
64960,8.899564
64981,8.786969
65002,8.862032
65023,8.8245
65044,8.761166
65065,8.67672
65086,8.777586
65107,8.817463
65128,9.298337
65149,8.681411
65170,8.599311
65191,8.960552
65212,8.761166
65233,8.838574
65254,8.862032
65275,8.920675
65296,8.941787
65317,8.883143
65338,9.077839
65359,9.030925
65380,9.150557
65401,9.206854
65422,9.218582
65443,9.544639
65464,9.446118
65485,9.537601
65506,9.767483
65527,9.861312
65548,10.03255
65569,9.957487
65590,10.01848
65611,9.997364
65632,10.13576
65653,10.24366
65674,10.30465
65695,10.35626
65716,10.39614
65737,10.3891
65758,10.35157
65779,10.43836
65800,10.57207
65821,10.46182
65842,10.34688
65863,10.47589
65884,10.72454
65905,10.83244
65926,10.81133
65947,10.97084
65968,10.8817
65989,10.86059
66010,10.9122
66031,10.94035
66052,11.03652
66073,10.90281
66094,10.90985
66115,10.98022
66136,11.01306
66157,10.95207
66178,10.82775
66199,10.73158
66220,10.68935
66241,10.65651
66262,10.58849
66283,10.63071
66304,10.53688
66325,10.46885
66346,10.62836
66367,10.43367
66388,10.45009
66409,10.32342
66430,10.33515
66451,10.4149
66472,10.39848
66493,10.34922
66514,10.43367
66535,10.49231
66556,10.53453
66577,10.64947
66598,10.5838
66619,10.5791
66640,10.61898
66661,10.64478
66682,10.60725
66703,10.62602
66724,10.62133
66745,10.56972
66766,10.71046
66787,10.68466
66808,10.60256
66829,10.60256
66850,10.61429
66871,10.49231
66892,10.54157
66913,10.61898
66934,10.59318
66955,10.53923
66976,10.48762
66997,10.31404
67018,10.24601
67039,10.32811
67060,10.42429
67081,10.36095
67102,10.28589
67123,10.36095
67144,10.35861
67165,10.43132
67186,10.39848
67207,10.41725
67228,10.42663
67249,10.48997
67270,10.39614
67291,10.53453
67312,10.48058
67333,10.57676
67354,10.65182
67375,10.63775
67396,10.65886
67417,10.61664
67438,10.59318
67459,10.63071
67480,10.52281
67501,10.61429
67522,10.59552
67543,10.6096
67564,10.56972
67585,10.58849
67606,10.47589
67627,10.497
67648,10.44071
67669,10.52984
67690,10.3328
67711,10.28354
67732,10.37503
67753,10.31169
67774,10.22725
67795,10.40787
67816,10.41959
67837,10.38675
67858,10.2507
67879,10.44071
67900,10.38206
67921,10.36799
67942,10.3328
67963,10.33749
67984,10.12169
68005,10.04897
68026,9.943413
68047,9.887115
68068,9.851928
68089,9.760445
68110,9.589207
68131,9.432044
68152,9.338214
68173,9.450809
68194,9.40624
68215,9.244386
68236,9.314757
68257,9.279572
68278,9.251423
68299,9.152903
68320,9.120062
68341,9.124753
68362,9.089567
68383,9.166977
68404,9.026234
68425,9.044999
68446,8.862032
68467,8.953515
68488,8.794006
68509,8.911292
68530,8.908947
68551,8.953515
68572,8.810426
68593,8.768204
68614,8.838574
68635,8.84092
68656,8.815118
68677,8.932404
68698,8.976973
68719,8.998084
68740,8.95117
68761,8.904256
68782,8.822155
68803,8.976973
68824,9.040307
68845,9.13179
68866,9.014504
68887,9.009813
68908,9.136482
68929,9.134136
68950,9.103642
68971,9.077839
68992,9.206854
69013,9.108333
69034,9.073148
69055,9.150557
69076,9.117716
69097,9.25846
69118,9.260805
69139,9.288955
69160,9.298337
69181,9.284263
69202,9.286609
69223,9.314757
69244,9.272534
69265,9.286609
69286,9.2913
69307,9.295992
69328,9.235003
69349,9.253768
69370,9.2092
69391,9.220928
69412,9.124753
69433,9.129445
69454,9.096604
69475,9.155248
69496,9.127099
69517,9.09895
69538,9.120062
69559,9.169322
69580,9.197471
69601,9.138828
69622,9.13179
69643,9.150557
69664,9.218582
69685,9.213891
69706,9.174014
69727,9.23031
69748,9.223273
69769,9.063765
69790,9.068456
69811,9.148211
69832,9.09895
69853,9.052036
69874,9.117716
69895,9.012158
69916,9.03327
69937,8.939441
69958,8.930058
69979,8.920675
70000,8.904256
70021,8.679066
70042,8.709559
70063,8.608693
70084,8.589928
70105,8.463259
70126,8.404615
70147,8.432764
70168,8.409307
70189,8.606348
70210,8.599311
70231,8.423381
70252,8.409307
70273,8.496099
70294,8.587582
70315,8.458567
70336,8.503136
70357,8.657954
70378,8.679066
70399,8.608693
70420,8.582891
70441,8.716597
70462,8.937096
70483,9.04969
70504,8.913638
70525,9.08253
70546,9.349943
70567,9.403895
70588,9.385129
70609,9.446118
70630,9.483649
70651,9.596244
70672,9.612664
70693,9.819089
70714,9.898843
70735,9.9223
70756,9.797977
70777,10.27416
70798,10.40552
70819,10.33046
70840,10.55096
70861,10.67997
70882,10.75503
70903,10.87467
70924,11.11627
70945,11.03652
70966,11.06232
70987,11.16084
71008,11.13504
71029,11.32974
71050,11.34381
71071,11.0764
71092,11.01775
71113,11.16554
71134,11.14912
71155,11.00368
71176,10.95207
71197,10.80429
71218,10.91454
71239,10.67293
71260,10.54157
71281,10.39848
71302,10.44071
71323,10.54157
71344,10.48058
71365,10.4712
71386,10.54861
71407,10.58849
71428,10.55799
71449,10.45009
71470,10.67762
71491,10.64009
71512,10.64244
71533,10.73158
71554,10.73392
71575,10.70577
71596,10.5533
71617,10.63306
71638,10.57207
71659,10.41256
71680,10.30935
71701,10.23663
71722,10.17564
71743,10.1123
71764,10.18971
71785,10.23428
71806,10.2812
71827,10.27416
71848,10.34219
71869,10.39614
71890,10.46885
71911,10.46182
71932,10.50639
71953,10.51108
71974,10.50404
71995,10.50639
72016,10.48762
72037,10.46651
72058,10.58614
72079,10.61898
72100,10.58614
72121,10.63306
72142,10.62836
72163,10.71281
72184,10.67528
72205,10.48528
72226,10.5275
72247,10.62133
72268,10.57441
72289,10.50639
72310,10.47824
72331,10.35391
72352,10.12403
72373,10.06305
72394,9.898843
72415,9.706493
72436,9.732296
72457,9.755754
72478,9.833163
72499,9.805015
72520,9.74637
72541,9.826125
72562,10.06305
72583,10.07477
72604,9.976252
72625,10.04662
72646,10.16626
72667,10.24836
72688,10.36095
72709,10.33984
72730,10.37972
72751,10.4712
72772,10.54157
72793,10.497
72814,10.47824
72835,10.47589
72856,10.37972
72877,10.3328
72898,10.25305
72919,10.29762
72940,10.23663
72961,10.09823
72982,9.760445
73003,9.711185
73024,9.521181
73045,9.54933
73066,9.525873
73087,9.387475
73108,9.166977
73129,9.157594
73150,9.408587
73171,9.333523
73192,9.335869
73213,9.08253
73234,9.176359
73255,9.070802
73276,9.09895
73297,9.070802
73318,9.021542
73339,8.995738
73360,9.122408
73381,8.854995
73402,8.897219
73423,9.054381
73444,8.988701
73465,9.035616
73486,8.892527
73507,8.897219
73528,8.883143
73549,9.103642
73570,8.908947
73591,9.087222
73612,9.202163
73633,9.169322
73654,8.796351
73675,8.892527
73696,9.169322
73717,9.105988
73738,9.042653
73759,9.075493
73780,9.190434
73801,9.169322
73822,8.890181
73843,9.094258
73864,9.27488
73885,9.446118
73906,9.40624
73927,9.471921
73948,9.007467
73969,9.197471
73990,9.462538
74011,9.464884
74032,8.962898
74053,9.01685
74074,8.923021
74095,9.312411
74116,9.091913
74137,9.164631
74158,9.120062
74179,9.150557
74200,9.171668
74221,9.145865
74242,9.143519
74263,9.052036
74284,9.063765
74305,9.152903
74326,9.232656
74347,9.084876
74368,9.030925
74389,9.164631
74410,9.19278
74431,9.253768
74452,9.136482
74473,9.152903
74494,9.117716
74515,9.190434
74536,9.178705
74557,9.09895
74578,9.347597
74599,9.375746
74620,9.195126
74641,9.19278
74662,9.24204
74683,9.089567
74704,8.948824
74725,8.995738
74746,8.859686
74767,8.836229
74788,8.721289
74809,8.606348
74830,8.653263
74851,8.528939
74872,8.524248
74893,8.486716
74914,8.404615
74935,8.416345
74956,8.444492
74977,8.458567
74998,8.381159
75019,8.36943
75040,8.345972
75061,8.383504
75082,8.444492
75103,8.592274
75124,8.552396
75145,8.765858
75166,8.714252
75187,8.728326
75208,8.697831
75229,8.803389
75250,8.873761
75271,8.7424
75292,8.634497
75313,8.765858
75334,8.908947
75355,9.026234
75376,8.862032
75397,8.939441
75418,9.059073
75439,9.155248
75460,9.169322
75481,9.450809
75502,9.429698
75523,9.453156
75544,9.50007
75565,9.50007
75586,9.744025
75607,9.821435
75628,9.98798
75649,10.09588
75670,10.03959
75691,10.03255
75712,10.12872
75733,10.32107
75754,10.307
75775,10.34219
75796,10.22725
75817,10.24132
75838,10.26243
75859,10.2249
75880,10.18033
75901,10.18033
75922,10.22021
75943,10.03724
75964,9.7581
75985,10.04662
76006,10.09354
76027,9.950449
76048,10.02786
76069,10.02551
76090,10.20613
76111,10.25774
76132,10.15922
76153,10.23663
76174,10.26712
76195,10.25305
76216,10.307
76237,10.43836
76258,10.59083
76279,10.86059
76300,10.81133
76321,10.43836
76342,10.42429
76363,10.26712
76384,10.39379
76405,10.61664
76426,10.41959
76447,10.23194
76468,10.05601
76489,10.13342
76510,10.14514
76531,10.0302
76552,10.26008
76573,10.26712
76594,10.49466
76615,10.33984
76636,10.24132
76657,10.33046
76678,10.37503
76699,10.42663
76720,10.45244
76741,10.44774
76762,10.36095
76783,10.50873
76804,10.54157
76825,10.72688
76846,10.83244
76867,11.02479
76888,11.03183
76909,11.11393
76930,11.09985
76951,11.03887
76972,10.86294
76993,10.75269
77014,10.60022
77035,10.55565
77056,10.30935
77077,10.2507
77098,10.15687
77119,9.990326
77140,9.870694
77161,9.769828
77182,9.741679
77203,9.781557
77224,9.788594
77245,9.957487
77266,9.980944
77287,9.976252
77308,9.98329
77329,10.23194
77350,10.14045
77371,10.45244
77392,10.42429
77413,10.48528
77434,10.57676
77455,10.56972
77476,10.66121
77497,10.67528
77518,10.66824
77539,10.59552
77560,10.62836
77581,10.52281
77602,10.51577
77623,10.48997
77644,10.35391
77665,10.1123
77686,9.959831
77707,9.868348
77728,9.812052
77749,9.915263
77770,9.844892
77791,9.38982
77812,9.575133
77833,9.59859
77854,9.467229
77875,9.511798
77896,9.455501
77917,9.361671
77938,9.246731
77959,9.286609
77980,9.256114
78001,9.152903
78022,9.206854
78043,9.265497
78064,9.094258
78085,9.375746
78106,9.202163
78127,9.150557
78148,9.15994
78169,9.474266
78190,9.213891
78211,9.249077
78232,9.054381
78253,9.101295
78274,9.00043
78295,9.007467
78316,8.869069
78337,8.869069
78358,8.93475
78379,8.995738
78400,8.93475
78421,8.714252
78442,8.847958
78463,8.960552
78484,8.817463
78505,8.899564
78526,8.892527
78547,8.979319
78568,9.026234
78589,8.920675
78610,8.890181
78631,8.829192
78652,8.913638
78673,8.845612
78694,8.869069
78715,8.817463
78736,8.67672
78757,8.646226
78778,8.761166
78799,8.653263
78820,8.779932
78841,8.845612
78862,8.833883
78883,8.850304
78904,8.833883
78925,8.923021
78946,8.869069
78967,8.930058
78988,8.857341
79009,9.028579
79030,8.918329
79051,8.859686
79072,9.124753
79093,9.084876
79114,9.120062
79135,9.068456
79156,9.068456
79177,9.213891
79198,9.30772
79219,9.366363
79240,9.335869
79261,9.387475
79282,9.497724
79303,9.415624
79324,9.298337
79345,9.335869
79366,9.211545
79387,9.181051
79408,9.075493
79429,9.061419
79450,8.974627
79471,8.960552
79492,8.775241
79513,8.782278
79534,8.786969
79555,8.7424
79576,8.704868
79597,8.772895
79618,8.815118
79639,8.801044
79660,8.838574
79681,8.826846
79702,8.749437
79723,8.707214
79744,8.695485
79765,8.817463
79786,8.812772
79807,8.789314
79828,8.737708
79849,8.702522
79870,8.718943
79891,8.594619
79912,8.629806
79933,8.754128
79954,8.679066
79975,8.629806
79996,8.618076
80017,8.686103
80038,8.500791
80059,8.411653
80080,8.343626
80101,8.141894
80122,8.186462
80143,8.306095
80164,8.221649
80185,8.254489
80206,8.249798
80227,8.256835
80248,8.345972
80269,8.413999
80290,8.540668
80311,8.585237
80332,8.714252
80353,8.878452
80374,8.782278
80395,9.061419
80416,9.143519
80437,9.216236
80458,9.211545
80479,9.427352
80500,9.591553
80521,9.603281
80542,9.699456
80563,9.833163
80584,9.9223
80605,10.04897
80626,10.13342
80647,10.18033
80668,10.24601
80689,10.38675
80710,10.53453
80731,10.54626
80752,10.51342
80773,10.61429
80794,10.57676
80815,10.61664
80836,10.70108
80857,10.62367
80878,10.67528
80899,10.65651
80920,10.71985
80941,10.72454
80962,10.79022
80983,10.76442
81004,10.64478
81025,10.8301
81046,10.82775
81067,10.65651
81088,10.6354
81109,10.74331
81130,10.71046
81151,10.76911
81172,10.64478
81193,10.54392
81214,10.57207
81235,10.5838
81256,10.51342
81277,10.61664
81298,10.65182
81319,10.56268
81340,10.44305
81361,10.55096
81382,10.48762
81403,10.46651
81424,10.39379
81445,10.45009
81466,10.40552
81487,10.5791
81508,10.49466
81529,10.68935
81550,10.72219
81571,10.81837
81592,10.87701
81613,10.91689
81634,10.88639
81655,10.94738
81676,10.89812
81697,10.98022
81718,10.84183
81739,10.84652
81760,10.7996
81781,10.66355
81802,10.54626
81823,10.54392
81844,10.497
81865,10.46416
81886,10.5275
81907,10.4712
81928,10.48528
81949,10.50169
81970,10.55565
81991,10.61194
82012,10.61664
82033,10.68935
82054,10.75738
82075,10.78318
82096,10.72219
82117,10.79022
82138,10.78787
82159,10.78553
82180,10.83713
82201,10.7996
82222,10.76676
82243,10.79491
82264,10.76911
82285,10.74096
82306,10.69404
82327,10.61429
82348,10.50639
82369,10.51577
82390,10.28823
82411,10.24836
82432,10.19675
82453,10.12638
82474,10.02786
82495,10.03724
82516,10.01144
82537,9.854274
82558,9.851928
82579,9.929338
82600,10.10527
82621,10.02317
82642,9.943413
82663,9.929338
82684,10.08181
82705,10.01144
82726,10.08885
82747,10.1123
82768,10.08885
82789,10.10761
82810,10.0865
82831,10.17329
82852,10.18502
82873,10.18033
82894,10.19441
82915,10.06305
82936,10.04897
82957,9.809706
82978,9.753407
82999,9.903535
83020,9.640813
83041,9.554022
83062,9.347597
83083,9.528218
83104,9.453156
83125,9.385129
83146,9.453156
83167,9.321795
83188,9.326486
83209,9.368709
83230,9.371055
83251,9.361671
83272,9.312411
83293,9.535255
83314,9.41797
83335,9.305374
83356,9.331178
83377,9.432044
83398,9.324141
83419,9.326486
83440,9.181051
83461,9.237348
83482,9.169322
83503,9.253768
83524,9.272534
83545,9.152903
83566,9.066111
83587,9.152903
83608,9.162285
83629,9.120062
83650,8.993393
83671,9.096604
83692,9.202163
83713,9.113025
83734,8.932404
83755,9.070802
83776,9.166977
83797,8.976973
83818,8.939441
83839,8.899564
83860,9.012158
83881,9.002776
83902,8.972281
83923,8.871415
83944,9.028579
83965,9.070802
83986,9.052036
84007,9.129445
84028,8.962898
84049,8.988701
84070,9.002776
84091,8.995738
84112,8.979319
84133,9.005121
84154,8.892527
84175,9.403895
84196,9.042653
84217,8.932404
84238,8.869069
84259,8.873761
84280,8.944133
84301,8.862032
84322,8.831537
84343,8.838574
84364,8.93475
84385,8.913638
84406,9.012158
84427,9.052036
84448,8.995738
84469,8.960552
84490,9.056727
84511,9.056727
84532,8.991047
84553,9.01685
84574,9.063765
84595,9.122408
84616,9.181051
84637,9.19278
84658,9.183396
84679,9.143519
84700,9.145865
84721,9.176359
84742,9.30772
84763,9.359325
84784,9.265497
84805,9.30772
84826,9.387475
84847,9.314757
84868,9.235003
84889,9.124753
84910,9.115371
84931,9.157594
84952,9.084876
84973,9.213891
84994,9.136482
85015,9.026234
85036,8.815118
85057,8.528939
85078,9.394512
85099,9.579824
85120,9.699456
85141,9.321795
85162,9.493032
85183,9.181051
85204,9.35698
85225,9.570441
85246,9.676
85267,9.511798
85288,9.474266
85309,9.504761
85330,9.894152
85351,9.48834
85372,9.776865
85393,9.744025
85414,9.840199
85435,9.605627
85456,9.767483
85477,9.786248
85498,9.64785
85519,9.617355
85540,9.781557
85561,9.7581
85582,9.652542
85603,9.694765
85624,9.887115
85645,9.556367
85666,9.591553
85687,9.544639
85708,9.654888
85729,9.666616
85750,9.725259
85771,9.558713
85792,9.629085
85813,9.645505
85834,9.788594
85855,9.781557
85876,9.729951
85897,9.847238
85918,9.722914
85939,9.819089
85960,9.812052
85981,10.00909
86002,10.12872
86023,10.13811
86044,10.117
86065,10.117
86086,10.09823
86107,10.27416
86128,10.34922
86149,10.39614
86170,10.33046
86191,10.34453
86212,10.35626
86233,10.45009
86254,10.51577
86275,10.62836
86296,10.66824
86317,10.71985
86338,10.66824
86359,10.79256
86380,10.78787
86401,10.86294
86422,10.86997
86443,10.71516
86464,10.61429
86485,10.66355
86506,10.64478
86527,10.60725
86548,10.56503
86569,10.51811
86590,10.41959
86611,10.50873
86632,10.52515
86653,10.52281
86674,10.67059
86695,10.64713
86716,10.64244
86737,10.52281
86758,10.48762
86779,10.45009
86800,10.48997
86821,10.43601
86842,10.45244
86863,10.48997
86884,10.56972
86905,10.54861
86926,10.51811
86947,10.46182
86968,10.56972
86989,10.56503
87010,10.55565
87031,10.51108
87052,10.5838
87073,10.52046
87094,10.58614
87115,10.54861
87136,10.62367
87157,10.61429
87178,10.62836
87199,10.57207
87220,10.58849
87241,10.60491
87262,10.78553
87283,10.72219
87304,10.59552
87325,10.50169
87346,10.48058
87367,10.45478
87388,10.47355
87409,10.3891
87430,10.34688
87451,10.31873
87472,10.18502
87493,10.20379
87514,10.12638
87535,10.12638
87556,10.12403
87577,10.10292
87598,10.07008
87619,10.14045
87640,10.20379
87661,10.19675
87682,10.14045
87703,10.10058
87724,10.16156
87745,10.20144
87766,10.22725
87787,10.35157
87808,10.32811
87829,10.29527
87850,10.27416
87871,10.307
87892,10.29058
87913,10.38675
87934,10.43836
87955,10.33046
87976,10.47589
87997,10.3891
88018,10.50169
88039,10.38675
88060,10.33046
88081,10.26008
88102,10.2812
88123,10.34219
88144,10.34922
88165,10.1428
88186,10.14749
88207,10.24601
88228,10.12169
88249,10.18971
88270,10.15453
88291,10.10761
88312,9.999709
88333,9.908226
88354,9.955141
88375,9.79094
88396,9.812052
88417,9.783903
88438,9.786248
88459,9.769828
88480,9.851928
88501,9.732296
88522,9.685382
88543,9.779211
88564,9.776865
88585,9.577478
88606,9.476612
88627,9.530564
88648,9.636122
88669,9.600936
88690,9.394512
88711,9.324141
88732,9.30772
88753,9.295992
88774,9.27488
88795,9.162285
88816,9.19278
88837,9.035616
88858,8.993393
88879,8.995738
88900,9.037962
88921,9.007467
88942,8.930058
88963,9.023888
88984,9.012158
89005,8.90191
89026,9.066111
89047,8.991047
89068,9.03327
89089,8.90191
89110,8.958207
89131,8.986356
89152,8.883143
89173,9.021542
89194,8.958207
89215,8.866723
89236,8.962898
89257,9.014504
89278,9.04969
89299,9.037962
89320,8.986356
89341,9.012158
89362,8.897219
89383,9.061419
89404,8.953515
89425,9.00043
89446,9.005121
89467,9.047344
89488,9.091913
89509,9.007467
89530,8.976973
89551,9.066111
89572,9.087222
89593,9.169322
89614,9.129445
89635,9.157594
89656,9.134136
89677,9.225619
89698,9.281918
89719,9.145865
89740,9.002776
89761,9.120062
89782,9.148211
89803,8.986356
89824,9.012158
89845,9.047344
89866,9.09895
89887,9.005121
89908,8.960552
89929,8.784623
89950,8.913638
89971,8.854995
89992,8.777586
90013,8.84092
90034,8.887836
90055,8.991047
90076,8.918329
90097,8.979319
90118,9.047344
90139,8.974627
90160,8.937096
90181,9.141173
90202,9.030925
90223,9.136482
90244,9.101295
90265,9.246731
90286,9.263151
90307,9.136482
90328,9.333523
90349,9.30772
90370,9.305374
90391,9.195126
90412,9.319448
90433,9.436735
90454,9.382783
90475,9.270188
90496,9.202163
90517,9.249077
90538,9.166977
90559,8.986356
90580,9.152903
90601,9.185742
90622,9.364017
90643,9.105988
90664,9.25846
90685,9.127099
90706,9.354634
90727,9.324141
90748,9.288955
90769,9.342906
90790,9.483649
90811,9.345251
90832,9.464884
90853,9.439081
90874,9.607973
90895,9.751062
90916,9.610318
90937,9.563404
90958,9.79094
90979,9.805015
91000,9.715877
91021,9.884768
91042,9.842546
91063,9.971561
91084,9.950449
91105,10.02317
91126,10.02317
91147,10.08416
91168,10.12403
91189,10.23663
91210,10.22725
91231,10.12403
91252,10.22725
91273,10.21552
91294,10.25539
91315,10.28354
91336,10.40787
91357,10.48528
91378,10.34688
91399,10.49466
91420,10.41725
91441,10.44305
91462,10.46885
91483,10.54392
91504,10.43601
91525,10.45947
91546,10.43367
91567,10.45478
91588,10.48762
91609,10.48058
91630,10.35157
91651,10.21317
91672,10.31404
91693,10.27416
91714,10.16391
91735,10.21083
91756,10.23897
91777,10.23897
91798,10.26008
91819,10.13811
91840,10.15453
91861,10.1991
91882,10.16626
91903,10.17798
91924,10.45009
91945,10.50873
91966,10.52984
91987,10.44071
92008,10.48528
92029,10.55096
92050,10.59083
92071,10.65651
92092,10.71516
92113,10.83479
92134,10.92393
92155,10.90281
92176,10.90985
92197,10.81602
92218,10.72219
92239,10.66121
92260,10.72923
92281,10.76442
92302,10.74565
92323,10.7996
92344,10.78553
92365,10.79256
92386,10.7738
92407,10.80195
92428,10.76911
92449,10.83479
92470,10.77614
92491,10.86528
92512,10.80899
92533,10.88639
92554,10.82071
92575,10.93331
92596,10.78787
92617,10.80899
92638,10.82541
92659,10.89109
92680,10.89812
92701,10.84417
92722,10.73627
92743,10.62133
92764,10.62836
92785,10.59083
92806,10.53453
92827,10.46416
