8829,10.52046
8850,10.50169
8871,10.56268
8892,10.59083
8913,10.56034
8934,10.6354
8955,10.66121
8976,10.6096
8997,10.64713
9018,10.61429
9039,10.67997
9060,10.59787
9081,10.63775
9102,10.61898
9123,10.63306
9144,10.65182
9165,10.60256
9186,10.54392
9207,10.5533
9228,10.60022
9249,10.62133
9270,10.59787
9291,10.5838
9312,10.48762
9333,10.56503
9354,10.51577
9375,10.59083
9396,10.5791
9417,10.60256
9438,10.58614
9459,10.60725
9480,10.62133
9501,10.62133
9522,10.52515
9543,10.48058
9564,10.63306
9585,10.48058
9606,10.46416
9627,10.54861
9648,10.35626
9669,10.53923
9690,10.39614
9711,10.34688
9732,10.34922
9753,10.3633
9774,10.28589
9795,10.28354
9816,10.22021
9837,10.18971
9858,10.12403
9879,10.01144
9900,10.10292
9921,9.971561
9942,10.02551
9963,9.995018
9984,10.03959
10005,9.833163
10026,9.849584
10047,9.887115
10068,9.786248
10089,9.671308
10110,9.605627
10131,9.462538
10152,9.319448
10173,9.24204
10194,9.305374
10215,9.216236
10236,9.052036
10257,9.042653
10278,9.227965
10299,9.204508
10320,9.155248
10341,9.094258
10362,9.24204
10383,9.227965
10404,9.326486
10425,9.314757
10446,9.570441
10467,9.375746
10488,9.401549
10509,9.504761
10530,9.626739
10551,9.629085
10572,9.485995
10593,9.589207
10614,9.568096
10635,9.640813
10656,9.563404
10677,9.589207
10698,9.668962
10719,9.643159
10740,9.66427
10761,9.690074
10782,9.619701
10803,9.633776
10824,9.622047
10845,9.575133
10866,9.495378
10887,9.493032
10908,9.554022
10929,9.387475
10950,9.425007
10971,9.38982
10992,9.279572
11013,9.509453
11034,9.493032
11055,9.349943
11076,9.361671
11097,9.457847
11118,9.385129
11139,9.333523
11160,9.399203
11181,9.399203
11202,9.478958
11223,9.387475
11244,9.425007
11265,9.481303
11286,9.422661
11307,9.50007
11328,9.387475
11349,9.396858
11370,9.450809
11391,9.401549
11412,9.493032
11433,9.474266
11454,9.420315
11475,9.368709
11496,9.354634
11517,9.396858
11539,9.352288
11560,9.422661
11581,9.331178
11602,9.476612
11623,9.298337
11644,9.34056
11665,9.413278
11686,9.471921
11707,9.382783
11728,9.415624
11749,9.448463
11770,9.364017
11791,9.432044
11812,9.507107
11833,9.446118
11854,9.41797
11875,9.328832
11896,9.467229
11917,9.41797
11938,9.347597
11959,9.434389
11980,9.378092
12001,9.427352
12022,9.441426
12043,9.303029
12064,9.310066
12085,9.244386
12106,9.13179
12127,9.141173
12148,9.305374
12169,9.260805
12190,9.197471
12211,9.075493
12232,9.117716
12253,9.157594
12274,9.047344
12295,8.965244
12316,9.014504
12337,8.962898
12358,9.056727
12379,9.073148
12400,9.012158
12421,9.028579
12442,9.080185
12463,9.073148
12484,9.056727
12505,9.169322
12526,9.157594
12547,9.342906
12568,9.354634
12589,9.502416
12610,9.690074
12631,9.605627
12652,9.626739
12673,9.443772
12694,9.518835
12715,9.797977
12736,9.912917
12757,9.997364
12778,10.00909
12799,9.802669
12820,9.699456
12841,9.835509
12862,9.941067
12883,9.652542
12904,9.425007
12925,9.765137
12946,9.941067
12967,9.727605
12988,9.631431
13009,9.469575
13030,9.629085
13051,9.603281
13072,9.375746
13093,9.368709
13114,9.460192
13135,9.511798
13156,9.380438
13177,9.272534
13198,9.279572
13219,9.408587
13240,9.319448
13261,9.066111
13282,9.026234
13303,8.789314
13324,8.756474
13345,8.794006
13366,8.782278
13387,8.852649
13408,8.967589
13429,8.948824
13450,8.904256
13471,8.95117
13492,9.063765
13513,9.113025
13534,9.08253
13555,9.00043
13576,9.035616
13597,9.141173
13618,9.303029
13639,9.450809
13660,9.605627
13681,9.64785
13702,9.678345
13723,9.765137
13744,9.908226
13765,9.98798
13786,10.07477
13807,10.14984
13828,10.14514
13849,10.1686
13870,10.12638
13891,10.15218
13912,10.26947
13933,10.32811
13954,10.34219
13975,10.42429
13996,10.5275
14017,10.5838
14038,10.49935
14059,10.45947
14080,10.47355
14101,10.50873
14122,10.43601
14143,10.45009
14164,10.4712
14185,10.51108
14206,10.47824
14228,10.48058
14249,10.41959
14270,10.40787
14291,10.51342
14312,10.70108
14333,10.90047
14354,11.13035
14375,10.87936
14396,10.81368
14417,10.66824
14438,10.69874
14459,10.55799
14480,10.4712
14501,10.43132
14522,10.46651
14543,10.43836
14564,10.2507
14585,10.30231
14606,10.25539
14627,10.20613
14648,10.32342
14669,10.25539
14690,10.29527
14711,10.32342
14732,10.27181
14753,10.2765
14774,10.30465
14795,10.25305
14816,10.32107
14837,10.40317
14858,10.31404
14879,10.37268
14900,10.307
14921,10.31169
14942,10.29058
14963,10.38441
14984,10.38206
15005,10.44071
15026,10.40317
15047,10.38441
15068,10.26478
15089,10.2249
15110,10.23428
15131,10.0607
15152,9.936375
15173,9.941067
15194,9.685382
15215,9.720568
15236,9.690074
15257,9.586862
15278,9.51649
15299,9.631431
15320,9.638468
15341,9.694765
15362,9.736988
15383,9.880077
15404,9.929338
15425,9.98798
15446,10.01613
15467,10.21083
15488,10.16391
15509,10.3328
15530,10.40787
15551,10.4454
15572,10.49935
15593,10.56738
15614,10.63071
15635,10.62133
15656,10.65182
15677,10.63775
15698,10.7175
15719,10.71046
15740,10.62133
15761,10.748
15782,10.61194
15803,10.57676
15824,10.59083
15845,10.57441
15866,10.49935
15887,10.3328
15908,10.27885
15929,10.21317
15950,10.14514
15971,10.12403
15992,10.04428
16013,10.04428
16034,10.04897
16055,10.13811
16076,10.08416
16097,9.978598
16118,9.863657
16139,9.941067
16160,9.931683
16181,9.671308
16202,9.617355
16223,9.779211
16244,9.699456
16265,9.509453
16286,9.579824
16307,9.636122
16328,9.619701
16349,9.427352
16370,9.462538
16391,9.448463
16412,9.256114
16433,9.319448
16454,9.347597
16475,9.507107
16496,9.084876
16517,9.199817
16538,9.359325
16559,9.157594
16580,9.037962
16601,9.063765
16622,9.298337
16643,9.117716
16664,8.960552
16685,9.199817
16706,9.232656
16727,9.166977
16748,9.047344
16769,9.155248
16790,9.134136
16811,8.958207
16832,8.991047
16853,9.023888
16874,8.908947
16895,8.941787
16916,9.028579
16937,8.847958
16958,8.852649
16979,8.899564
17000,8.854995
17021,8.911292
17042,8.770549
17063,8.72598
17084,8.733017
17105,8.876106
17126,8.7424
17147,8.779932
17168,8.857341
17189,8.815118
17210,8.962898
17231,9.096604
17252,9.263151
17273,9.077839
17294,8.925366
17315,9.091913
17336,9.347597
17357,9.094258
17378,9.265497
17399,9.103642
17420,9.164631
17441,9.251423
17462,9.237348
17483,9.202163
17504,9.195126
17525,9.094258
17546,9.002776
17567,9.136482
17588,8.986356
17609,8.906601
17630,8.786969
17651,8.740054
17672,8.765858
17693,8.648571
17714,8.765858
17735,8.718943
17756,8.718943
17777,8.789314
17798,8.822155
17819,8.747091
17840,8.723634
17861,8.625113
17882,8.697831
17903,8.765858
17924,8.704868
17945,8.683757
17966,8.681411
17987,8.6603
18008,8.754128
18029,8.819809
18050,8.923021
18071,8.906601
18092,8.986356
18113,8.885489
18134,9.007467
18155,8.90191
18176,8.923021
18197,8.941787
18218,8.892527
18239,8.838574
18260,8.733017
18281,8.749437
18302,8.923021
18323,8.843266
18344,8.852649
18365,8.869069
18386,8.993393
18407,9.00043
18428,9.096604
18449,9.34056
18470,9.396858
18491,9.410933
18512,9.610318
18533,9.793285
18554,9.629085
18575,9.683037
18596,9.901189
18617,9.955141
18638,9.903535
18659,9.924646
18680,10.10058
18701,9.999709
18722,10.25305
18743,10.25305
18764,10.39614
18785,10.32811
18806,10.35157
18827,10.37503
18848,10.23194
18869,10.46416
18890,10.23428
18911,10.41725
18932,10.43132
18953,10.20848
18974,10.26712
18995,10.16626
19016,10.07946
19037,10.01144
19058,10.0865
19079,10.01613
19100,9.917608
19121,9.936375
19142,9.739333
19163,9.823779
19184,9.880077
19205,9.762791
19226,9.600936
19247,9.556367
19268,9.687728
19289,9.643159
19310,9.699456
19331,9.612664
19352,9.786248
19373,9.61501
19394,9.546985
19415,9.575133
19436,9.478958
19457,9.457847
19478,9.396858
19499,9.591553
19520,9.575133
19541,9.267843
19562,9.413278
19584,9.58217
19606,9.600936
19627,9.54933
19648,9.354634
19669,9.378092
19690,9.41797
19711,9.66427
19732,9.793285
19753,9.772174
19774,9.666616
19795,9.786248
19816,9.962177
19837,9.9223
19858,10.01378
19879,10.09354
19900,10.29527
19921,10.17329
19942,10.15218
19963,10.14045
19984,10.02082
20005,10.09354
20026,10.10996
20047,10.16391
20068,10.19206
20089,10.07477
20110,10.03724
20131,10.00206
20152,10.04897
20173,10.15453
20194,10.1686
20215,10.15218
20236,10.1686
20257,10.07712
20278,10.15453
20299,10.17564
20320,10.25774
20341,10.20613
20362,10.23194
20383,10.20379
20404,10.19441
20425,10.2507
20446,10.30465
20467,10.39379
20488,10.43132
20509,10.44774
20530,10.44071
20551,10.50873
20572,10.50639
20593,10.52281
20614,10.42429
20635,10.37737
20656,10.36564
20677,10.39614
20698,10.24601
20719,10.18033
20740,10.07243
20761,9.941067
20782,9.941067
20803,10.00675
20824,10.05366
20845,10.1123
20866,10.09823
20887,10.04662
20908,10.07712
20929,10.04193
20950,10.07008
20971,10.13576
20992,10.24836
21013,10.21552
21034,10.2507
21055,10.27416
21076,10.24836
21097,10.20613
21118,10.23663
21139,10.31169
21160,10.41256
21181,10.50639
21202,10.45947
21223,10.42663
21244,10.30935
21265,10.3891
21286,10.2765
21307,10.29527
21328,10.40787
21349,10.21552
21370,10.28354
21391,10.14749
21412,10.16391
21433,10.10292
21454,10.01848
21475,9.98329
21496,10.01144
21517,10.01848
21538,9.985635
21559,10.02786
21580,10.09119
21601,10.01848
21622,9.98329
21643,10.08885
21664,10.16626
21685,10.16391
21706,10.17329
21727,10.09588
21748,10.23194
21769,10.26947
21790,10.30231
21811,10.49935
21832,10.54861
21853,10.43367
21874,10.34922
21895,10.54157
21916,10.51108
21937,10.44071
21958,10.59318
21979,10.5838
22000,10.50169
22021,10.42898
22042,10.41021
22063,10.37972
22084,10.0865
22105,10.02551
22126,10.07477
22147,9.917608
22168,9.755754
22189,9.645505
22210,9.734642
22231,9.572787
22252,9.333523
22273,9.237348
22294,9.446118
22315,9.371055
22336,9.166977
22357,9.113025
22378,9.195126
22399,9.27488
22420,9.108333
22441,9.15994
22462,9.216236
22483,9.138828
22504,8.967589
22525,9.181051
22546,9.223273
22567,8.995738
22588,9.021542
22609,9.028579
22630,8.991047
22651,8.925366
22672,8.833883
22693,8.892527
22714,8.805735
22735,8.859686
22756,8.819809
22777,8.836229
22798,8.838574
22819,8.869069
22840,8.836229
22861,8.864378
22882,8.751783
22903,8.826846
22924,9.023888
22945,8.878452
22966,8.90191
22987,8.93475
23008,8.904256
23029,8.948824
23050,9.012158
23071,8.976973
23092,8.890181
23113,8.869069
23134,8.885489
23155,9.059073
23176,8.979319
23197,8.939441
23218,8.84092
23239,8.845612
23260,8.953515
23281,9.035616
23302,9.037962
23323,8.941787
23344,8.995738
23365,9.066111
23386,9.152903
23407,9.204508
23428,9.073148
23449,9.037962
23470,9.014504
23491,9.00043
23512,9.044999
23533,9.101295
23554,9.056727
23575,9.021542
23596,9.089567
23617,9.204508
23638,9.075493
23659,9.148211
23680,9.040307
23701,9.087222
23722,9.152903
23743,9.035616
23764,9.047344
23785,9.103642
23806,9.007467
23827,8.967589
23848,8.937096
23869,8.831537
23890,8.747091
23911,8.772895
23932,8.608693
23953,8.810426
23974,8.730671
23995,8.733017
24016,8.876106
24037,8.723634
24058,8.740054
24079,8.833883
24100,8.862032
24121,8.761166
24142,9.080185
24163,9.220928
24184,9.169322
24205,9.211545
24226,9.366363
24247,9.441426
24268,9.408587
24289,9.572787
24310,9.748716
24331,9.732296
24352,9.708839
24373,9.760445
24394,9.884768
24415,9.877731
24436,9.915263
24457,9.779211
24478,9.990326
24499,10.01378
24520,9.891806
24541,9.694765
24562,9.645505
24583,9.891806
24604,9.828471
24625,9.748716
24646,9.722914
24667,9.800323
24688,9.744025
24709,9.819089
24730,9.706493
24751,9.631431
24772,9.729951
24793,9.772174
24814,9.823779
24835,9.666616
24856,9.762791
24877,9.826125
24898,9.748716
24919,9.687728
24940,9.671308
24961,9.744025
24982,9.704147
25003,9.812052
25024,9.793285
25045,9.826125
25066,9.957487
25087,9.959831
25108,9.833163
25129,9.938721
25150,10.03724
25171,10.02551
25192,10.06773
25213,10.10527
25234,10.04428
25255,10.17329
25276,10.1123
25297,10.03724
25318,9.969215
25339,10.05132
25360,9.990326
25381,10.18971
25402,10.20848
25423,10.06773
25444,10.15218
25465,10.05366
25486,10.09354
25507,10.02317
25528,10.10527
25549,10.07477
25570,10.17564
25591,10.21083
25612,10.21317
25633,10.23663
25654,10.1428
25675,10.13576
25696,10.12638
25717,10.13107
25738,10.08885
25759,10.2812
25780,10.27416
25801,10.17095
25822,10.09119
25843,10.07243
25864,10.14045
25885,10.15687
25906,10.09354
25927,10.07008
25948,10.07712
25969,9.997364
25990,10.07712
26011,10.09588
26032,10.1428
26053,10.11934
26074,10.25774
26095,10.27416
26116,10.307
26137,10.25539
26158,10.2812
26179,10.26008
26200,10.32811
26221,10.33515
26242,10.33749
26263,10.27181
26284,10.19206
26305,10.1991
26326,10.16391
26347,10.07477
26368,10.14045
26389,10.07946
26410,10.14749
26431,10.04662
26452,10.05366
26473,10.13576
26494,10.09354
26515,10.1428
26536,10.14514
26557,10.18502
26578,10.20848
26599,10.12403
26620,10.14514
26641,10.16391
26662,10.20613
26683,10.28589
26704,10.33046
26725,10.25774
26746,10.24132
26767,10.27181
26788,10.29292
26809,10.28589
26830,10.3328
26851,10.32342
26872,10.38206
26893,10.34453
26914,10.32811
26935,10.2507
26956,10.33749
26977,10.07946
26998,10.14984
27019,10.07243
27040,10.15687
27061,10.08181
27082,10.00675
27103,10.0302
27124,9.945757
27145,10.03255
27166,9.955141
27187,10.10527
27208,10.09354
27229,9.999709
27250,10.11465
27271,10.13811
27292,10.23663
27313,10.16626
27334,10.307
27355,10.33749
27376,10.36095
27397,10.46416
27418,10.48762
27439,10.45947
27460,10.45713
27481,10.55565
27502,10.43367
27523,10.52046
27544,10.45478
27565,10.49935
27586,10.47824
27607,10.41725
27628,10.40083
27649,10.42898
27670,10.41959
27691,10.34688
27712,10.42194
27733,10.37268
27754,10.13342
27775,10.05132
27796,10.29292
27817,10.29762
27838,10.16156
27859,10.15922
27880,10.10527
27901,10.1686
27922,10.18737
27943,10.21083
27964,10.1686
27985,10.06305
28006,10.1428
28027,10.0865
28048,9.875386
28069,9.751062
28090,9.957487
28111,9.7581
28132,9.497724
28153,9.490686
28174,9.711185
28195,9.528218
28216,9.392166
28237,9.396858
28258,9.471921
28279,9.281918
28300,9.188088
28321,9.284263
28342,9.253768
28363,9.026234
28384,9.077839
28405,9.122408
28426,8.979319
28447,8.728326
28468,8.925366
28489,8.880798
28510,8.920675
28531,8.716597
28552,8.632151
28573,8.829192
28594,8.95117
28615,8.911292
28636,8.953515
28657,9.023888
28678,8.979319
28699,9.061419
28720,9.052036
28741,9.040307
28762,9.00043
28783,9.023888
28804,8.979319
28825,8.986356
28846,9.00043
28867,8.93475
28888,8.986356
28909,9.019196
28930,9.00043
28951,9.03327
28972,9.080185
28993,8.98401
29014,9.04969
29035,9.023888
29056,9.070802
29077,9.047344
29098,8.98401
29119,9.005121
29140,9.08253
29161,9.019196
29182,9.143519
29203,9.253768
29224,9.19278
29245,9.249077
29266,9.24204
29287,9.333523
29308,9.375746
29329,9.349943
29350,9.38982
29371,9.41797
29392,9.2913
29413,9.244386
29434,9.223273
29455,9.162285
29476,9.04969
29497,8.979319
29518,8.911292
29539,8.946478
29560,8.993393
29581,8.955861
29602,8.923021
29623,8.986356
29644,9.091913
29665,8.972281
29686,9.005121
29707,8.995738
29728,9.103642
29749,9.115371
29770,9.113025
29791,9.113025
29812,9.127099
29833,9.136482
29854,9.213891
29875,9.310066
29896,9.23031
29917,9.211545
29938,9.265497
29959,9.286609
29980,9.300683
30001,9.246731
30022,9.347597
30043,9.298337
30064,9.183396
30085,9.235003
30106,9.089567
30127,8.845612
30148,8.838574
30169,8.765858
30190,8.72598
30211,8.606348
30232,8.695485
30253,8.704868
30274,8.545359
30295,8.423381
30316,8.596965
30338,8.632151
30361,8.662645
30382,8.632151
30403,8.695485
30424,8.808081
30445,8.981664
30466,9.127099
30487,9.091913
30508,9.120062
30529,9.171668
30550,9.410933
30571,9.359325
30592,9.394512
30613,9.448463
30634,9.422661
30655,9.483649
30676,9.511798
30697,9.605627
30718,9.617355
30739,9.711185
30760,9.678345
30781,9.708839
30802,9.74637
30823,9.772174
30844,9.699456
30865,9.884768
30886,9.870694
30907,9.781557
30928,9.74637
30949,9.861312
30970,9.924646
30991,9.980944
31012,9.870694
31033,9.877731
31054,9.966869
31075,9.973906
31096,9.957487
31117,9.980944
31138,10.13811
31159,9.985635
31181,9.992672
31202,10.04662
31223,10.06305
31244,9.931683
31265,10.04662
31286,10.12403
31307,10.06539
31328,10.08885
31349,10.15453
31370,10.15687
31391,10.21083
31412,10.13811
31433,10.17095
31454,10.17798
31475,10.11934
31496,10.14749
31517,10.09354
31538,10.0302
31559,9.980944
31580,10.06305
31601,10.0302
31622,10.00909
31643,9.957487
31664,10.01848
31685,10.12872
31706,9.861312
31727,9.910572
31748,9.903535
31769,9.945757
31790,9.952795
31811,9.992672
31832,9.98329
31853,9.936375
31874,10.12638
31895,9.931683
31916,10.00909
31937,9.997364
31958,9.887115
31979,9.978598
32000,9.875386
32021,9.917608
32042,9.980944
32063,9.973906
32084,9.934029
32105,10.02786
32126,10.01144
32147,9.948103
32168,10.0044
32189,10.03489
32210,10.11465
32231,10.04897
32252,10.14984
32273,10.16156
32294,10.12403
32315,10.17564
32336,10.25774
32357,10.29527
32378,10.3891
32399,10.45244
32420,10.43132
32441,10.5791
32462,10.63306
32483,10.56738
32504,10.56972
32525,10.4149
32546,10.48293
32567,10.42898
32588,10.40317
32609,10.39848
32630,10.35157
32651,10.36799
32672,10.29762
32693,10.26008
32714,10.29762
32735,10.35157
32756,10.37503
32777,10.42663
32798,10.43132
32819,10.45947
32840,10.42194
32861,10.50873
32882,10.5838
32903,10.59083
32924,10.45244
32945,10.47355
32966,10.73392
32987,10.56268
33008,10.48293
33029,10.50873
33050,10.48528
33071,10.47589
33092,10.49466
33113,10.50404
33134,10.50404
33155,10.40083
33176,10.40317
33197,10.29292
33218,10.25305
33239,10.31638
33260,10.17798
33281,10.04428
33302,10.02317
33323,10.04193
33344,9.931683
33365,9.901189
33386,9.955141
33407,9.823779
33428,9.821435
33449,9.760445
33470,9.882422
33491,9.842546
33512,9.793285
33533,9.936375
33554,9.891806
33575,9.861312
33596,9.964523
33617,10.06773
33638,10.1123
33659,10.07243
33680,10.12638
33701,10.14045
33722,10.22725
33743,10.2765
33764,10.36095
33785,10.28589
33806,10.30935
33827,10.3891
33848,10.41021
33869,10.46885
33890,10.5275
33911,10.54861
33932,10.46416
33953,10.39848
33974,10.38675
33995,10.32342
34016,10.31638
34037,10.14514
34058,9.959831
34079,9.985635
34100,9.828471
34121,9.741679
34142,9.718222
34163,9.650196
34184,9.528218
34205,9.556367
34226,9.558713
34247,9.554022
34268,9.38982
34289,9.410933
34310,9.413278
34331,9.345251
34352,9.380438
34373,9.295992
34394,9.321795
34415,9.359325
34436,9.141173
34457,9.134136
34478,9.331178
34499,9.227965
34520,9.094258
34541,9.13179
34562,8.993393
34583,9.108333
34604,9.211545
34625,9.171668
34646,8.988701
34667,9.063765
34688,9.155248
34709,9.178705
34730,8.911292
34751,8.998084
34772,9.174014
34793,9.122408
34814,8.981664
34835,9.103642
34856,9.199817
34877,9.152903
34898,9.091913
34919,9.028579
34940,9.206854
34961,9.169322
34982,9.286609
35003,9.305374
35024,9.272534
35045,9.352288
35066,9.281918
35087,9.293646
35108,9.324141
35129,9.450809
35150,9.387475
35171,9.345251
35192,9.392166
35213,9.439081
35234,9.436735
35255,9.385129
35276,9.352288
35297,9.317103
35318,9.401549
35339,9.448463
35360,9.509453
35381,9.312411
35402,9.333523
35423,9.467229
35444,9.502416
35465,9.485995
35486,9.471921
35507,9.434389
35528,9.474266
35549,9.570441
35570,9.54933
35591,9.474266
35612,9.462538
35633,9.579824
35654,9.56575
35675,9.504761
35696,9.394512
35717,9.284263
35738,9.293646
35759,9.371055
35780,9.312411
35801,9.244386
35822,9.134136
35843,9.136482
35864,9.162285
35885,9.13179
35906,9.089567
35927,9.091913
35948,9.037962
35969,9.113025
35990,9.084876
36011,9.042653
36032,9.026234
36053,8.988701
36074,9.021542
36095,9.077839
36116,8.967589
36137,8.927712
36158,8.95117
36179,8.974627
36200,8.930058
36221,8.939441
36242,8.965244
36263,8.976973
36284,8.883143
36305,8.976973
36326,8.786969
36347,8.866723
36368,8.812772
36389,8.744746
36410,8.681411
36431,8.585237
36452,8.608693
36473,8.69314
36494,8.514865
36515,8.557088
36536,8.493753
36557,8.507828
36578,8.503136
36599,8.507828
36620,8.756474
36641,8.808081
36662,8.847958
36683,8.908947
36704,9.063765
36725,9.23031
36746,9.288955
36767,9.361671
36788,9.483649
36809,9.671308
36830,9.779211
36851,9.887115
36872,9.962177
36893,10.00675
36914,10.09823
36935,10.10527
36956,10.26478
36977,10.33984
36998,10.34219
37019,10.26947
37040,10.19206
37061,10.42663
37082,10.49466
37103,10.2812
37124,10.13342
37145,10.23428
37166,10.09588
37187,10.19206
37208,10.23194
37229,10.18502
37250,10.02317
37271,10.06539
37292,10.02317
37313,10.16626
37334,10.25539
37355,10.13811
37376,10.00206
37397,9.985635
37418,10.15453
37439,10.30935
37460,10.28589
37481,10.17564
37502,10.14749
37523,10.14514
37544,10.18737
37565,10.24366
37586,10.19675
37607,10.19206
37628,10.15453
37649,10.23897
37670,10.307
37691,10.27885
37712,10.27416
37733,10.18737
37754,10.1123
37775,10.11934
37796,10.13107
37817,10.17095
37838,10.14514
37859,10.10058
37880,10.13107
37901,10.00675
37922,9.999709
37943,9.926992
37964,10.01848
37985,10.0865
38006,10.08181
38027,10.13107
38048,10.15218
38069,10.24132
38090,10.4149
38111,10.35157
38132,10.3891
38153,10.46885
38174,10.41959
38195,10.51811
38216,10.46885
38237,10.51577
38258,10.47589
38279,10.37268
38300,10.41725
38321,10.40083
38342,10.31873
38363,10.42429
38384,10.35626
38405,10.43132
38426,10.53923
38447,10.48528
38468,10.54626
38489,10.5275
38510,10.56503
38531,10.78084
38552,10.78553
38573,10.83948
38594,11.06701
38615,10.84183
38636,10.79256
38657,10.66355
38678,10.72688
38699,10.85355
38720,10.92393
38741,11.02245
38762,11.23356
38783,11.1327
38804,11.03652
38825,10.91923
38846,10.73861
38867,10.58145
38888,10.44071
38909,10.29996
38930,10.82071
38951,10.02317
38972,10.12169
38993,9.969215
39014,10.117
39035,10.04193
39056,10.06539
39077,9.898843
39098,10.01144
39119,10.11934
39140,10.22725
39161,10.40083
39182,10.58849
39203,10.82775
39224,10.61664
39245,10.54626
39266,10.88405
39287,10.6917
39308,10.88639
39329,10.99195
39350,11.0201
39371,11.05529
39392,10.78084
39413,10.71985
39434,10.80664
39455,10.54392
39476,10.37033
39497,10.36095
39518,10.25305
39539,10.11465
39560,10.14045
39581,9.85662
39602,9.844892
39623,9.870694
39644,9.781557
39665,9.701802
39686,9.7581
39707,9.657233
39728,9.661925
39749,9.586862
39770,9.708839
39791,9.570441
39812,9.50007
39833,9.420315
39854,9.403895
39875,9.380438
39896,9.246731
39917,9.23031
39938,9.237348
39959,8.960552
39980,8.885489
40001,8.962898
40022,8.864378
40043,8.786969
40064,8.730671
40085,8.350664
40106,8.524248
40127,8.667336
40148,8.45153
40169,8.561779
40190,8.413999
40211,8.496099
40232,8.538322
40253,8.526593
40274,8.505482
40295,8.747091
40316,8.869069
40337,8.655608
40358,8.674374
40379,8.836229
40400,8.920675
40421,8.803389
40442,8.819809
40463,8.763512
40484,8.812772
40505,8.747091
40526,8.838574
40547,8.765858
40568,8.794006
40589,8.740054
40610,8.852649
40631,8.866723
40652,8.962898
40673,8.955861
40694,9.01685
40715,9.091913
40736,8.979319
40757,9.03327
40778,9.13179
40799,9.120062
40820,8.941787
40841,9.021542
40862,9.124753
40883,9.080185
40904,9.2092
40925,9.105988
40946,9.136482
40967,9.164631
40988,9.237348
41009,9.199817
41030,9.314757
41051,9.284263
41072,9.432044
41093,9.361671
41114,9.321795
41135,9.195126
41156,9.110679
41177,9.148211
41198,8.958207
41219,8.815118
41240,8.754128
41261,8.749437
41282,8.702522
41303,8.557088
41324,8.456222
41345,8.493753
41366,8.477333
41387,8.486716
41408,8.580544
41429,8.526593
41450,8.482024
41471,8.463259
41492,8.496099
41513,8.463259
41534,8.505482
41555,8.554742
41576,8.580544
41597,8.512519
41618,8.409307
41639,8.432764
41660,8.458567
41681,8.353009
41702,8.43511
41723,8.374122
41744,8.40227
41765,8.56647
41786,8.592274
41807,8.521902
41828,8.364738
41849,8.409307
41870,8.528939
41891,8.477333
41912,8.329552
41933,8.390541
41954,8.493753
41975,8.376467
41996,8.56647
42017,8.625113
42038,8.897219
42059,9.023888
42080,9.227965
42101,9.373401
42122,9.436735
42143,9.666616
42164,9.767483
42185,9.870694
42206,9.959831
42227,9.985635
42248,10.25539
42269,10.3891
42290,10.47824
42311,10.21786
42332,10.10996
42353,10.16391
42374,10.24366
42395,10.49935
42416,10.59787
42437,10.39614
42458,10.28354
42479,10.38675
42500,10.41959
42521,10.44071
42542,10.27416
42563,10.06773
42584,10.04428
42605,10.18971
42626,10.07712
42647,9.800323
42668,9.781557
42689,9.640813
42710,9.645505
42731,9.652542
42752,9.521181
42773,9.263151
42794,9.270188
42815,9.312411
42836,9.455501
42857,9.579824
42878,9.396858
42899,9.35698
42920,9.50007
42941,9.50007
42962,9.460192
42983,9.441426
43004,9.35698
43025,9.317103
43046,9.422661
43067,9.216236
43088,9.256114
43109,9.24204
43130,9.328832
43151,9.225619
43172,9.148211
43193,9.157594
43214,9.15994
43235,9.152903
43256,9.195126
43277,9.183396
43298,9.206854
43319,9.197471
43340,9.211545
43361,9.23031
43382,9.331178
43403,9.380438
43424,9.324141
43445,9.455501
43466,9.41797
43487,9.415624
43508,9.539948
43529,9.772174
43550,9.903535
43571,9.753407
43592,9.910572
43613,10.30231
43634,10.34688
43655,9.77452
43676,9.948103
43697,9.783903
43718,9.61501
43739,9.720568
43760,9.572787
43781,9.525873
43802,9.64785
43823,9.554022
43844,9.706493
43865,9.7581
43886,9.79094
43907,9.847238
43928,9.952795
43949,9.98329
43970,9.926992
43991,10.02551
44012,10.02082
44033,10.03959
44054,10.04193
44075,10.13811
44096,10.11934
44117,10.21552
44138,10.23897
44159,10.29762
44180,10.35626
44201,10.4454
44222,10.63071
44243,10.72923
44264,10.69639
44285,10.61429
44306,10.66355
44327,10.47589
44348,10.35626
44369,10.2249
44390,10.13811
44411,9.941067
44432,9.765137
44453,9.713531
44474,9.61501
44495,9.607973
44516,9.464884
44537,9.558713
44558,9.596244
44579,9.546985
44600,9.720568
44621,9.741679
44642,9.849584
44663,9.868348
44684,9.934029
44705,10.08181
44726,10.13107
44747,10.16156
44768,10.2249
44789,10.22021
44810,10.24836
44831,10.26947
44852,10.35391
44873,10.3328
44894,10.29996
44915,10.26008
44936,10.26008
44957,10.18268
44978,10.09119
44999,9.943413
45020,9.9223
45041,9.74637
45062,9.546985
45083,9.539948
45104,9.521181
45125,9.35698
45146,9.382783
45167,9.345251
45188,9.310066
45209,9.25846
45230,9.070802
45251,9.277225
45272,9.218582
45293,9.277225
45314,9.253768
45335,9.263151
45356,9.368709
45377,9.493032
45398,9.425007
45419,9.502416
45440,9.584516
45461,9.676
45482,9.666616
45503,9.624393
45524,9.673654
45545,9.600936
45566,9.708839
45587,9.870694
45608,9.680691
45629,9.530564
45650,9.643159
45671,9.748716
45692,9.525873
45713,9.507107
45734,9.561059
45755,9.51649
45776,9.40624
45797,9.476612
45818,9.474266
45839,9.288955
45860,9.27488
45881,9.347597
45902,9.328832
45923,9.38982
45944,9.312411
45965,9.40624
45986,9.272534
46007,9.288955
46028,9.413278
46049,9.511798
46070,9.542293
46091,9.324141
46112,9.474266
46133,9.544639
46154,9.460192
46175,9.425007
46196,9.373401
46217,9.474266
46238,9.396858
46259,9.385129
46280,9.326486
46301,9.401549
46322,9.371055
46343,9.342906
46364,9.328832
46385,9.467229
46406,9.638468
46427,9.483649
46448,9.317103
46469,9.317103
46490,9.432044
46511,9.303029
46532,9.349943
46553,9.467229
46574,9.429698
46595,9.413278
46616,9.352288
46637,9.380438
46658,9.446118
46679,9.53291
46700,9.48834
46721,9.352288
46742,9.38982
46763,9.349943
46784,9.474266
46805,9.422661
46826,9.368709
46847,9.366363
46868,9.354634
46889,9.24204
46910,9.279572
46931,9.223273
46952,9.124753
46973,9.070802
46994,9.176359
47015,9.113025
47036,9.162285
47057,9.197471
47078,9.19278
47099,9.13179
47120,9.096604
47141,9.04969
47162,9.068456
47183,8.986356
47204,8.911292
47225,8.939441
47246,9.01685
47267,9.056727
47288,8.911292
47309,8.995738
47330,8.93475
47351,8.859686
47372,8.932404
47393,8.988701
47414,9.054381
47435,9.094258
47456,9.066111
47477,9.073148
47498,9.108333
47519,9.143519
47540,8.995738
47561,8.744746
47582,8.756474
47603,8.786969
47624,8.690794
47645,8.620422
47666,8.381159
47687,8.482024
47708,8.496099
47729,8.45153
47750,8.479678
47771,8.439801
47792,8.507828
47813,8.728326
47834,8.852649
47855,8.850304
47876,8.786969
47897,8.953515
47918,9.094258
47939,9.211545
47960,9.251423
47981,9.317103
48002,9.375746
48023,9.48834
48044,9.617355
48065,9.671308
48086,9.769828
48107,9.736988
48128,9.654888
48149,9.802669
48170,9.861312
48191,9.903535
48212,9.715877
48233,9.619701
48254,9.64785
48275,9.636122
48296,9.509453
48317,9.551676
48338,9.694765
48359,9.617355
48380,9.481303
48401,9.535255
48422,9.551676
48443,9.586862
48464,9.596244
48485,9.584516
48506,9.64785
48527,9.51649
48548,9.561059
48569,9.607973
48590,9.776865
48611,9.837853
48632,9.570441
48653,9.671308
48674,9.966869
48695,9.894152
48716,9.58217
48737,9.661925
48758,9.926992
48779,9.851928
48800,9.683037
48821,9.910572
48842,9.840199
48863,9.795631
48884,9.898843
48905,9.837853
48926,9.654888
48947,9.736988
48968,9.727605
48989,9.504761
49010,9.378092
49031,9.483649
49052,9.485995
49073,9.378092
49094,9.176359
49115,9.077839
49136,8.918329
49157,8.988701
49178,9.213891
49199,9.155248
49220,9.066111
49241,9.00043
49262,8.90191
49283,8.852649
49304,9.002776
49325,9.15994
49346,9.075493
49367,8.969935
49388,9.08253
49409,9.176359
49430,9.277225
49451,9.436735
49472,9.427352
49493,9.40624
49514,9.425007
49535,9.319448
49556,9.683037
49577,9.551676
49598,9.591553
49619,9.495378
49640,9.521181
49661,9.659579
49682,9.629085
49703,9.636122
49724,9.708839
49745,9.666616
49766,9.835509
49787,9.938721
49808,9.788594
49829,9.826125
49850,10.09119
49871,10.01378
49892,10.04428
49913,10.28354
49934,10.56503
49955,10.34453
49976,10.61194
49997,10.43601
50018,10.58614
50039,10.34688
50060,10.36799
50081,10.37972
50102,10.30935
50123,10.30935
50144,10.2507
50165,10.25774
50186,10.40317
50207,10.37972
50228,10.33515
50249,10.38206
50270,10.29058
50291,10.48762
50312,10.48528
50333,10.43367
50354,10.36095
50375,10.45244
50396,10.50639
50417,10.58614
50438,10.62836
50459,10.67059
50480,10.67059
50501,10.65417
50522,10.72923
50543,10.79256
50564,10.93565
50585,10.8817
50606,10.84417
50627,10.98961
50648,11.01306
50669,10.89109
50690,10.86059
50711,10.90047
50732,10.75503
50753,10.6354
50774,10.62602
50795,10.57207
50816,10.57207
50837,10.51108
50858,10.47589
50879,10.45478
50900,10.42429
50921,10.48293
50942,10.41959
50963,10.4149
50984,10.39379
51005,10.42663
51026,10.47824
51047,10.61429
51068,10.59083
51089,10.68466
51110,10.72219
51131,10.6917
51152,10.64009
51173,10.68701
51194,10.75972
51215,10.7996
51236,10.80664
51257,10.69639
51278,10.61898
51299,10.61664
51320,10.56738
51341,10.43601
51362,10.34922
51383,10.17564
51404,10.12403
51425,10.07712
51446,10.00909
51467,10.08885
51488,9.943413
51509,9.901189
51530,9.887115
51551,9.842546
51572,9.849584
51593,9.9223
51614,10.01378
51635,10.01613
51656,9.995018
51677,9.98798
51698,9.997364
51719,9.98329
51740,10.08181
51761,10.02551
51782,9.969215
51803,9.887115
51824,9.80736
51848,9.896498
51873,9.894152
51894,9.690074
51915,9.61501
51937,9.556367
51958,9.530564
51979,9.539948
52000,9.422661
52021,9.326486
52042,9.188088
52063,9.286609
52084,9.328832
52105,9.270188
52126,9.256114
52147,9.284263
52168,9.225619
52189,9.27488
52210,9.328832
52231,9.359325
52252,9.279572
52273,9.317103
52294,9.378092
52315,9.38982
52336,9.387475
52357,9.439081
52378,9.485995
52399,9.483649
52420,9.359325
52441,9.354634
52462,9.401549
52483,9.432044
52504,9.35698
52525,9.399203
52546,9.366363
52567,9.380438
52588,9.399203
52609,9.305374
52630,9.27488
52651,9.265497
52672,9.281918
52693,9.321795
52714,9.354634
52735,9.223273
52756,9.044999
52777,9.164631
52798,9.206854
52819,9.162285
52840,9.09895
52861,9.068456
52882,9.063765
52903,9.063765
52924,9.211545
52945,9.24204
52966,9.174014
52987,9.244386
53008,9.347597
53029,9.40624
53050,9.359325
53071,9.373401
53092,9.375746
53113,9.387475
53134,9.326486
53155,9.265497
53176,9.265497
53197,9.281918
53218,9.310066
53239,9.152903
53260,9.13179
53281,9.211545
53302,9.199817
53323,9.246731
53344,9.202163
53365,9.174014
53386,9.246731
53407,9.239694
53428,9.204508
53449,9.211545
53470,9.244386
53491,9.237348
53513,9.25846
53534,9.27488
53555,9.225619
53576,9.288955
53597,9.300683
53618,9.2913
53639,9.24204
53660,9.338214
53681,9.24204
53702,9.335869
53723,9.246731
53744,9.368709
53765,9.267843
53786,9.199817
53807,9.166977
53828,9.077839
53849,9.09895
53870,8.969935
53891,9.030925
53912,9.028579
53933,9.012158
53954,9.063765
53975,8.932404
53996,8.714252
54017,8.819809
54038,9.01685
54059,9.026234
54080,9.066111
54101,8.906601
54122,9.042653
54143,9.101295
54164,9.120062
54185,9.023888
54206,8.904256
54227,9.075493
54248,9.251423
54269,9.354634
54290,9.464884
54311,9.528218
54332,9.584516
54353,9.603281
54374,9.645505
54395,9.607973
54416,9.762791
54437,9.722914
54458,9.781557
54479,9.748716
54500,9.826125
54521,9.718222
54542,9.507107
54563,9.464884
54584,9.48834
54605,9.544639
54626,9.415624
54647,9.528218
54668,9.48834
54689,9.511798
54710,9.382783
54731,9.40624
54752,9.542293
54773,9.481303
54794,9.464884
54815,9.563404
54836,9.66427
54857,9.558713
54878,9.50007
54899,9.725259
54920,9.718222
54941,9.866002
54962,9.783903
54983,9.755754
55004,9.528218
55025,9.739333
55046,9.980944
55067,9.842546
55088,9.772174
55109,9.889461
55130,9.814397
55151,9.762791
55172,9.844892
55193,9.915263
55214,9.917608
55235,9.722914
55256,9.793285
55277,9.79094
55298,9.934029
55319,9.889461
55340,9.891806
55361,9.821435
55382,9.727605
55403,9.678345
55424,9.751062
55445,9.7581
55466,9.58217
55487,9.619701
55508,9.680691
55529,9.697111
55550,9.894152
55571,9.938721
55592,9.720568
55613,9.755754
55634,9.896498
55655,9.884768
55676,9.851928
55697,9.884768
55718,9.898843
55739,9.896498
55760,9.814397
55781,9.891806
55802,9.957487
55823,9.959831
55844,9.908226
55865,9.854274
55886,9.908226
55907,9.863657
55928,9.833163
55949,9.828471
55970,9.934029
55991,9.898843
56012,9.844892
56033,9.896498
56054,9.891806
56075,9.715877
56096,9.858966
56117,9.950449
56138,9.849584
56159,9.992672
56180,9.943413
56201,9.955141
56222,10.07477
56243,9.941067
56264,9.969215
56285,9.948103
56306,10.09119
56327,10.10761
56348,10.0044
56369,10.02317
56390,9.966869
56411,10.00675
56432,10.03959
56453,10.02082
56474,10.00909
56495,10.06773
56516,10.09588
56537,10.13107
56558,10.06305
56579,10.11934
56600,10.13811
56621,10.17564
56642,10.18033
56663,10.17798
56684,10.14984
56705,10.20379
56726,10.19441
56747,10.24601
56768,10.20613
56789,10.29762
56810,10.37737
56831,10.38675
56852,10.41256
56873,10.37033
56894,10.55096
56915,10.51108
56936,10.45009
56957,10.46416
56978,10.39379
56999,10.48997
57020,10.50639
57041,10.35157
57062,10.34922
57083,10.28354
57104,10.21083
57125,10.18033
57146,10.19441
57167,10.17095
57188,10.14749
57209,10.12638
57230,10.17329
57251,10.28354
57272,10.32342
57293,10.35626
57314,10.35157
57335,10.29292
57356,10.20848
57377,10.22021
57398,10.22725
57419,10.30465
57440,10.33749
57461,10.34453
57482,10.41256
57503,10.41021
57524,10.27416
57545,10.27181
57566,10.36095
57587,10.30465
57608,10.28354
57629,10.26947
57650,10.33046
57671,10.1686
57692,10.20613
57713,10.19441
57734,10.18971
57755,10.1686
57776,10.07712
57797,10.02551
57818,10.04193
57839,9.990326
57860,10.03959
57881,9.98798
57902,9.992672
57923,10.0302
57944,10.03724
57965,10.1123
57986,10.22255
58007,10.14045
58028,10.20848
58049,10.22959
58070,10.31638
58091,10.28823
58112,10.4454
58133,10.39848
58154,10.44774
58175,10.52515
58196,10.58614
58217,10.6917
58238,10.61429
58259,10.55799
58280,10.64244
58301,10.62602
58322,10.59318
58343,10.51811
58364,10.50404
58385,10.46651
58406,10.43367
58427,10.38675
58448,10.4149
58469,10.40552
58490,10.24132
58511,10.23194
58532,10.32107
58553,10.19206
58574,10.04193
58595,9.950449
58616,9.973906
58637,9.943413
58658,9.90588
58679,9.90588
58700,9.952795
58721,10.06773
58742,9.711185
58763,9.704147
58784,9.671308
58805,9.35698
58826,9.270188
58847,9.699456
58868,9.462538
58889,9.425007
58910,9.312411
58931,9.305374
58952,9.385129
58973,9.129445
58994,9.059073
59015,8.967589
59036,8.974627
59057,8.911292
59078,9.014504
59099,8.852649
59120,8.709559
59141,8.69314
59162,8.794006
59183,8.850304
59204,8.904256
59225,8.772895
59246,8.831537
59267,8.892527
59288,9.026234
59309,8.979319
59330,8.826846
59351,8.908947
59372,8.923021
59393,8.930058
59414,8.946478
59435,8.913638
59456,8.948824
59477,8.937096
59498,8.967589
59519,8.906601
59540,8.974627
59561,8.862032
59582,8.897219
59603,8.894873
59624,8.991047
59645,8.920675
59666,8.876106
59687,8.911292
59708,8.923021
59729,8.993393
59750,8.939441
59771,8.972281
59792,8.93475
59813,8.937096
59834,9.063765
59855,9.073148
59876,9.164631
59897,9.101295
59918,9.169322
59939,9.213891
59960,9.213891
59981,9.328832
60002,9.206854
60023,9.25846
60044,9.246731
60065,9.300683
60086,9.277225
60107,9.134136
60128,9.13179
60149,9.155248
60170,9.141173
60191,9.138828
60212,8.93475
60233,8.998084
60254,9.077839
60275,9.002776
60296,9.009813
60317,8.925366
60338,9.028579
60359,8.998084
60380,8.932404
60401,9.047344
60422,9.101295
60443,9.124753
60464,9.152903
60485,9.220928
60506,9.399203
60527,9.30772
60548,9.514144
60569,9.61501
60590,9.518835
60611,9.584516
60632,9.762791
60653,9.814397
60674,9.786248
60695,9.729951
60716,9.783903
60737,9.701802
60758,9.694765
60779,9.697111
60800,9.732296
60821,9.668962
60842,9.554022
60863,9.617355
60884,9.561059
60905,9.584516
60926,9.509453
60947,9.485995
60968,9.352288
60989,9.436735
61010,9.495378
61031,9.53291
61052,9.619701
61073,9.481303
61094,9.570441
61115,9.706493
61136,9.657233
61157,9.568096
61178,9.661925
61199,9.692419
61220,9.619701
61241,9.629085
61262,9.734642
61283,9.629085
61304,9.636122
61325,9.715877
61346,9.711185
61367,9.722914
61388,9.9223
61409,9.898843
61430,9.819089
61451,9.917608
61472,9.924646
61493,9.990326
61514,9.966869
61535,9.816743
61556,9.978598
61577,10.04428
61598,9.929338
61619,9.990326
61640,9.830817
61661,9.887115
61682,9.898843
61703,9.919954
61724,9.882422
61745,10.02082
61766,10.03489
61787,9.955141
61808,10.07477
61829,9.924646
61850,10.03724
61871,10.0865
61892,9.969215
61913,9.992672
61934,10.00675
61955,10.02551
61976,9.969215
61997,9.941067
62018,9.980944
62039,10.03489
62060,9.962177
62081,9.98329
62102,10.00206
62123,9.973906
62144,9.919954
62165,10.03724
62186,10.06305
62207,10.0607
62228,9.969215
62249,9.978598
62270,10.20379
62291,10.21786
62312,10.20379
62333,10.1991
62354,10.22725
62375,10.20379
62396,10.30231
62417,10.37737
62438,10.32107
62459,10.33984
62480,10.39379
62501,10.36564
62522,10.45478
62543,10.37033
62564,10.3328
62585,10.36799
62606,10.35861
62627,10.36799
62648,10.34688
62669,10.32342
62690,10.36799
62711,10.35861
62732,10.40083
62753,10.33515
62774,10.38675
62795,10.36095
62816,10.41021
62837,10.50873
62858,10.56034
62879,10.47824
62900,10.55096
62921,10.52046
62942,10.45244
62963,10.56034
62984,10.56503
63005,10.54392
63026,10.56034
63047,10.58145
63068,10.65651
63089,10.71046
63110,10.67059
63131,10.61664
63152,10.62836
63173,10.60725
63194,10.57207
63215,10.56972
63236,10.51577
63257,10.39848
63278,10.31873
63299,10.27885
63320,10.17564
63341,10.23194
63362,10.117
63383,10.13342
63404,10.14514
63425,10.07477
63446,10.02551
63467,10.09588
63488,10.01613
63509,10.23663
63530,10.21786
63551,10.22725
63572,10.17564
63593,10.31169
63614,10.23194
63635,10.29058
63656,10.37737
63677,10.31169
63698,10.36799
63719,10.29527
63740,10.37033
63761,10.3328
63782,10.33984
63803,10.30935
63824,10.20144
63845,10.32811
63866,10.33515
63887,10.18971
63908,10.17329
63929,10.10996
63950,10.06773
63971,9.976252
63992,9.98798
64013,9.926992
64034,9.851928
64055,9.851928
64076,9.779211
64097,9.837853
64118,9.715877
64139,9.847238
64160,9.842546
64181,9.896498
64202,9.77452
64223,9.894152
64244,9.9223
64265,9.9223
64286,9.894152
64307,9.971561
64328,9.877731
64349,9.769828
64370,9.894152
64391,9.812052
64412,9.851928
64433,9.814397
64454,9.87304
64475,9.955141
64496,10.15453
64517,9.995018
64538,9.849584
64559,9.854274
64580,9.85662
64601,9.751062
64622,9.504761
64643,9.485995
64664,9.631431
64685,9.659579
64706,9.525873
64727,9.593899
64748,9.59859
64769,9.823779
64790,9.795631
64811,9.753407
64832,9.61501
64853,9.586862
64874,9.668962
64895,9.570441
64916,9.528218
64937,9.59859
64958,9.495378
64979,9.539948
65000,9.568096
65021,9.453156
65042,9.251423
65063,9.2092
65084,9.265497
65105,9.047344
65126,8.908947
65147,9.002776
65168,9.002776
65189,8.930058
65210,8.812772
65231,8.817463
65252,8.859686
65273,8.796351
65294,8.672029
65315,8.740054
65336,8.852649
65357,8.775241
65378,8.794006
65399,8.932404
65420,8.981664
65441,9.01685
65462,8.90191
65483,8.908947
65504,9.063765
65525,9.037962
65546,9.012158
65567,8.960552
65588,8.908947
65609,8.918329
65630,9.068456
65651,9.037962
65672,8.808081
65693,8.761166
65714,8.859686
65735,8.890181
65756,8.857341
65777,8.819809
65798,8.756474
65819,8.808081
65840,8.822155
65861,8.815118
65882,8.836229
65903,8.967589
65924,9.035616
65945,9.037962
65966,9.023888
65987,9.124753
66008,9.115371
66029,9.312411
66050,9.331178
66071,9.293646
66092,9.267843
66113,9.345251
66134,9.422661
66155,9.429698
66176,9.457847
66197,9.41797
66218,9.300683
66239,9.349943
66260,9.382783
66281,9.523527
66302,9.476612
66323,9.478958
66344,9.298337
66365,9.249077
66386,9.136482
66407,9.075493
66428,9.303029
66449,9.366363
66470,9.145865
66491,9.197471
66512,9.314757
66533,9.378092
66554,9.129445
66575,9.249077
66596,9.300683
66617,9.338214
66638,9.446118
66659,9.448463
66680,9.448463
66701,9.490686
66722,9.432044
66743,9.570441
66764,9.732296
66785,9.673654
66806,9.525873
66827,9.786248
66848,9.793285
66869,9.650196
66890,9.605627
66911,9.814397
66932,9.992672
66953,9.854274
66974,9.828471
66995,9.884768
67016,9.90588
67037,9.898843
67058,9.79094
67079,9.924646
67100,10.08416
67121,9.978598
67142,9.793285
67163,9.90588
67184,9.85662
67205,9.971561
67226,9.739333
67247,9.823779
67268,9.755754
67289,9.769828
67310,9.819089
67331,9.605627
67352,9.697111
67373,9.734642
67394,9.739333
67415,9.7581
67436,9.607973
67457,9.657233
67478,9.659579
67499,9.729951
67520,9.701802
67541,9.727605
67562,9.741679
67583,9.661925
67604,9.593899
67625,9.772174
67646,9.704147
67667,9.591553
67688,9.713531
67709,9.884768
67730,9.908226
67751,9.861312
67772,9.877731
67793,9.849584
67814,9.87304
67835,9.868348
67856,10.00675
67877,10.00206
67898,10.03489
67919,10.00675
67940,10.04193
67961,10.01848
67982,10.03255
68003,10.08416
68024,10.20144
68045,10.24836
68066,10.23897
68087,10.18033
68108,10.10761
68129,10.22021
68150,10.16626
68171,10.16391
68192,10.17329
68213,10.2249
68234,10.15218
68255,10.18268
68276,10.09588
68297,10.10058
68318,10.15453
68339,10.17564
68360,10.27885
68381,10.35391
68402,10.30935
68423,10.25305
68444,10.28823
68465,10.24601
68486,10.29292
68507,10.35157
68528,10.39848
68549,10.3328
68570,10.37033
68591,10.33515
68612,10.34922
68633,10.29292
68654,10.42898
68675,10.48528
68696,10.50404
68717,10.4454
68738,10.36564
68759,10.307
68780,10.15687
68801,10.18033
68822,10.19206
68843,10.19206
68864,10.17329
68885,10.13107
68906,10.11465
68927,10.18971
68948,10.20613
68969,10.10527
68990,10.21083
69011,10.19206
69032,10.20379
69053,10.25305
69074,10.26008
69095,10.24601
69116,10.29058
69137,10.32107
69158,10.3633
69179,10.37503
69200,10.32811
69221,10.3891
69242,10.39614
69263,10.47824
69284,10.49935
69305,10.42898
69326,10.42429
69347,10.44071
69368,10.40317
69389,10.45009
69410,10.35861
69431,10.52515
69452,10.34688
69473,10.31873
69494,10.18268
69515,10.16626
69536,10.23428
69557,10.1686
69578,10.18033
69599,10.1428
69620,10.17095
69641,10.16626
69662,10.23663
69683,10.26008
69704,10.28589
69725,10.25305
69746,10.24601
69767,10.35861
69788,10.45009
69809,10.41959
69830,10.39379
69851,10.4454
69872,10.45244
69893,10.42663
69914,10.43367
69935,10.58849
69956,10.60022
69977,10.49935
69998,10.52281
70019,10.43367
70040,10.52515
70061,10.4454
70082,10.44774
70103,10.33046
70124,10.10058
70145,10.45009
70166,10.22255
70187,10.26478
70208,10.2507
70229,10.24601
70250,10.15218
70271,10.23194
70292,10.21317
70313,10.10527
70334,10.05835
70355,9.957487
70376,9.802669
70397,9.908226
70418,9.720568
70439,9.624393
70460,9.805015
70481,9.680691
70502,9.579824
70523,9.50007
70544,9.570441
70565,9.368709
70586,9.277225
70607,9.392166
70628,9.310066
70649,9.310066
70670,9.326486
70691,9.38982
70712,9.286609
70733,9.23031
70754,9.218582
70775,9.2092
70796,9.300683
70817,9.232656
70838,9.13179
70859,9.24204
70880,9.253768
70901,9.293646
70922,9.220928
70943,9.171668
70964,9.218582
70985,9.27488
71006,9.34056
71027,9.213891
71048,9.166977
71069,9.202163
71090,9.251423
71111,9.188088
71132,9.13179
71153,9.157594
71174,9.171668
71195,9.054381
71216,9.108333
71237,9.030925
71258,9.068456
71279,9.007467
71300,9.056727
71321,8.930058
71342,9.03327
71363,8.991047
71384,9.066111
71405,9.073148
71426,9.042653
71447,9.122408
71468,9.019196
71489,8.95117
71510,9.077839
71531,9.030925
71552,9.13179
71573,9.01685
71594,9.026234
71615,9.129445
71636,9.178705
71657,9.101295
71678,9.110679
71699,9.087222
71720,9.007467
71741,9.035616
71762,9.148211
71783,9.087222
71804,9.080185
71825,8.953515
71846,8.930058
71867,8.976973
71888,8.923021
71909,8.829192
71930,8.822155
71951,8.819809
71972,9.028579
71993,8.976973
72014,8.906601
72035,8.862032
72056,8.930058
72077,8.913638
72098,8.941787
72119,8.955861
72140,9.042653
72161,9.136482
72182,9.213891
72203,9.288955
72224,9.277225
72245,9.185742
72266,9.237348
72287,9.30772
72308,9.460192
72329,9.507107
72350,9.460192
72371,9.359325
72392,9.464884
72413,9.490686
72434,9.326486
72455,9.279572
72476,9.24204
72497,9.284263
72518,9.54933
72539,9.633776
72560,9.575133
72581,9.624393
72602,9.542293
72623,9.464884
72644,9.509453
72665,9.652542
72686,9.617355
72707,9.551676
72728,9.617355
72749,9.619701
72770,9.77452
72791,9.652542
72812,9.77452
72833,9.605627
72854,9.783903
72875,9.837853
72896,9.765137
72917,9.699456
72938,9.727605
72959,9.85662
72980,9.870694
73001,9.898843
73022,9.704147
73043,9.734642
73064,9.891806
73085,10.04193
73106,9.851928
73127,9.90588
73148,9.919954
73169,10.01378
73190,10.0302
73211,9.950449
73232,9.948103
73253,10.02786
73274,9.903535
73295,10.04193
73316,9.976252
73337,9.830817
73358,9.912917
73379,9.809706
73400,9.828471
73421,10.0044
73442,10.03489
73463,9.980944
73484,9.896498
73505,9.877731
73526,9.943413
73547,10.12872
73568,10.00206
73589,9.898843
73610,10.08181
73631,10.0865
73652,9.952795
73673,9.926992
73694,10.00675
73715,10.08416
73736,10.07243
73757,10.10996
73778,10.117
73799,10.12169
73820,10.05601
73841,10.04428
73862,10.05835
73883,10.09588
73904,10.03255
73925,10.02082
73946,9.980944
73967,10.02317
73988,10.07946
74009,10.15218
74030,10.10058
74051,10.10761
74072,10.1991
74093,10.18033
74114,10.23663
74135,10.25539
74156,10.24601
74177,10.25305
74198,10.25774
74219,10.18737
74240,10.28354
74261,10.26712
74282,10.21317
74303,10.21083
74324,10.2507
74345,10.22959
74366,10.27416
74387,10.23194
74408,10.18502
74429,10.24366
74450,10.30935
74471,10.13811
74492,10.19441
74513,10.22255
74534,10.17095
74555,10.18033
74576,10.27181
74597,10.19675
74618,10.16626
74639,10.13107
74660,10.20144
74681,10.20144
74702,10.29292
74723,10.26243
74744,10.23428
74765,10.25539
74786,10.29527
74807,10.26008
74828,10.24366
74849,10.34453
74870,10.40083
74891,10.31873
74912,10.31638
74933,10.28823
74954,10.25539
74975,10.29527
74996,10.2765
75017,10.29996
75038,10.307
75059,10.37268
75080,10.28354
75101,10.2249
75122,10.23897
75143,10.20144
75164,10.2765
75185,10.23663
75206,10.34453
75227,10.31169
75248,10.33749
75269,10.31873
75290,10.33984
75311,10.36095
75332,10.35157
75353,10.39848
75374,10.43367
75395,10.4712
75416,10.41021
75437,10.39848
75458,10.50873
75479,10.6096
75500,10.54861
75521,10.61664
75542,10.53923
75563,10.45713
75584,10.53453
75605,10.44305
75626,10.4149
75647,10.5275
75668,10.52046
75689,10.49935
75710,10.49466
75731,10.45713
75752,10.40787
75773,10.31638
75794,10.30231
75815,10.33984
75836,10.3633
75857,10.30465
75878,10.31873
75899,10.20848
75920,10.13342
75941,10.10058
75962,10.19675
75983,10.23897
76004,10.20613
76025,10.1991
76046,10.18268
76067,10.18268
76088,10.19675
76109,10.14045
76130,10.2249
76151,10.2249
76172,10.11934
76193,10.11465
76214,10.08181
76235,10.15453
76256,10.09588
76277,10.10058
76298,10.10996
76319,10.14749
76340,10.09119
76361,10.08416
76382,10.08416
76403,10.07477
76424,9.882422
76445,9.887115
76466,9.847238
76487,9.840199
76508,9.769828
76529,9.683037
76550,9.657233
76571,9.629085
76592,9.48834
76613,9.673654
76634,9.586862
76655,9.48834
76676,9.474266
76697,9.476612
76718,9.521181
76739,9.551676
76760,9.607973
76781,9.518835
76802,9.403895
76823,9.366363
76844,9.556367
76865,9.593899
76886,9.493032
76907,9.366363
76928,9.396858
76949,9.579824
76970,9.410933
76991,9.272534
77012,9.321795
77033,9.368709
77054,9.347597
77075,9.227965
77096,9.293646
77117,9.239694
77138,9.110679
77159,9.185742
77180,9.164631
77201,9.197471
77222,9.094258
77243,9.113025
77264,9.091913
77285,9.185742
77306,9.087222
77327,9.080185
77348,9.021542
77369,9.040307
77390,9.113025
77411,9.09895
77432,9.023888
77453,9.009813
77474,8.918329
77495,9.019196
77516,9.021542
77537,8.946478
77558,8.988701
77579,9.009813
77600,9.00043
77621,9.002776
77642,8.869069
77663,8.90191
77684,8.857341
77705,8.880798
77726,8.965244
77747,8.887836
77768,8.920675
77789,8.847958
77810,8.878452
77831,8.925366
77852,8.852649
77873,8.79166
77894,8.758821
77915,8.885489
77936,8.972281
77957,9.035616
77978,8.892527
77999,8.843266
78020,8.911292
78041,8.871415
78062,9.035616
78083,9.108333
78104,8.998084
78125,8.843266
78146,8.986356
78167,8.915984
78188,8.859686
78209,8.866723
78230,8.737708
78251,8.84092
78272,8.735363
78293,8.695485
78314,8.758821
78335,8.500791
78356,8.564125
78377,8.812772
78398,8.967589
78419,8.789314
78440,8.876106
78461,8.953515
78482,9.005121
78503,8.948824
78524,9.009813
78545,9.333523
78566,9.448463
78587,9.643159
78608,9.626739
78629,9.678345
78650,9.739333
78671,9.666616
78692,9.854274
78713,9.732296
78734,9.732296
78755,9.718222
78776,9.706493
78797,9.558713
78818,9.56575
78839,9.607973
78860,9.685382
78881,9.558713
78902,9.666616
78923,9.870694
78944,9.952795
78965,9.948103
78986,9.955141
79007,9.999709
79028,9.98329
79049,9.997364
79070,10.07946
79091,10.13811
79112,10.18971
79133,9.889461
79154,9.861312
79175,10.01144
79196,10.0607
79217,10.12169
79238,9.971561
79259,10.06539
79280,9.992672
79301,10.06305
79322,10.02317
79343,10.05601
79364,10.06539
79385,10.16626
79406,10.09354
79427,10.23663
79448,10.28354
79469,10.48293
79490,10.55096
79511,10.61194
79532,10.5791
79553,10.59083
79574,10.70812
79595,10.75034
79616,10.88639
79637,10.80899
79658,10.97319
79679,10.98492
79700,10.9122
79721,10.92393
79742,11.00837
79763,11.12331
79784,11.12331
79805,10.97319
79826,10.93096
79847,10.90281
79868,10.90985
79889,11.00603
79910,11.10455
79931,11.08813
79952,11.05294
79973,11.01541
79994,10.97084
80015,10.94738
80036,10.8559
80057,10.97788
80078,11.07171
80099,11.16554
80120,11.22887
80141,11.28048
80162,11.67925
80183,11.04121
80204,11.05763
80225,11.10924
80246,11.07874
80267,11.39073
80288,11.09047
80309,11.00134
80330,10.938
80351,10.80195
80372,10.72219
80393,10.62836
80414,10.60022
80435,10.54392
80456,10.5533
80477,10.4454
80498,10.45478
80519,10.29527
80540,10.39614
80561,10.42898
80582,10.307
80603,10.37737
80624,10.35626
80645,10.42663
80666,10.42898
80687,10.36564
80708,10.3891
80729,10.42194
80750,10.4149
80771,10.37033
80792,10.43836
80813,10.34688
80834,10.26008
80855,10.3328
80876,10.26947
80897,10.36799
80918,10.2507
80939,10.18737
80960,10.28354
80981,10.21552
81002,10.03255
81023,10.10761
81044,10.307
81065,9.941067
81086,9.748716
81107,10.15922
81128,10.05601
81149,9.875386
81170,9.90588
81191,9.908226
81212,9.577478
81233,9.54933
81254,9.476612
81275,9.537601
81296,9.373401
81317,9.345251
81338,9.366363
81359,9.354634
81380,9.324141
81401,9.293646
81422,9.331178
81443,9.303029
81464,9.239694
81485,9.335869
81506,9.2092
81527,9.113025
81548,9.145865
81569,9.199817
81590,9.162285
81611,9.145865
81632,9.091913
81653,8.995738
81674,9.185742
81695,9.122408
81716,9.035616
81737,9.059073
81758,9.176359
81779,9.150557
81800,9.138828
81821,9.303029
81842,9.310066
81863,9.34056
81884,9.35698
81905,9.455501
81926,9.41797
81947,9.394512
81968,9.453156
81989,9.455501
82010,9.443772
82031,9.35698
82052,9.403895
82073,9.432044
82094,9.420315
82115,9.420315
82136,9.464884
82157,9.495378
82178,9.305374
82199,9.335869
82220,9.441426
82241,9.392166
82262,9.450809
82283,9.450809
82304,9.380438
82325,9.267843
82346,9.514144
82367,9.464884
82388,9.368709
82409,9.314757
82430,9.321795
82451,9.326486
82472,9.387475
82493,9.371055
82514,9.317103
82535,9.347597
82556,9.392166
82577,9.366363
82598,9.373401
82619,9.396858
82640,9.213891
82661,9.216236
82682,9.2913
82703,9.295992
82724,9.225619
82745,9.176359
82766,9.171668
82787,9.2092
82808,9.087222
82829,9.145865
82850,9.054381
82871,9.157594
82892,9.148211
82913,9.143519
82934,9.150557
82955,9.213891
82976,9.24204
82997,9.300683
83018,9.244386
83039,9.253768
83060,9.373401
83081,9.361671
83102,9.403895
83123,9.474266
83144,9.450809
83165,9.420315
83186,9.485995
83207,9.530564
83228,9.561059
83249,9.530564
83270,9.502416
83291,9.448463
83312,9.59859
83333,9.643159
83354,9.579824
83375,9.537601
83396,9.518835
83417,9.474266
83438,9.474266
83459,9.415624
83480,9.392166
83501,9.392166
83522,9.378092
83543,9.413278
83564,9.305374
83585,9.399203
83606,9.410933
83627,9.361671
83648,9.371055
83669,9.53291
83690,9.624393
83711,9.497724
83732,9.511798
83753,9.551676
83774,9.61501
83795,9.528218
83816,9.624393
83837,9.802669
83858,9.776865
83879,9.816743
83900,9.814397
83921,9.833163
83942,9.793285
83963,9.593899
83984,9.697111
84005,9.715877
84026,9.842546
84047,9.636122
84068,9.680691
84089,9.673654
84110,9.619701
84131,9.535255
84152,9.631431
84173,9.633776
84194,9.509453
84215,9.626739
84236,9.607973
84257,9.715877
84278,9.586862
84299,9.523527
84320,9.579824
84341,9.708839
84362,9.640813
84383,9.530564
84404,9.596244
84425,9.687728
84446,9.460192
84467,9.460192
84488,9.706493
84509,9.736988
84530,9.701802
84551,9.511798
84572,9.610318
84593,9.729951
84614,9.701802
84635,9.739333
84656,9.861312
84677,9.736988
84698,9.753407
84719,9.729951
84740,9.734642
84761,9.823779
84782,9.819089
84803,9.919954
84824,9.828471
84845,9.847238
84866,9.87304
84887,9.898843
84908,9.882422
84929,9.910572
84950,9.823779
84971,9.919954
84992,10.02786
85013,10.03724
85034,9.901189
85055,9.851928
85076,9.812052
85097,9.87304
85118,9.90588
85139,9.85662
85160,9.943413
85181,9.990326
85202,9.945757
85223,9.894152
85244,10.01144
85265,9.908226
85286,9.924646
85307,9.98329
85328,10.03724
85349,10.02317
85370,10.01378
85391,10.00206
85412,10.01613
85433,10.02317
85454,9.995018
85475,9.929338
85496,9.962177
85517,10.01613
85538,10.06539
85559,10.00206
85580,10.04428
85601,10.0302
85622,10.16156
85643,10.05366
85664,10.02786
85685,10.0607
85706,9.999709
85727,10.10527
85748,10.18502
85769,10.117
85790,10.01144
85811,10.02082
85832,10.08181
85853,10.03724
85874,10.07946
85895,10.06305
85916,10.117
85937,10.04428
85958,10.00909
85979,9.98798
86000,10.04193
86021,10.03255
86042,10.07946
86063,10.02551
86084,10.05601
86105,10.05132
86126,9.985635
86147,9.964523
86168,10.04662
86189,9.962177
86210,9.995018
86231,9.973906
86252,10.02786
86273,9.945757
86294,9.957487
86315,9.926992
86336,9.917608
86357,9.90588
86378,9.959831
86399,9.945757
86420,10.10761
86441,9.999709
86462,10.02317
86483,10.0044
86504,10.04193
86525,10.15687
86546,10.11465
86567,10.10058
86588,10.07946
86609,10.16626
86630,10.18502
86651,10.17798
86672,10.13342
86693,10.1123
86714,10.16626
86735,10.14045
86756,10.14045
86777,10.17095
86798,10.12403
86819,10.14514
86840,10.13811
86861,10.09354
86882,10.1428
86903,10.11934
86924,10.23194
86945,10.28823
86966,10.27416
86987,10.26008
87008,10.34688
87029,10.36095
87050,10.43601
87071,10.3328
87092,10.32342
87113,10.39848
87134,10.36799
87155,10.3891
87176,10.36564
87197,10.40083
87218,10.38441
87239,10.3891
87260,10.42898
87281,10.30465
87302,10.30935
87323,10.24601
87344,10.23663
87365,10.15922
87386,10.23897
87407,10.16391
87428,10.06539
87449,10.15453
87470,10.03255
87491,10.03489
87512,10.07243
87533,10.00206
87554,10.07477
87575,10.1428
87596,10.19206
87617,10.16156
87638,10.1991
87659,10.22255
87680,10.25305
87701,10.2507
87722,10.33749
87743,10.27885
87764,10.21786
87785,10.32107
87806,10.31638
87827,10.37972
87848,10.33046
87869,10.3891
87890,10.40317
87911,10.36095
87932,10.39848
87953,10.53923
87974,10.48528
87995,10.46182
88016,10.5791
88037,10.41959
88058,10.45947
88079,10.5275
88100,10.43367
88121,10.4149
88142,10.49231
88163,10.35861
88184,10.39614
88205,10.51577
88226,10.35861
88247,10.33046
88268,10.28589
88289,10.25774
88310,10.1686
88331,10.09823
88352,10.13576
88373,10.09823
88394,10.09119
88415,9.936375
88436,9.917608
88457,10.01144
88478,9.809706
88499,9.521181
88520,9.48834
88541,9.610318
88562,9.629085
88583,9.502416
88604,9.443772
88625,9.429698
88646,9.474266
88667,9.366363
88688,9.328832
88709,9.392166
88730,9.413278
88751,9.399203
88772,9.460192
88793,9.48834
88814,9.453156
88835,9.429698
88856,9.471921
88877,9.455501
88898,9.54933
88919,9.544639
88940,9.462538
88961,9.380438
88982,9.359325
89003,9.371055
89024,9.23031
89045,9.244386
89066,9.328832
89087,9.272534
89108,9.103642
89129,9.141173
89150,9.225619
89171,9.267843
89192,9.176359
89213,9.141173
89234,9.129445
89255,9.077839
89276,9.199817
89297,9.181051
89318,9.143519
89339,9.103642
89360,9.054381
89381,9.094258
89402,9.162285
89423,9.169322
89444,9.23031
89465,9.27488
89486,9.117716
89507,9.063765
89528,9.145865
89549,9.108333
89570,9.101295
89591,9.166977
89612,9.23031
89633,9.169322
89654,9.152903
89675,9.174014
89696,9.256114
89717,9.202163
89738,9.195126
89759,9.115371
89780,9.110679
89801,9.08253
89822,9.044999
89843,9.117716
89864,9.143519
89885,9.054381
89906,9.063765
89927,9.075493
89948,9.09895
89969,9.063765
89990,9.101295
90011,9.087222
90032,9.25846
90053,9.152903
90074,9.190434
90095,9.056727
90116,9.13179
90137,9.199817
90158,9.41797
90179,9.211545
90200,9.25846
90221,9.342906
90242,9.413278
90263,9.371055
90284,9.399203
90305,9.30772
90326,9.251423
90347,9.349943
90368,9.40624
90389,9.415624
90410,9.429698
90431,9.361671
90452,9.38982
90473,9.349943
90494,9.19278
90515,9.321795
90536,9.279572
90557,9.169322
90578,9.195126
90599,9.244386
90620,9.190434
90641,9.141173
90662,9.115371
90683,9.009813
90704,9.037962
90725,8.913638
90746,8.885489
90767,8.941787
90788,9.105988
90809,9.206854
90830,9.127099
90851,9.059073
90872,9.314757
90893,9.392166
90914,9.366363
90935,9.197471
90956,9.124753
90977,9.27488
90998,9.333523
91019,9.474266
91040,9.525873
91061,9.396858
91082,9.58217
91103,9.767483
91124,9.610318
91145,9.483649
91166,9.54933
91187,9.58217
91208,9.612664
91229,9.521181
91250,9.544639
91271,9.652542
91292,9.596244
91313,9.61501
91334,9.751062
91355,9.844892
91376,9.722914
91397,9.643159
91418,9.74637
91439,9.734642
91460,9.701802
91481,9.629085
91502,9.854274
91523,9.858966
91544,9.793285
91565,9.809706
91586,9.79094
91607,9.936375
91628,9.908226
91649,9.802669
91670,9.948103
91691,10.04662
91712,10.01378
91733,10.11465
91754,10.22021
91775,10.21786
91796,10.11934
91817,10.13576
91838,10.15922
91859,10.21786
91880,10.22959
91901,10.14984
91922,10.17095
91943,10.35391
91964,10.57441
91985,10.58614
92006,10.46182
92027,10.42194
92048,10.62133
92069,10.71985
92090,10.87232
92111,10.7175
92132,10.70343
92153,10.71985
92174,10.93565
92195,10.78553
92216,10.79726
92237,10.65886
92258,10.75269
92279,10.82071
92300,10.72688
92321,10.71985
92342,10.80429
92363,10.75269
92384,10.82306
92405,10.80664
92426,10.85121
92447,10.80429
92468,10.748
92489,10.79726
92510,10.86528
92531,10.94504
92552,10.8559
92573,10.88874
92594,10.93331
92615,10.83479
92636,10.89343
92657,10.9943
92678,10.96849
92699,10.90047
92720,10.81837
92741,10.8559
92762,10.82541
92783,10.73392
92804,10.7175
92825,10.56738
