8819,10.1686
8840,10.2249
8861,10.29762
8882,10.35391
8903,10.33046
8924,10.3328
8945,10.26947
8966,10.16626
8987,10.29996
9008,10.31404
9029,10.10996
9050,10.07243
9071,10.05835
9092,10.00909
9113,9.819089
9134,9.668962
9155,9.812052
9176,9.61501
9197,9.324141
9218,9.27488
9239,9.354634
9260,9.305374
9281,9.136482
9302,9.042653
9323,9.136482
9344,9.143519
9365,9.005121
9386,9.00043
9407,9.171668
9428,9.232656
9449,9.260805
9470,9.394512
9491,9.366363
9512,9.504761
9533,9.558713
9554,9.708839
9575,9.823779
9596,9.866002
9617,9.840199
9638,9.924646
9659,9.884768
9680,9.957487
9701,9.962177
9722,10.1123
9743,10.26712
9764,10.2249
9785,10.15687
9806,10.27885
9827,10.18971
9848,10.22959
9869,10.27885
9890,10.25539
9911,10.24601
9932,10.24132
9953,10.25305
9974,10.00206
9995,10.17329
10016,10.0865
10037,10.05366
10058,10.06539
10079,10.32107
10100,10.26008
10121,10.3328
10142,10.39145
10163,10.48997
10184,10.27885
10205,10.4149
10226,10.47824
10247,10.5533
10268,10.54392
10289,10.6096
10310,10.62602
10331,10.64947
10352,10.56738
10373,10.64713
10394,10.67293
10415,10.68701
10436,10.64713
10457,10.77145
10478,10.93331
10499,10.93096
10520,10.93565
10541,10.91454
10562,10.92158
10583,10.91454
10604,10.94504
10625,10.94973
10646,10.90516
10667,10.91923
10688,10.9122
10709,10.90985
10730,10.9122
10751,10.88405
10772,10.88639
10793,10.97319
10814,10.98492
10835,10.86059
10856,10.92862
10877,10.92393
10898,10.81837
10919,10.8301
10940,10.86059
10961,10.78553
10982,10.77849
11003,10.65417
11024,10.57207
11045,10.61194
11066,10.51342
11087,10.4149
11108,10.37033
11129,10.32576
11150,10.23194
11171,10.20379
11192,10.17095
11213,10.13576
11234,10.11934
11255,10.11934
11276,10.13342
11297,10.12638
11318,10.12638
11339,10.12638
11360,10.10761
11381,10.18268
11402,10.21317
11423,10.25305
11444,10.26947
11465,10.26008
11486,10.23897
11507,10.44071
11529,10.2812
11550,10.2765
11571,10.36564
11592,10.33046
11613,10.43367
11634,10.27181
11655,10.15453
11676,10.30231
11697,10.27181
11718,10.09354
11739,10.04662
11760,10.14749
11781,10.14749
11802,10.19675
11823,10.23897
11844,10.15922
11865,10.1686
11886,10.37268
11907,10.33046
11928,10.22255
11949,10.29996
11970,10.23897
11991,10.45478
12012,10.49466
12033,10.43367
12054,10.31638
12075,10.17798
12096,10.21552
12117,10.26008
12138,10.2249
12159,10.16156
12180,10.24366
12201,10.09823
12222,10.1123
12243,10.12872
12264,10.03724
12285,9.908226
12306,9.802669
12327,9.898843
12348,9.812052
12369,9.678345
12390,9.727605
12411,9.727605
12432,9.654888
12453,9.518835
12474,9.586862
12495,9.521181
12516,9.591553
12537,9.380438
12558,9.298337
12579,9.321795
12600,9.288955
12621,9.145865
12642,9.084876
12663,9.171668
12684,9.138828
12705,8.993393
12726,8.988701
12747,9.01685
12768,9.091913
12789,8.976973
12810,8.904256
12831,9.181051
12852,9.314757
12873,9.396858
12894,9.155248
12915,9.120062
12936,9.387475
12957,9.462538
12978,9.436735
12999,9.450809
13020,9.586862
13041,9.64785
13062,9.469575
13083,9.338214
13104,9.509453
13125,9.66427
13146,9.66427
13167,9.380438
13188,9.476612
13209,9.704147
13230,9.734642
13251,9.596244
13272,9.64785
13293,9.736988
13314,9.715877
13335,9.779211
13356,9.762791
13377,9.823779
13398,9.978598
13419,10.01613
13440,9.795631
13461,9.870694
13482,9.800323
13503,9.9223
13524,9.809706
13545,9.805015
13566,9.934029
13587,9.830817
13608,9.760445
13629,9.694765
13650,9.694765
13671,9.668962
13692,9.631431
13713,9.751062
13734,9.7581
13755,9.622047
13776,9.61501
13797,9.537601
13818,9.504761
13839,9.394512
13860,9.364017
13881,9.514144
13902,9.441426
13923,9.310066
13944,9.281918
13965,9.34056
13986,9.27488
14007,9.354634
14028,9.305374
14049,9.197471
14070,9.237348
14091,9.349943
14112,9.378092
14133,9.314757
14154,9.303029
14175,9.2913
14196,9.303029
14218,9.281918
14239,9.324141
14260,9.235003
14281,9.199817
14302,9.303029
14323,9.295992
14344,9.24204
14365,9.174014
14386,9.246731
14407,9.211545
14428,9.288955
14449,9.295992
14470,9.253768
14491,9.321795
14512,9.485995
14533,9.349943
14554,9.364017
14575,9.432044
14596,9.514144
14617,9.436735
14638,9.544639
14659,9.593899
14680,9.556367
14701,9.476612
14722,9.561059
14743,9.640813
14764,9.504761
14785,9.483649
14806,9.425007
14827,9.589207
14848,9.523527
14869,9.481303
14890,9.554022
14911,9.41797
14932,9.448463
14953,9.408587
14974,9.328832
14995,9.352288
15016,9.34056
15037,9.246731
15058,9.305374
15079,9.342906
15100,9.295992
15121,9.401549
15142,9.249077
15163,9.277225
15184,9.251423
15205,9.24204
15226,9.260805
15247,9.265497
15268,9.23031
15289,9.24204
15310,9.251423
15331,9.19278
15352,9.24204
15373,9.288955
15394,9.347597
15415,9.352288
15436,9.303029
15457,9.345251
15478,9.30772
15499,9.246731
15520,9.256114
15541,9.333523
15562,9.265497
15583,9.120062
15604,9.155248
15625,9.352288
15646,9.204508
15667,9.223273
15688,9.371055
15709,9.387475
15730,9.345251
15751,9.544639
15772,9.617355
15793,9.739333
15814,9.720568
15835,9.887115
15856,9.950449
15877,9.969215
15898,10.07477
15919,10.03959
15940,10.05835
15961,9.950449
15982,9.917608
16003,9.957487
16024,10.0865
16045,10.06539
16066,9.919954
16087,9.797977
16108,9.903535
16129,9.973906
16150,9.9223
16171,9.624393
16192,9.828471
16213,9.945757
16234,9.668962
16255,9.636122
16276,9.727605
16297,9.751062
16318,9.579824
16339,9.633776
16360,9.722914
16381,9.556367
16402,9.467229
16423,9.720568
16444,9.392166
16465,9.422661
16486,9.40624
16507,9.481303
16528,9.371055
16549,9.448463
16570,9.591553
16591,9.744025
16612,9.666616
16633,9.58217
16654,9.652542
16675,9.673654
16696,9.661925
16717,9.725259
16738,9.584516
16759,9.654888
16780,9.767483
16801,9.748716
16822,9.715877
16843,9.666616
16864,9.603281
16885,9.708839
16906,9.840199
16927,9.880077
16948,9.819089
16969,9.781557
16990,9.744025
17011,9.734642
17032,9.783903
17053,9.767483
17074,9.816743
17095,9.844892
17116,9.779211
17137,9.821435
17158,9.915263
17179,9.924646
17200,9.903535
17221,9.882422
17242,9.858966
17263,9.797977
17284,9.938721
17305,9.912917
17326,9.840199
17347,9.851928
17368,9.851928
17389,9.908226
17410,9.875386
17431,9.934029
17452,9.842546
17473,9.833163
17494,9.98329
17515,9.908226
17536,9.868348
17557,10.01378
17578,10.09354
17599,10.0044
17620,10.03255
17641,10.1123
17662,10.10761
17683,9.978598
17704,9.931683
17725,10.04193
17746,10.04428
17767,10.07243
17788,9.995018
17809,9.882422
17830,9.964523
17851,10.01613
17872,9.835509
17893,9.924646
17914,9.908226
17935,9.734642
17956,9.882422
17977,9.842546
17998,9.683037
18019,9.603281
18040,9.877731
18061,10.10761
18082,10.15218
18103,10.29996
18124,10.22725
18145,10.2507
18166,10.45947
18187,10.39614
18208,10.48762
18229,10.43836
18250,10.41725
18271,10.49466
18292,10.53923
18313,10.53219
18334,10.51811
18355,10.4712
18376,10.47824
18397,10.51811
18418,10.59787
18439,10.71516
18460,10.72923
18481,10.73861
18502,10.68232
18523,10.72923
18544,10.76207
18565,10.79491
18586,10.87467
18607,10.8559
18628,10.79491
18649,10.83948
18670,10.99195
18691,10.79022
18712,10.8301
18733,10.83713
18754,10.87232
18775,10.90281
18796,10.93096
18817,10.87232
18838,10.8301
18859,10.72219
18880,10.74096
18901,10.69404
18922,10.5838
18943,10.5275
18964,10.54626
18985,10.45244
19006,10.39145
19027,10.32107
19048,10.29292
19069,10.17798
19090,10.17564
19111,10.18033
19132,10.05601
19153,10.14045
19174,10.20613
19195,10.21786
19216,10.14514
19237,10.1991
19258,10.18033
19279,10.18737
19300,10.12169
19321,10.15453
19342,10.12872
19363,10.10527
19384,10.17095
19405,10.13811
19426,10.12169
19447,10.06773
19468,9.973906
19489,9.851928
19510,10.02317
19531,9.934029
19552,9.973906
19574,9.903535
19596,9.973906
19617,9.999709
19638,9.840199
19659,9.854274
19680,9.812052
19701,9.891806
19722,10.04428
19743,10.04193
19764,9.995018
19785,10.05601
19806,10.17329
19827,10.16391
19848,10.16156
19869,10.13811
19890,10.12872
19911,10.18033
19932,10.34453
19953,10.51108
19974,10.40317
19995,10.50639
20016,10.63775
20037,10.68701
20058,10.73861
20079,10.80899
20100,10.83479
20121,10.67528
20142,10.70343
20163,10.73861
20184,10.64009
20205,10.53923
20226,10.48762
20247,10.50404
20268,10.58849
20289,10.44305
20310,10.52984
20331,10.35391
20352,10.27416
20373,10.20379
20394,10.14045
20415,10.29996
20436,10.18502
20457,10.03959
20478,9.98329
20499,9.966869
20520,9.959831
20541,10.07712
20562,9.866002
20583,9.891806
20604,9.851928
20625,9.788594
20646,9.767483
20667,9.739333
20688,9.671308
20709,9.539948
20730,9.326486
20751,9.295992
20772,9.324141
20793,9.40624
20814,9.25846
20835,9.317103
20856,9.317103
20877,9.157594
20898,9.204508
20919,9.349943
20940,9.399203
20961,9.333523
20982,9.303029
21003,9.314757
21024,9.371055
21045,9.530564
21066,9.568096
21087,9.56575
21108,9.525873
21129,9.34056
21150,9.378092
21171,9.41797
21192,9.539948
21213,9.410933
21234,9.368709
21255,9.422661
21276,9.422661
21297,9.380438
21318,9.392166
21339,9.537601
21360,9.558713
21381,9.300683
21402,9.295992
21423,9.387475
21444,9.399203
21465,9.225619
21486,9.171668
21507,9.298337
21528,9.225619
21549,9.317103
21570,9.2913
21591,9.23031
21612,9.176359
21633,9.237348
21654,9.195126
21675,9.138828
21696,9.054381
21717,9.028579
21738,9.035616
21759,9.056727
21780,9.101295
21801,9.021542
21822,9.138828
21843,9.251423
21864,9.056727
21885,9.054381
21906,9.185742
21927,9.115371
21948,9.23031
21969,9.150557
21990,9.089567
22011,9.178705
22032,9.284263
22053,9.213891
22074,9.089567
22095,9.15994
22116,9.164631
22137,9.089567
22158,9.174014
22179,9.232656
22200,9.202163
22221,9.244386
22242,9.300683
22263,9.218582
22284,9.235003
22305,9.333523
22326,9.422661
22347,9.364017
22368,9.354634
22389,9.305374
22410,9.335869
22431,9.462538
22452,9.537601
22473,9.434389
22494,9.446118
22515,9.41797
22536,9.514144
22557,9.507107
22578,9.453156
22599,9.436735
22620,9.38982
22641,9.392166
22662,9.347597
22683,9.349943
22704,9.338214
22725,9.2913
22746,9.23031
22767,9.202163
22788,9.213891
22809,9.068456
22830,9.127099
22851,9.117716
22872,9.023888
22893,9.136482
22914,9.15994
22935,9.103642
22956,9.253768
22977,9.2092
22998,9.27488
23019,9.305374
23040,9.371055
23061,9.485995
23082,9.530564
23103,9.502416
23124,9.476612
23145,9.570441
23166,9.535255
23187,9.54933
23208,9.638468
23229,9.607973
23250,9.657233
23271,9.607973
23292,9.464884
23313,9.558713
23334,9.579824
23355,9.385129
23376,9.331178
23397,9.378092
23418,9.286609
23439,9.091913
23460,9.2913
23481,9.349943
23502,9.185742
23523,9.162285
23544,9.373401
23565,9.668962
23586,9.80736
23607,9.85662
23628,9.877731
23649,9.924646
23670,10.0302
23691,10.04193
23712,10.01848
23733,9.826125
23754,9.797977
23775,9.976252
23796,9.783903
23817,9.591553
23838,9.842546
23859,9.755754
23880,9.493032
23901,9.455501
23922,9.624393
23943,9.640813
23964,9.403895
23985,9.61501
24006,9.751062
24027,9.568096
24048,9.453156
24069,9.558713
24090,9.546985
24111,9.401549
24132,9.396858
24153,9.546985
24174,9.577478
24195,9.56575
24216,9.476612
24237,9.56575
24258,9.523527
24279,9.563404
24300,9.537601
24321,9.676
24342,9.715877
24363,9.633776
24384,9.448463
24405,9.80736
24426,9.788594
24447,9.575133
24468,9.387475
24489,9.586862
24510,9.66427
24531,9.401549
24552,9.134136
24573,9.19278
24594,9.246731
24615,9.164631
24636,9.141173
24657,9.059073
24678,9.08253
24699,8.967589
24720,9.080185
24741,9.206854
24762,9.260805
24783,9.396858
24804,9.546985
24825,9.643159
24846,9.828471
24867,9.877731
24888,10.01144
24909,10.05601
24930,10.23194
24951,10.29527
24972,10.42898
24993,10.52984
25014,10.55799
25035,10.55799
25056,10.48293
25077,10.45009
25098,10.43367
25119,10.42429
25140,10.40787
25161,10.47355
25182,10.48528
25203,10.3328
25224,10.20379
25245,10.07946
25266,10.18971
25287,10.18502
25308,10.07243
25329,10.13107
25350,10.12403
25371,10.00675
25392,10.07243
25413,10.12169
25434,10.10527
25455,10.05366
25476,10.06305
25497,10.20848
25518,10.35157
25539,10.2507
25560,10.18033
25581,10.34688
25602,10.35626
25623,10.35626
25644,10.38441
25665,10.39145
25686,10.35157
25707,10.39848
25728,10.36564
25749,10.44774
25770,10.43836
25791,10.40083
25812,10.57441
25833,10.46885
25854,10.40552
25875,10.37503
25896,10.34219
25917,10.36095
25938,10.37737
25959,10.41021
25980,10.36095
26001,10.35157
26022,10.31169
26043,10.30935
26064,10.4149
26085,10.32811
26106,10.26478
26127,10.25774
26148,10.38675
26169,10.37033
26190,10.35626
26211,10.35157
26232,10.46651
26253,10.45947
26274,10.48762
26295,10.60256
26316,10.72454
26337,10.65182
26358,10.66355
26379,10.64009
26400,10.58614
26421,10.60022
26442,10.59318
26463,10.52515
26484,10.51342
26505,10.49231
26526,10.42194
26547,10.35626
26568,10.3891
26589,10.38206
26610,10.35157
26631,10.37503
26652,10.37268
26673,10.30935
26694,10.43367
26715,10.43132
26736,10.43601
26757,10.48762
26778,10.50169
26799,10.57207
26820,10.63775
26841,10.60022
26862,10.67059
26883,10.55799
26904,10.61194
26925,10.5838
26946,10.66121
26967,10.64713
26988,10.70577
27009,10.61429
27030,10.50169
27051,10.56972
27072,10.4454
27093,10.36095
27114,10.40787
27135,10.30465
27156,10.2507
27177,10.12872
27198,10.1686
27219,10.07946
27240,10.16156
27261,10.06539
27282,10.05601
27303,10.06305
27324,10.117
27345,10.11465
27366,10.10996
27387,10.05366
27408,10.07712
27429,10.21317
27450,10.23663
27471,10.24601
27492,10.34453
27513,10.2812
27534,10.29058
27555,10.39379
27576,10.39379
27597,10.30231
27618,10.08181
27639,10.38441
27660,10.37503
27681,10.117
27702,10.27885
27723,10.20613
27744,10.15922
27765,9.950449
27786,10.07008
27807,10.17329
27828,10.05132
27849,9.936375
27870,9.919954
27891,9.999709
27912,9.948103
27933,9.9223
27954,9.809706
27975,9.74637
27996,9.697111
28017,9.781557
28038,9.671308
28059,9.765137
28080,9.699456
28101,9.645505
28122,9.551676
28143,9.497724
28164,9.612664
28185,9.568096
28206,9.40624
28227,9.441426
28248,9.436735
28269,9.551676
28290,9.530564
28311,9.432044
28332,9.469575
28353,9.448463
28374,9.572787
28395,9.542293
28416,9.584516
28437,9.495378
28458,9.589207
28479,9.596244
28500,9.523527
28521,9.471921
28542,9.48834
28563,9.401549
28584,9.436735
28605,9.387475
28626,9.507107
28647,9.335869
28668,9.249077
28689,9.321795
28710,9.314757
28731,9.166977
28752,9.005121
28773,9.129445
28794,9.138828
28815,8.955861
28836,9.115371
28857,9.068456
28878,9.019196
28899,9.028579
28920,9.04969
28941,9.108333
28962,9.037962
28983,9.056727
29004,9.110679
29025,9.136482
29046,9.063765
29067,9.138828
29088,9.281918
29109,9.157594
29130,9.239694
29151,9.225619
29172,9.169322
29193,9.227965
29214,9.270188
29235,9.295992
29256,9.216236
29277,9.253768
29298,9.202163
29319,9.267843
29340,9.331178
29361,9.150557
29382,9.246731
29403,9.295992
29424,9.300683
29445,9.399203
29466,9.490686
29487,9.38982
29508,9.448463
29529,9.497724
29550,9.40624
29571,9.434389
29592,9.493032
29613,9.462538
29634,9.434389
29655,9.394512
29676,9.35698
29697,9.352288
29718,9.422661
29739,9.366363
29760,9.249077
29781,9.246731
29802,9.305374
29823,9.312411
29844,9.310066
29865,9.349943
29886,9.361671
29907,9.319448
29928,9.385129
29949,9.38982
29970,9.375746
29991,9.478958
30012,9.441426
30033,9.471921
30054,9.469575
30075,9.56575
30096,9.511798
30117,9.457847
30138,9.542293
30159,9.518835
30180,9.51649
30201,9.493032
30222,9.394512
30243,9.425007
30264,9.317103
30285,9.338214
30306,9.19278
30328,9.197471
30351,9.174014
30372,9.23031
30393,9.148211
30414,9.04969
30435,9.075493
30456,9.232656
30477,9.070802
30498,9.075493
30519,9.164631
30540,9.249077
30561,9.105988
30582,9.068456
30603,9.256114
30624,9.188088
30645,9.162285
30666,9.129445
30687,9.220928
30708,9.150557
30729,9.253768
30750,9.361671
30771,9.40624
30792,9.415624
30813,9.507107
30834,9.382783
30855,9.535255
30876,9.546985
30897,9.518835
30918,9.453156
30939,9.511798
30960,9.61501
30981,9.59859
31002,9.514144
31023,9.422661
31044,9.542293
31065,9.542293
31086,9.51649
31107,9.577478
31128,9.692419
31149,9.53291
31171,9.570441
31192,9.741679
31213,9.671308
31234,9.671308
31255,9.59859
31276,9.781557
31297,9.842546
31318,9.950449
31339,9.978598
31360,10.10996
31381,10.33515
31402,10.35157
31423,10.2765
31444,10.16391
31465,10.37503
31486,10.37503
31507,10.28589
31528,10.17095
31549,10.26947
31570,10.26478
31591,10.0302
31612,10.10996
31633,10.11934
31654,10.01848
31675,9.894152
31696,9.976252
31717,10.04193
31738,9.847238
31759,9.866002
31780,9.903535
31801,10.04897
31822,9.769828
31843,9.795631
31864,9.809706
31885,9.765137
31906,9.685382
31927,9.748716
31948,9.645505
31969,9.633776
31990,9.779211
32011,9.683037
32032,9.66427
32053,9.518835
32074,9.436735
32095,9.673654
32116,9.610318
32137,9.558713
32158,9.575133
32179,9.544639
32200,9.624393
32221,9.607973
32242,9.561059
32263,9.579824
32284,9.462538
32305,9.568096
32326,9.617355
32347,9.607973
32368,9.654888
32389,9.570441
32410,9.612664
32431,9.718222
32452,9.699456
32473,9.554022
32494,9.741679
32515,9.767483
32536,9.786248
32557,9.833163
32578,9.884768
32599,9.77452
32620,9.966869
32641,9.952795
32662,9.971561
32683,10.05366
32704,10.04897
32725,10.04897
32746,10.06773
32767,10.05132
32788,9.945757
32809,9.875386
32830,9.941067
32851,10.0302
32872,10.0044
32893,10.07243
32914,10.00675
32935,9.955141
32956,10.03959
32977,9.969215
32998,9.919954
33019,9.894152
33040,9.903535
33061,9.870694
33082,9.870694
33103,9.90588
33124,9.90588
33145,9.809706
33166,9.795631
33187,9.753407
33208,9.797977
33229,9.79094
33250,9.926992
33271,10.12872
33292,9.889461
33313,9.819089
33334,9.943413
33355,10.04662
33376,9.884768
33397,9.863657
33418,9.9223
33439,9.903535
33460,10.117
33481,10.18502
33502,10.24132
33523,10.21317
33544,10.2507
33565,10.23663
33586,10.23428
33607,10.25774
33628,10.25774
33649,10.2249
33670,10.22255
33691,10.18502
33712,10.26008
33733,10.26712
33754,10.19206
33775,10.13342
33796,10.18268
33817,10.10292
33838,10.15922
33859,10.20379
33880,10.17798
33901,10.23897
33922,10.19441
33943,10.26008
33964,10.18737
33985,10.18268
34006,10.25305
34027,10.21552
34048,10.21552
34069,10.28823
34090,10.307
34111,10.37033
34132,10.32107
34153,10.3633
34174,10.28354
34195,10.29996
34216,10.29058
34237,10.22255
34258,10.15687
34279,10.10527
34300,10.20848
34321,10.13107
34342,10.10292
34363,10.1991
34384,10.12638
34405,10.21317
34426,10.13342
34447,10.1991
34468,10.11934
34489,10.13107
34510,10.21786
34531,10.18502
34552,10.15218
34573,10.23897
34594,10.20613
34615,10.24366
34636,10.1686
34657,10.18033
34678,10.12403
34699,10.18502
34720,10.17798
34741,10.18971
34762,10.16156
34783,10.16626
34804,10.08416
34825,10.19206
34846,10.08181
34867,10.04428
34888,9.999709
34909,9.98329
34930,9.802669
34951,9.80736
34972,9.894152
34993,9.912917
35014,9.840199
35035,9.851928
35056,9.802669
35077,9.851928
35098,9.85662
35119,9.990326
35140,9.999709
35161,9.955141
35182,10.08885
35203,10.14514
35224,10.10996
35245,10.12169
35266,10.17329
35287,10.17798
35308,10.23897
35329,10.26478
35350,10.25539
35371,10.34453
35392,10.24601
35413,10.23897
35434,10.32576
35455,10.34922
35476,10.29762
35497,10.26243
35518,10.29996
35539,10.27181
35560,10.1686
35581,10.08885
35602,10.1686
35623,10.2249
35644,10.10292
35665,10.03489
35686,9.98798
35707,10.0044
35728,10.09588
35749,9.985635
35770,9.884768
35791,9.955141
35812,10.03959
35833,10.04662
35854,10.01378
35875,10.05835
35896,10.16156
35917,10.2507
35938,10.31404
35959,10.36564
35980,10.4149
36001,10.44305
36022,10.45478
36043,10.39614
36064,10.47589
36085,10.57676
36106,10.59552
36127,10.54157
36148,10.51342
36169,10.61429
36190,10.33515
36211,10.39145
36232,10.46885
36253,10.38675
36274,10.13576
36295,10.14514
36316,10.12638
36337,9.999709
36358,10.13342
36379,10.03255
36400,9.959831
36421,9.866002
36442,9.896498
36463,10.00206
36484,9.908226
36505,9.919954
36526,9.741679
36547,9.9223
36568,9.959831
36589,9.917608
36610,10.05601
36631,9.931683
36652,9.915263
36673,9.957487
36694,9.917608
36715,9.938721
36736,9.835509
36757,9.912917
36778,9.896498
36799,9.861312
36820,9.713531
36841,9.678345
36862,9.701802
36883,9.659579
36904,9.596244
36925,9.61501
36946,9.460192
36967,9.490686
36988,9.441426
37009,9.464884
37030,9.422661
37051,9.425007
37072,9.41797
37093,9.441426
37114,9.457847
37135,9.509453
37156,9.478958
37177,9.455501
37198,9.577478
37219,9.584516
37240,9.596244
37261,9.591553
37282,9.38982
37303,9.483649
37324,9.593899
37345,9.392166
37366,9.326486
37387,9.324141
37408,9.427352
37429,9.310066
37450,9.216236
37471,9.190434
37492,9.333523
37513,9.396858
37534,9.113025
37555,9.061419
37576,9.202163
37597,9.263151
37618,9.293646
37639,9.223273
37660,9.206854
37681,9.298337
37702,9.218582
37723,9.143519
37744,9.087222
37765,9.148211
37786,9.141173
37807,9.122408
37828,8.986356
37849,9.216236
37870,9.235003
37891,9.272534
37912,9.176359
37933,9.24204
37954,9.213891
37975,9.295992
37996,9.281918
38017,9.321795
38038,9.312411
38059,9.253768
38080,9.2913
38101,9.105988
38122,9.181051
38143,9.206854
38164,9.197471
38185,9.190434
38206,9.199817
38227,9.178705
38248,9.206854
38269,9.220928
38290,9.166977
38311,9.216236
38332,9.24204
38353,9.211545
38374,9.127099
38395,9.134136
38416,9.239694
38437,9.213891
38458,9.174014
38479,9.312411
38500,9.23031
38521,9.364017
38542,9.375746
38563,9.303029
38584,9.35698
38605,9.354634
38626,9.288955
38647,9.335869
38668,9.190434
38689,9.190434
38710,9.181051
38731,9.138828
38752,9.047344
38773,9.03327
38794,9.021542
38815,8.819809
38836,8.937096
38857,8.904256
38878,8.761166
38899,8.838574
38920,8.876106
38941,9.014504
38962,8.965244
38983,9.028579
39004,9.204508
39025,9.218582
39046,9.166977
39067,9.305374
39088,9.349943
39109,9.528218
39130,9.563404
39151,9.575133
39172,9.66427
39193,9.668962
39214,9.788594
39235,9.744025
39256,9.603281
39277,9.481303
39298,9.59859
39319,9.654888
39340,9.593899
39361,9.413278
39382,9.570441
39403,9.558713
39424,9.577478
39445,9.600936
39466,9.654888
39487,9.495378
39508,9.61501
39529,9.638468
39550,9.624393
39571,9.652542
39592,9.772174
39613,9.85662
39634,9.776865
39655,9.704147
39676,9.866002
39697,9.962177
39718,9.77452
39739,9.762791
39760,9.98798
39781,10.07243
39802,9.985635
39823,9.959831
39844,10.20613
39865,10.03959
39886,10.11465
39907,10.14984
39928,10.00675
39949,9.936375
39970,10.05366
39991,10.04428
40012,9.903535
40033,9.814397
40054,9.713531
40075,9.833163
40096,9.919954
40117,9.800323
40138,9.676
40159,9.718222
40180,9.800323
40201,9.546985
40222,9.450809
40243,9.694765
40264,9.692419
40285,9.563404
40306,9.645505
40327,9.671308
40348,9.558713
40369,9.74637
40390,9.800323
40411,9.706493
40432,9.593899
40453,9.652542
40474,9.769828
40495,9.692419
40516,9.617355
40537,9.476612
40558,9.521181
40579,9.436735
40600,9.509453
40621,9.310066
40642,9.213891
40663,9.171668
40684,8.979319
40705,9.066111
40726,8.991047
40747,9.026234
40768,9.143519
40789,9.19278
40810,9.037962
40831,9.190434
40852,9.202163
40873,9.324141
40894,9.23031
40915,9.413278
40936,9.596244
40957,9.718222
40978,9.612664
40999,9.596244
41020,9.80736
41041,9.795631
41062,9.833163
41083,10.05132
41104,9.98798
41125,10.01144
41146,10.07946
41167,10.29292
41188,10.42663
41209,10.27416
41230,10.33515
41251,10.19675
41272,10.20379
41293,10.30935
41314,10.17095
41335,10.16626
41356,10.1991
41377,10.18033
41398,10.09354
41419,10.08416
41440,10.09588
41461,10.10761
41482,10.11934
41503,10.19441
41524,10.11934
41545,10.16626
41566,10.24366
41587,10.1991
41608,10.10996
41629,10.02082
41650,10.12169
41671,10.13811
41692,10.02317
41713,10.14045
41734,10.17564
41755,10.22725
41776,10.19441
41797,10.35157
41818,10.51342
41839,10.33515
41860,10.22725
41881,10.34922
41902,10.35626
41923,10.29996
41944,10.22255
41965,10.24601
41986,10.23897
42007,10.2812
42028,10.2765
42049,10.19441
42070,10.19675
42091,10.18502
42112,10.12872
42133,10.16391
42154,10.01613
42175,9.990326
42196,9.936375
42217,10.00909
42238,10.01848
42259,10.00675
42280,9.962177
42301,9.957487
42322,10.05366
42343,10.0044
42364,9.973906
42385,10.01613
42406,10.07243
42427,10.15922
42448,10.27181
42469,10.29762
42490,10.22959
42511,10.23428
42532,10.27885
42553,10.21552
42574,10.19441
42595,10.25539
42616,10.18268
42637,10.29527
42658,10.21786
42679,10.14514
42700,10.1686
42721,10.23194
42742,10.14045
42763,10.14749
42784,10.20848
42805,10.19441
42826,10.28823
42847,10.35157
42868,10.33984
42889,10.35626
42910,10.42429
42931,10.38675
42952,10.46416
42973,10.497
42994,10.53923
43015,10.56503
43036,10.56268
43057,10.64244
43078,10.57207
43099,10.5838
43120,10.54861
43141,10.61898
43162,10.61429
43183,10.50404
43204,10.50404
43225,10.44071
43246,10.34453
43267,10.26947
43288,10.21083
43309,10.18033
43330,10.2507
43351,10.15218
43372,10.15218
43393,10.10292
43414,10.08181
43435,10.08181
43456,10.09588
43477,10.08181
43498,10.16156
43519,10.2507
43540,10.29058
43561,10.41725
43582,10.45009
43603,10.44305
43624,10.497
43645,10.44071
43666,10.45244
43687,10.53923
43708,10.50169
43729,10.49466
43750,10.50404
43771,10.49935
43792,10.38675
43813,10.33749
43834,10.23897
43855,10.27885
43876,10.22725
43897,10.25539
43918,9.976252
43939,10.05366
43960,9.926992
43981,9.894152
44002,9.962177
44023,9.887115
44044,9.938721
44065,9.844892
44086,9.945757
44107,9.753407
44128,9.767483
44149,9.826125
44170,9.884768
44191,9.812052
44212,9.800323
44233,9.875386
44254,9.851928
44275,9.901189
44296,9.999709
44317,9.924646
44338,9.957487
44359,10.05132
44380,9.955141
44401,9.990326
44422,10.04897
44443,10.09354
44464,10.18971
44485,10.03724
44506,10.09119
44527,10.18268
44548,10.11465
44569,10.01848
44590,9.945757
44611,9.668962
44632,9.680691
44653,9.535255
44674,9.410933
44695,9.525873
44716,9.457847
44737,9.40624
44758,9.314757
44779,9.478958
44800,9.467229
44821,9.371055
44842,9.385129
44863,9.467229
44884,9.542293
44905,9.643159
44926,9.58217
44947,9.718222
44968,9.77452
44989,9.837853
45010,9.870694
45031,9.783903
45052,9.938721
45073,9.866002
45094,9.854274
45115,9.680691
45136,9.561059
45157,9.51649
45178,9.528218
45199,9.396858
45220,9.399203
45241,9.450809
45262,9.188088
45283,9.070802
45304,9.101295
45325,9.124753
45346,8.976973
45367,8.838574
45388,8.923021
45409,9.077839
45430,9.103642
45451,8.967589
45472,8.98401
45493,9.103642
45514,9.096604
45535,9.253768
45556,8.98401
45577,9.174014
45598,9.237348
45619,9.335869
45640,9.211545
45661,9.317103
45682,9.432044
45703,9.410933
45724,9.328832
45745,9.312411
45766,9.27488
45787,9.324141
45808,9.331178
45829,9.220928
45850,9.225619
45871,9.288955
45892,9.284263
45913,9.174014
45934,9.162285
45955,9.188088
45976,9.13179
45997,9.2913
46018,9.220928
46039,9.305374
46060,9.239694
46081,9.220928
46102,9.272534
46123,9.225619
46144,9.300683
46165,9.305374
46186,9.35698
46207,9.387475
46228,9.425007
46249,9.481303
46270,9.453156
46291,9.493032
46312,9.518835
46333,9.347597
46354,9.403895
46375,9.373401
46396,9.253768
46417,9.300683
46438,9.199817
46459,9.183396
46480,9.162285
46501,9.059073
46522,9.164631
46543,9.249077
46564,9.091913
46585,9.19278
46606,9.077839
46627,9.188088
46648,9.183396
46669,9.223273
46690,9.166977
46711,9.204508
46732,9.235003
46753,9.288955
46774,9.342906
46795,9.392166
46816,9.359325
46837,9.420315
46858,9.478958
46879,9.504761
46900,9.441426
46921,9.420315
46942,9.467229
46963,9.410933
46984,9.410933
47005,9.425007
47026,9.314757
47047,9.206854
47068,9.220928
47089,9.028579
47110,9.101295
47131,8.98401
47152,8.944133
47173,8.960552
47194,8.885489
47215,8.972281
47236,8.946478
47257,8.998084
47278,9.01685
47299,9.028579
47320,9.035616
47341,9.185742
47362,9.314757
47383,9.342906
47404,9.497724
47425,9.680691
47446,9.624393
47467,9.711185
47488,9.781557
47509,9.898843
47530,9.950449
47551,9.884768
47572,9.87304
47593,9.896498
47614,9.816743
47635,9.741679
47656,9.814397
47677,9.938721
47698,9.654888
47719,9.624393
47740,9.861312
47761,9.715877
47782,9.349943
47803,9.551676
47824,9.783903
47845,9.605627
47866,9.23031
47887,9.359325
47908,9.699456
47929,9.478958
47950,9.056727
47971,9.267843
47992,9.572787
48013,9.183396
48034,9.080185
48055,9.624393
48076,9.830817
48097,9.415624
48118,9.408587
48139,9.858966
48160,9.98798
48181,9.584516
48202,9.661925
48223,9.828471
48244,9.612664
48265,9.678345
48286,9.805015
48307,9.748716
48328,9.607973
48349,9.687728
48370,9.767483
48391,9.66427
48412,9.542293
48433,9.518835
48454,9.474266
48475,9.425007
48496,9.375746
48517,9.399203
48538,9.220928
48559,9.368709
48580,9.23031
48601,9.249077
48622,9.2092
48643,9.30772
48664,9.162285
48685,9.13179
48706,9.237348
48727,9.263151
48748,9.176359
48769,9.190434
48790,9.335869
48811,9.425007
48832,9.328832
48853,9.354634
48874,9.661925
48895,9.66427
48916,9.666616
48937,9.919954
48958,9.924646
48979,9.779211
49000,9.74637
49021,9.795631
49042,9.849584
49063,9.929338
49084,9.858966
49105,9.781557
49126,9.760445
49147,10.01378
49168,10.01144
49189,10.06773
49210,10.02786
49231,9.929338
49252,10.07008
49273,10.15218
49294,10.28589
49315,10.29762
49336,10.33515
49357,10.34453
49378,10.46416
49399,10.41021
49420,10.38675
49441,10.4712
49462,10.51108
49483,10.44305
49504,10.46885
49525,10.5838
49546,10.35157
49567,10.49231
49588,10.28823
49609,10.37972
49630,10.35861
49651,10.31873
49672,10.38441
49693,10.33046
49714,10.33515
49735,10.27181
49756,10.20613
49777,10.19675
49798,10.20379
49819,10.24601
49840,10.1991
49861,10.19441
49882,10.19675
49903,10.20613
49924,10.18737
49945,10.09354
49966,10.06305
49987,10.09588
50008,10.22021
50029,10.33984
50050,10.25774
50071,10.39145
50092,10.41021
50113,10.32576
50134,10.36095
50155,10.37737
50176,10.2812
50197,10.40083
50218,10.32576
50239,10.3328
50260,10.36564
50281,10.22725
50302,10.16626
50323,10.20613
50344,10.2249
50365,10.29762
50386,10.20848
50407,10.31873
50428,10.29058
50449,10.23663
50470,10.25539
50491,10.34922
50512,10.23428
50533,10.31638
50554,10.39145
50575,10.47355
50596,10.3891
50617,10.44774
50638,10.53219
50659,10.50169
50680,10.46885
50701,10.47355
50722,10.49935
50743,10.54861
50764,10.45244
50785,10.48293
50806,10.39145
50827,10.35626
50848,10.33984
50869,10.33515
50890,10.31638
50911,10.26008
50932,10.18971
50953,10.21786
50974,10.23897
50995,10.25539
51016,10.24836
51037,10.16156
51058,10.32342
51079,10.25305
51100,10.307
51121,10.34219
51142,10.35157
51163,10.38675
51184,10.40552
51205,10.35391
51226,10.41959
51247,10.37737
51268,10.39379
51289,10.41021
51310,10.37503
51331,10.3328
51352,10.19675
51373,10.43367
51394,10.37268
51415,10.0302
51436,10.14045
51457,10.13576
51478,10.05835
51499,10.03489
51520,10.03489
51541,9.969215
51562,9.950449
51583,9.941067
51604,10.00675
51625,9.98329
51646,9.990326
51667,9.999709
51688,10.05132
51709,10.17095
51730,10.12638
51751,10.29292
51772,10.27416
51793,10.31873
51814,10.45713
51838,10.39379
51863,10.45478
51884,10.4712
51905,10.60725
51926,10.71985
51947,10.66824
51968,10.64478
51989,10.53923
52010,10.6096
52031,10.6354
52052,10.50639
52073,10.51577
52094,10.34219
52115,10.35391
52136,10.39379
52157,10.23428
52178,10.23897
52199,10.28823
52220,10.1123
52241,10.24132
52262,10.14984
52283,10.13811
52304,10.05835
52325,10.26008
52346,10.08416
52367,9.828471
52388,9.938721
52409,10.04662
52430,10.06539
52451,9.955141
52472,9.654888
52493,9.41797
52514,9.542293
52535,9.575133
52556,9.481303
52577,9.331178
52598,9.094258
52619,9.026234
52640,9.237348
52661,9.310066
52682,9.087222
52703,8.944133
52724,8.906601
52745,9.063765
52766,9.174014
52787,9.04969
52808,9.019196
52829,9.225619
52850,9.408587
52871,9.235003
52892,9.110679
52913,9.143519
52934,9.265497
52955,9.263151
52976,9.166977
52997,9.30772
53018,9.591553
53039,9.546985
53060,9.335869
53081,9.352288
53102,9.631431
53123,9.523527
53144,9.298337
53165,9.206854
53186,9.373401
53207,9.530564
53228,9.413278
53249,9.251423
53270,9.298337
53291,9.446118
53312,9.467229
53333,9.420315
53354,9.394512
53375,9.542293
53396,9.51649
53417,9.530564
53438,9.485995
53459,9.528218
53480,9.657233
53502,9.633776
53523,9.610318
53544,9.586862
53565,9.619701
53586,9.694765
53607,9.751062
53628,9.781557
53649,9.788594
53670,9.701802
53691,9.657233
53712,9.678345
53733,9.673654
53754,9.626739
53775,9.483649
53796,9.333523
53817,9.380438
53838,9.441426
53859,9.425007
53880,9.455501
53901,9.453156
53922,9.319448
53943,9.483649
53964,9.497724
53985,9.319448
54006,9.40624
54027,9.345251
54048,9.256114
54069,9.284263
54090,9.293646
54111,9.335869
54132,9.206854
54153,9.249077
54174,9.281918
54195,9.249077
54216,9.321795
54237,9.317103
54258,9.314757
54279,9.19278
54300,9.345251
54321,9.345251
54342,9.375746
54363,9.347597
54384,9.314757
54405,9.251423
54426,9.349943
54447,9.380438
54468,9.403895
54489,9.378092
54510,9.385129
54531,9.392166
54552,9.432044
54573,9.478958
54594,9.399203
54615,9.50007
54636,9.371055
54657,9.453156
54678,9.427352
54699,9.345251
54720,9.50007
54741,9.535255
54762,9.399203
54783,9.35698
54804,9.392166
54825,9.474266
54846,9.38982
54867,9.481303
54888,9.455501
54909,9.476612
54930,9.50007
54951,9.51649
54972,9.589207
54993,9.51649
55014,9.457847
55035,9.521181
55056,9.605627
55077,9.542293
55098,9.51649
55119,9.732296
55140,9.659579
55161,9.422661
55182,9.633776
55203,9.683037
55224,9.56575
55245,9.518835
55266,9.699456
55287,9.600936
55308,9.514144
55329,9.610318
55350,9.668962
55371,9.603281
55392,9.683037
55413,9.685382
55434,9.643159
55455,9.713531
55476,9.802669
55497,9.53291
55518,9.535255
55539,9.732296
55560,9.483649
55581,9.382783
55602,9.612664
55623,9.661925
55644,9.171668
55665,9.197471
55686,9.502416
55707,9.474266
55728,9.070802
55749,9.300683
55770,9.779211
55791,9.469575
55812,9.27488
55833,9.734642
55854,9.77452
55875,9.539948
55896,9.58217
55917,9.943413
55938,9.741679
55959,9.546985
55980,9.812052
56001,9.819089
56022,9.56575
56043,9.392166
56064,9.718222
56085,9.734642
56106,9.429698
56127,9.35698
56148,9.59859
56169,9.619701
56190,9.338214
56211,9.253768
56232,9.399203
56253,9.232656
56274,9.127099
56295,9.457847
56316,9.544639
56337,9.300683
56358,9.300683
56379,9.596244
56400,9.697111
56421,9.556367
56442,9.563404
56463,9.661925
56484,9.603281
56505,9.485995
56526,9.572787
56547,9.786248
56568,9.676
56589,9.528218
56610,9.722914
56631,9.640813
56652,9.41797
56673,9.530564
56694,9.708839
56715,9.722914
56736,9.631431
56757,9.584516
56778,9.650196
56799,9.607973
56820,9.612664
56841,9.605627
56862,9.654888
56883,9.591553
56904,9.612664
56925,9.683037
56946,9.706493
56967,9.837853
56988,9.624393
57009,9.657233
57030,9.814397
57051,9.802669
57072,9.77452
57093,9.819089
57114,9.945757
57135,9.868348
57156,9.809706
57177,9.9223
57198,10.05601
57219,9.877731
57240,9.901189
57261,10.05132
57282,10.17798
57303,10.10527
57324,10.0865
57345,10.06539
57366,9.964523
57387,10.12403
57408,10.18971
57429,10.1686
57450,10.1686
57471,10.18971
57492,10.1686
57513,10.26243
57534,10.23428
57555,10.17564
57576,10.18033
57597,10.35861
57618,10.26008
57639,10.24132
57660,10.19206
57681,10.20848
57702,10.1686
57723,10.25774
57744,10.24601
57765,10.35157
57786,10.30935
57807,10.45244
57828,10.41959
57849,10.54157
57870,10.50639
57891,10.45713
57912,10.42429
57933,10.40787
57954,10.36799
57975,10.38441
57996,10.3633
58017,10.39848
58038,10.3891
58059,10.29058
58080,10.28823
58101,10.33515
58122,10.39145
58143,10.34219
58164,10.32576
58185,10.31638
58206,10.45244
58227,10.41021
58248,10.33515
58269,10.28354
58290,10.307
58311,10.27885
58332,10.26243
58353,10.33046
58374,10.32811
58395,10.29292
58416,10.28823
58437,10.28589
58458,10.32811
58479,10.30465
58500,10.25305
58521,10.29292
58542,10.34922
58563,10.33046
58584,10.24836
58605,10.35157
58626,10.31638
58647,10.3328
58668,10.33984
58689,10.27885
58710,10.27416
58731,10.27416
58752,10.20144
58773,10.27885
58794,10.34219
58815,10.28354
58836,10.23663
58857,10.26008
58878,10.23194
58899,10.29762
58920,10.22021
58941,10.27416
58962,10.29292
58983,10.36799
59004,10.34688
59025,10.36799
59046,10.36095
59067,10.40787
59088,10.37033
59109,10.44774
59130,10.37033
59151,10.3633
59172,10.2765
59193,10.32576
59214,10.27416
59235,10.35861
59256,10.21317
59277,10.26478
59298,10.23194
59319,10.20379
59340,10.1686
59361,10.12403
59382,10.15687
59403,10.117
59424,9.999709
59445,9.734642
59466,9.957487
59487,9.74637
59508,10.21552
59529,9.882422
59550,10.15453
59571,9.797977
59592,10.16391
59613,10.04662
59634,10.08416
59655,10.12638
59676,10.14749
59697,10.117
59718,10.23194
59739,10.1991
59760,10.25305
59781,10.26243
59802,10.31638
59823,10.28823
59844,10.31404
59865,10.22255
59886,10.17564
59907,10.21083
59928,10.10292
59949,10.18971
59970,10.21552
59991,10.12403
60012,10.12638
60033,10.02082
60054,10.0044
60075,10.06305
60096,9.955141
60117,10.0607
60138,9.971561
60159,9.896498
60180,10.02551
60201,10.04428
60222,10.06539
60243,10.00206
60264,9.997364
60285,10.17095
60306,10.05132
60327,10.02317
60348,10.04662
60369,10.03489
60390,10.00675
60411,9.966869
60432,10.04897
60453,10.15218
60474,10.05366
60495,10.14984
60516,10.08181
60537,10.11934
60558,10.07712
60579,10.09823
60600,10.16391
60621,10.18737
60642,10.19206
60663,10.26947
60684,10.21083
60705,10.20379
60726,10.26243
60747,10.26243
60768,10.16391
60789,10.09119
60810,10.20379
60831,10.23428
60852,10.09823
60873,9.903535
60894,9.915263
60915,9.971561
60936,9.884768
60957,9.769828
60978,9.751062
60999,9.722914
61020,9.542293
61041,9.474266
61062,9.368709
61083,9.354634
61104,9.361671
61125,9.188088
61146,9.080185
61167,9.239694
61188,9.211545
61209,9.066111
61230,9.096604
61251,9.138828
61272,9.021542
61293,9.080185
61314,9.075493
61335,9.204508
61356,9.157594
61377,9.30772
61398,9.141173
61419,9.272534
61440,9.420315
61461,9.371055
61482,9.305374
61503,9.446118
61524,9.518835
61545,9.521181
61566,9.558713
61587,9.563404
61608,9.645505
61629,9.61501
61650,9.572787
61671,9.523527
61692,9.661925
61713,9.713531
61734,9.652542
61755,9.551676
61776,9.626739
61797,9.626739
61818,9.657233
61839,9.425007
61860,9.483649
61881,9.446118
61902,9.523527
61923,9.314757
61944,9.34056
61965,9.41797
61986,9.354634
62007,9.251423
62028,9.2913
62049,9.321795
62070,9.305374
62091,9.256114
62112,9.190434
62133,9.249077
62154,9.213891
62175,9.204508
62196,9.253768
62217,9.432044
62238,9.354634
62259,9.396858
62280,9.324141
62301,9.375746
62322,9.462538
62343,9.474266
62364,9.382783
62385,9.420315
62406,9.303029
62427,9.300683
62448,9.368709
62469,9.34056
62490,9.317103
62511,9.253768
62532,9.288955
62553,9.281918
62574,9.328832
62595,9.277225
62616,9.295992
62637,9.244386
62658,9.25846
62679,9.256114
62700,9.295992
62721,9.324141
62742,9.279572
62763,9.267843
62784,9.253768
62805,9.288955
62826,9.321795
62847,9.361671
62868,9.38982
62889,9.427352
62910,9.493032
62931,9.450809
62952,9.476612
62973,9.427352
62994,9.371055
63015,9.422661
63036,9.345251
63057,9.253768
63078,9.300683
63099,9.23031
63120,9.227965
63141,9.108333
63162,9.089567
63183,9.028579
63204,9.044999
63225,9.105988
63246,9.15994
63267,9.181051
63288,9.227965
63309,9.321795
63330,9.434389
63351,9.349943
63372,9.354634
63393,9.450809
63414,9.413278
63435,9.420315
63456,9.345251
63477,9.469575
63498,9.572787
63519,9.450809
63540,9.469575
63561,9.539948
63582,9.523527
63603,9.361671
63624,9.225619
63645,9.403895
63666,9.38982
63687,9.300683
63708,9.225619
63729,9.338214
63750,9.218582
63771,9.075493
63792,9.073148
63813,9.096604
63834,9.164631
63855,9.145865
63876,9.138828
63897,9.232656
63918,9.213891
63939,9.120062
63960,9.141173
63981,9.239694
64002,9.288955
64023,9.223273
64044,9.354634
64065,9.457847
64086,9.446118
64107,9.593899
64128,9.722914
64149,9.793285
64170,9.741679
64191,9.840199
64212,10.02786
64233,10.04662
64254,10.11934
64275,10.13576
64296,10.04897
64317,9.87304
64338,9.98798
64359,9.985635
64380,9.995018
64401,9.917608
64422,9.837853
64443,9.830817
64464,9.701802
64485,9.577478
64506,9.692419
64527,9.741679
64548,9.666616
64569,9.443772
64590,9.551676
64611,9.692419
64632,9.668962
64653,9.575133
64674,9.586862
64695,9.542293
64716,9.530564
64737,9.485995
64758,9.511798
64779,9.638468
64800,9.673654
64821,9.577478
64842,9.474266
64863,9.699456
64884,9.7581
64905,9.619701
64926,9.572787
64947,9.657233
64968,9.612664
64989,9.690074
65010,9.617355
65031,9.783903
65052,9.849584
65073,9.894152
65094,9.966869
65115,9.943413
65136,9.973906
65157,9.870694
65178,10.01848
65199,10.03959
65220,10.00675
65241,9.931683
65262,9.929338
65283,10.06305
65304,10.13576
65325,10.09823
65346,10.12169
65367,10.22255
65388,10.24132
65409,10.26712
65430,10.2249
65451,10.31638
65472,10.47589
65493,10.47355
65514,10.40083
65535,10.41256
65556,10.28589
65577,10.32342
65598,10.23428
65619,10.18971
65640,10.14045
65661,10.05835
65682,10.1123
65703,10.00909
65724,9.976252
65745,9.952795
65766,9.898843
65787,9.863657
65808,9.828471
65829,9.929338
65850,10.08885
65871,10.16156
65892,10.22021
65913,10.26712
65934,10.29527
65955,10.28354
65976,10.31638
65997,10.36799
66018,10.53923
66039,10.47824
66060,10.49231
66081,10.46416
66102,10.40787
66123,10.45009
66144,10.41256
66165,10.34453
66186,10.34688
66207,10.36095
66228,10.44305
66249,10.42429
66270,10.55096
66291,10.52046
66312,10.46885
66333,10.3891
66354,10.48528
66375,10.37972
66396,10.44305
66417,10.46885
66438,10.42429
66459,10.46651
66480,10.53219
66501,10.55565
66522,10.5791
66543,10.62836
66564,10.61429
66585,10.64244
66606,10.64713
66627,10.61898
66648,10.58849
66669,10.59083
66690,10.56972
66711,10.60725
66732,10.49466
66753,10.39145
66774,10.43367
66795,10.30935
66816,10.30465
66837,10.2765
66858,10.22021
66879,10.21786
66900,10.27181
66921,10.37737
66942,10.23194
66963,10.29996
66984,10.29527
67005,10.28589
67026,10.31169
67047,10.40787
67068,10.39848
67089,10.42429
67110,10.43132
67131,10.45244
67152,10.53453
67173,10.56268
67194,10.35391
67215,10.06773
67236,11.63703
67257,10.58145
67278,10.63306
67299,10.24836
67320,10.44305
67341,10.05835
67362,10.23194
67383,10.12169
67404,10.00206
67425,9.973906
67446,9.849584
67467,9.762791
67488,9.849584
67509,9.697111
67530,9.741679
67551,9.570441
67572,9.732296
67593,9.826125
67614,9.842546
67635,9.919954
67656,9.943413
67677,10.01613
67698,10.01144
67719,10.14045
67740,10.15922
67761,10.14984
67782,10.34688
67803,10.4454
67824,10.45713
67845,10.51811
67866,10.54626
67887,10.44774
67908,10.44071
67929,10.60491
67950,10.60256
67971,10.56972
67992,10.43836
68013,10.36564
68034,10.47824
68055,10.37033
68076,10.24366
68097,10.25305
68118,10.31873
68139,10.3328
68160,10.33749
68181,10.19206
68202,10.1991
68223,10.16391
68244,10.15218
68265,10.05835
68286,10.07243
68307,9.887115
68328,9.98798
68349,10.02786
68370,9.980944
68391,9.990326
68412,9.98329
68433,9.980944
68454,9.847238
68475,9.673654
68496,9.612664
68517,9.631431
68538,9.469575
68559,9.441426
68580,9.352288
68601,9.305374
68622,9.432044
68643,9.403895
68664,9.455501
68685,9.183396
68706,9.249077
68727,9.342906
68748,9.286609
68769,9.216236
68790,9.073148
68811,9.117716
68832,9.080185
68853,9.115371
68874,9.070802
68895,9.15994
68916,9.326486
68937,9.312411
68958,9.213891
68979,9.27488
69000,9.246731
69021,9.164631
69042,9.188088
69063,9.129445
69084,9.34056
69105,9.410933
69126,9.27488
69147,9.115371
69168,9.265497
69189,9.227965
69210,9.195126
69231,9.134136
69252,9.333523
69273,9.199817
69294,9.094258
69315,9.063765
69336,8.995738
69357,8.918329
69378,8.944133
69399,8.991047
69420,9.04969
69441,9.042653
69462,8.995738
69483,9.063765
69504,9.113025
69525,9.13179
69546,9.279572
69567,9.312411
69588,9.2913
69609,9.338214
69630,9.439081
69651,9.539948
69672,9.546985
69693,9.495378
69714,9.617355
69735,9.671308
69756,9.530564
69777,9.568096
69798,9.537601
69819,9.443772
69840,9.490686
69861,9.420315
69882,9.436735
69903,9.403895
69924,9.525873
69945,9.284263
69966,9.366363
69987,9.420315
70008,9.199817
70029,9.373401
70050,9.270188
70071,9.347597
70092,9.394512
70113,9.35698
70134,9.392166
70155,9.408587
70176,9.471921
70197,9.511798
70218,9.413278
70239,9.413278
70260,9.568096
70281,9.457847
70302,9.436735
70323,9.561059
70344,9.528218
70365,9.436735
70386,9.610318
70407,9.495378
70428,9.401549
70449,9.319448
70470,9.432044
70491,9.300683
70512,9.34056
70533,9.206854
70554,9.312411
70575,9.30772
70596,9.211545
70617,9.23031
70638,9.326486
70659,9.328832
70680,9.303029
70701,9.281918
70722,9.359325
70743,9.361671
70764,9.366363
70785,9.434389
70806,9.385129
70827,9.408587
70848,9.485995
70869,9.413278
70890,9.464884
70911,9.436735
70932,9.546985
70953,9.50007
70974,9.525873
70995,9.50007
71016,9.373401
71037,9.413278
71058,9.319448
71079,9.232656
71100,9.206854
71121,9.249077
71142,9.206854
71163,9.091913
71184,8.991047
71205,9.13179
71226,9.138828
71247,8.967589
71268,8.974627
71289,9.070802
71310,9.063765
71331,9.101295
71352,9.314757
71373,9.434389
71394,9.335869
71415,9.523527
71436,9.577478
71457,9.54933
71478,9.629085
71499,9.676
71520,9.546985
71541,9.706493
71562,9.753407
71583,9.593899
71604,9.640813
71625,9.812052
71646,9.769828
71667,9.586862
71688,9.610318
71709,9.704147
71730,9.690074
71751,9.561059
71772,9.556367
71793,9.643159
71814,9.551676
71835,9.41797
71856,9.504761
71877,9.485995
71898,9.476612
71919,9.368709
71940,9.535255
71961,9.474266
71982,9.432044
72003,9.554022
72024,9.467229
72045,9.514144
72066,9.633776
72087,9.687728
72108,9.643159
72129,9.54933
72150,9.591553
72171,9.673654
72192,9.504761
72213,9.676
72234,9.699456
72255,9.56575
72276,9.551676
72297,9.755754
72318,9.732296
72339,9.725259
72360,9.847238
72381,9.765137
72402,9.722914
72423,9.638468
72444,9.760445
72465,9.690074
72486,9.572787
72507,9.617355
72528,9.495378
72549,9.453156
72570,9.481303
72591,9.347597
72612,9.352288
72633,9.38982
72654,9.481303
72675,9.636122
72696,9.453156
72717,9.467229
72738,9.659579
72759,9.610318
72780,9.579824
72801,9.861312
72822,9.823779
72843,9.779211
72864,9.828471
72885,9.795631
72906,9.826125
72927,9.959831
72948,9.866002
72969,9.769828
72990,9.795631
73011,9.870694
73032,9.828471
73053,10.02551
73074,10.0302
73095,9.917608
73116,9.821435
73137,9.957487
73158,10.11465
73179,10.20144
73200,10.13342
73221,10.17095
73242,10.25539
73263,10.29996
73284,10.27181
73305,10.33046
73326,10.31873
73347,10.34922
73368,10.30935
73389,10.42898
73410,10.48293
73431,10.50873
73452,10.45244
73473,10.34688
73494,10.38206
73515,10.31638
73536,10.31638
73557,10.45009
73578,10.48762
73599,10.52515
73620,10.48762
73641,10.40787
73662,10.39848
73683,10.46182
73704,10.36095
73725,10.32107
73746,10.36799
73767,10.34688
73788,10.38441
73809,10.39145
73830,10.40552
73851,10.31873
73872,10.3328
73893,10.30231
73914,10.28589
73935,10.35626
73956,10.32811
73977,10.34219
73998,10.37503
74019,10.3891
74040,10.34219
74061,10.38206
74082,10.41725
74103,10.33515
74124,10.3633
74145,10.39848
74166,10.42194
74187,10.48997
74208,10.45713
74229,10.60491
74250,10.45478
74271,10.38206
74292,10.28823
74313,10.2812
74334,10.20613
74355,10.23194
74376,10.25774
74397,10.30465
74418,10.29292
74439,10.34453
74460,10.34453
74481,10.32811
74502,10.32107
74523,10.37033
74544,10.4149
74565,10.41725
74586,10.48762
74607,10.48528
74628,10.57441
74649,10.6096
74670,10.48762
74691,10.59318
74712,10.60256
74733,10.60256
74754,10.61429
74775,10.66355
74796,10.54157
74817,10.62367
74838,10.58849
74859,10.497
74880,10.38441
74901,10.50169
74922,10.06773
74943,10.497
74964,10.5791
74985,9.962177
75006,10.56738
75027,10.14045
75048,10.40787
75069,10.08416
75090,10.20613
75111,10.12169
75132,10.18737
75153,10.09354
75174,10.29762
75195,10.21083
75216,10.22725
75237,10.1991
75258,10.32342
75279,10.33515
75300,10.53219
75321,10.37033
75342,10.40317
75363,10.42663
75384,10.4454
75405,10.45244
75426,10.39379
75447,10.36564
75468,10.22021
75489,10.21552
75510,10.2507
75531,10.16391
75552,10.25539
75573,10.18268
75594,9.938721
75615,9.849584
75636,10.00909
75657,10.0044
75678,9.969215
75699,9.854274
75720,9.786248
75741,9.870694
75762,9.915263
75783,9.80736
75804,9.760445
75825,9.844892
75846,9.783903
75867,9.772174
75888,9.80736
75909,9.880077
75930,9.936375
75951,9.849584
75972,9.997364
75993,9.999709
76014,9.854274
76035,9.910572
76056,9.844892
76077,9.98798
76098,9.990326
76119,9.919954
76140,10.00206
76161,9.98798
76182,9.938721
76203,10.03724
76224,10.00909
76245,9.809706
76266,9.654888
76287,9.676
76308,9.617355
76329,9.554022
76350,9.504761
76371,9.546985
76392,9.420315
76413,9.394512
76434,9.371055
76455,9.504761
76476,9.50007
76497,9.371055
76518,9.293646
76539,9.279572
76560,9.450809
76581,9.478958
76602,9.51649
76623,9.521181
76644,9.38982
76665,9.504761
76686,9.502416
76707,9.490686
76728,9.504761
76749,9.53291
76770,9.514144
76791,9.509453
76812,9.462538
76833,9.589207
76854,9.561059
76875,9.443772
76896,9.478958
76917,9.457847
76938,9.518835
76959,9.420315
76980,9.380438
77001,9.35698
77022,9.319448
77043,9.394512
77064,9.277225
77085,9.326486
77106,9.303029
77127,9.303029
77148,9.34056
77169,9.396858
77190,9.420315
77211,9.483649
77232,9.521181
77253,9.392166
77274,9.441426
77295,9.483649
77316,9.551676
77337,9.558713
77358,9.453156
77379,9.485995
77400,9.427352
77421,9.51649
77442,9.40624
77463,9.30772
77484,9.378092
77505,9.326486
77526,9.298337
77547,9.354634
77568,9.232656
77589,9.183396
77610,9.197471
77631,9.138828
77652,9.188088
77673,9.171668
77694,9.127099
77715,9.080185
77736,9.129445
77757,9.145865
77778,9.103642
77799,9.249077
77820,9.195126
77841,9.312411
77862,9.305374
77883,9.403895
77904,9.382783
77925,9.434389
77946,9.382783
77967,9.382783
77988,9.312411
78009,9.347597
78030,9.352288
78051,9.263151
78072,9.237348
78093,9.256114
78114,9.150557
78135,9.251423
78156,9.202163
78177,9.141173
78198,9.162285
78219,9.235003
78240,9.213891
78261,9.253768
78282,9.303029
78303,9.251423
78324,9.2913
78345,9.319448
78366,9.293646
78387,9.23031
78408,9.300683
78429,9.263151
78450,9.331178
78471,9.422661
78492,9.366363
78513,9.368709
78534,9.387475
78555,9.579824
78576,9.464884
78597,9.41797
78618,9.265497
78639,9.385129
78660,9.441426
78681,9.239694
78702,9.279572
78723,9.204508
78744,9.068456
78765,9.127099
78786,9.136482
78807,8.941787
78828,9.023888
78849,9.080185
78870,9.03327
78891,9.012158
78912,9.2092
78933,9.202163
78954,9.244386
78975,9.246731
78996,9.319448
79017,9.392166
79038,9.485995
79059,9.629085
79080,9.586862
79101,9.654888
79122,9.779211
79143,9.713531
79164,9.765137
79185,9.741679
79206,9.760445
79227,9.814397
79248,9.769828
79269,9.537601
79290,9.713531
79311,9.671308
79332,9.676
79353,9.53291
79374,9.54933
79395,9.448463
79416,9.471921
79437,9.378092
79458,9.338214
79479,9.378092
79500,9.375746
79521,9.312411
79542,9.375746
79563,9.448463
79584,9.509453
79605,9.441426
79626,9.448463
79647,9.593899
79668,9.48834
79689,9.633776
79710,9.760445
79731,9.654888
79752,9.638468
79773,9.917608
79794,9.823779
79815,9.713531
79836,9.978598
79857,9.903535
79878,9.781557
79899,9.889461
79920,9.952795
79941,9.812052
79962,9.858966
79983,10.0607
80004,10.07477
80025,9.727605
80046,9.805015
80067,9.990326
80088,10.01378
80109,9.814397
80130,9.718222
80151,9.912917
80172,9.903535
80193,9.882422
80214,9.936375
80235,9.713531
80256,9.570441
80277,9.546985
80298,9.715877
80319,9.680691
80340,9.556367
80361,9.673654
80382,9.711185
80403,9.699456
80424,9.715877
80445,9.586862
80466,9.802669
80487,9.736988
80508,9.704147
80529,9.753407
80550,9.701802
80571,9.713531
80592,9.706493
80613,9.607973
80634,9.636122
80655,9.619701
80676,9.638468
80697,9.715877
80718,9.727605
80739,9.769828
80760,9.929338
80781,9.903535
80802,9.887115
80823,9.943413
80844,10.04662
80865,9.948103
80886,9.889461
80907,9.840199
80928,9.938721
80949,9.849584
80970,9.826125
80991,9.840199
81012,9.936375
81033,9.805015
81054,9.908226
81075,9.915263
81096,9.868348
81117,9.866002
81138,9.85662
81159,9.926992
81180,9.938721
81201,10.00909
81222,10.07008
81243,10.05601
81264,10.02082
81285,9.962177
81306,10.06539
81327,9.98798
81348,9.98329
81369,9.910572
81390,10.02317
81411,10.03489
81432,10.05132
81453,10.02786
81474,9.924646
81495,9.985635
81516,9.966869
81537,9.919954
81558,9.884768
81579,10.01378
81600,9.971561
81621,10.01848
81642,10.00206
81663,10.01144
81684,9.948103
81705,10.0044
81726,10.00206
81747,10.13811
81768,10.1123
81789,10.27885
81810,10.28589
81831,10.21083
81852,10.23897
81873,10.24836
81894,10.22255
81915,10.22959
81936,10.13576
81957,10.23663
81978,10.30935
81999,10.23428
82020,10.16391
82041,10.04193
82062,10.16391
82083,10.15453
82104,10.20613
82125,10.11934
82146,10.1686
82167,10.12872
82188,10.12169
82209,10.117
82230,10.10527
82251,10.08416
82272,10.03959
82293,10.09354
82314,10.1123
82335,10.02551
82356,10.13342
82377,10.13342
82398,10.17095
82419,10.17095
82440,10.12872
82461,10.18971
82482,10.16626
82503,10.22725
82524,10.1991
82545,10.21083
82566,10.13342
82587,10.20848
82608,10.16391
82629,10.20379
82650,10.15453
82671,10.11934
82692,10.12872
82713,10.10292
82734,10.18033
82755,10.07712
82776,10.11934
82797,10.07712
82818,10.03959
82839,10.10996
82860,10.1686
82881,10.13576
82902,10.17329
82923,10.10996
82944,10.17329
82965,10.18033
82986,10.1686
83007,10.20144
83028,10.18971
83049,10.20613
83070,10.24836
83091,10.19206
83112,10.25305
83133,10.24601
83154,10.27416
83175,10.2507
83196,10.25774
83217,10.17564
83238,10.15453
83259,10.16626
83280,10.20848
83301,10.0865
83322,10.12872
83343,10.15687
83364,10.12638
83385,10.16391
83406,10.07008
83427,10.47589
83448,10.68701
83469,10.05835
83490,10.3633
83511,10.07946
83532,10.46416
83553,10.17798
83574,10.32576
83595,10.09823
83616,10.27181
83637,10.35861
83658,10.40317
83679,10.33984
83700,10.48293
83721,10.38675
83742,10.49231
83763,10.50873
83784,10.45478
83805,10.49466
83826,10.52984
83847,10.5275
83868,10.4712
83889,10.61664
83910,10.48997
83931,10.54157
83952,10.41959
83973,10.54157
83994,10.66121
84015,10.60022
84036,10.59787
84057,10.60022
84078,10.6096
84099,10.55799
84120,10.66121
84141,10.53688
84162,10.55799
84183,10.53688
84204,10.54861
84225,10.59552
84246,10.6917
84267,10.68466
84288,10.64478
84309,10.63306
84330,10.61664
84351,10.71281
84372,10.67997
84393,10.6917
84414,10.79022
84435,10.74331
84456,10.7175
84477,10.81602
84498,10.67997
84519,10.66121
84540,10.67059
84561,10.63306
84582,10.55565
84603,10.56972
84624,10.44774
84645,10.48058
84666,10.31169
84687,10.24836
84708,10.27416
84729,10.20848
84750,10.17798
84771,10.04897
84792,9.652542
84813,9.521181
84834,9.490686
84855,9.446118
84876,9.2913
84897,9.169322
84918,9.150557
84939,8.923021
84960,8.707214
84981,8.695485
85002,8.754128
85023,8.836229
85044,8.758821
85065,8.730671
85086,8.747091
85107,8.815118
85128,8.946478
85149,8.84092
85170,8.869069
85191,8.843266
85212,9.002776
85233,8.93475
85254,8.878452
85275,8.958207
85296,9.01685
85317,8.859686
85338,8.890181
85359,8.976973
85380,8.998084
85401,9.014504
85422,9.030925
85443,9.096604
85464,9.09895
85485,9.113025
85506,9.204508
85527,9.124753
85548,9.169322
85569,9.176359
85590,9.19278
85611,9.2913
85632,9.199817
85653,9.164631
85674,9.281918
85695,9.284263
85716,9.279572
85737,9.27488
85758,9.288955
85779,9.321795
85800,9.197471
85821,9.197471
85842,9.213891
85863,9.321795
85884,9.380438
85905,9.30772
85926,9.288955
85947,9.333523
85968,9.298337
85989,9.371055
86010,9.347597
86031,9.314757
86052,9.324141
86073,9.38982
86094,9.373401
86115,9.495378
86136,9.41797
86157,9.432044
86178,9.408587
86199,9.422661
86220,9.385129
86241,9.448463
86262,9.453156
86283,9.394512
86304,9.371055
86325,9.371055
86346,9.432044
86367,9.413278
86388,9.434389
86409,9.446118
86430,9.361671
86451,9.349943
86472,9.385129
86493,9.361671
86514,9.347597
86535,9.267843
86556,9.314757
86577,9.345251
86598,9.394512
86619,9.434389
86640,9.378092
86661,9.361671
86682,9.265497
86703,9.295992
86724,9.281918
86745,9.295992
86766,9.244386
86787,9.373401
86808,9.281918
86829,9.342906
86850,9.164631
86871,9.246731
86892,9.260805
86913,9.223273
86934,9.183396
86955,9.19278
86976,9.183396
86997,9.077839
87018,9.105988
87039,9.141173
87060,9.047344
87081,9.042653
87102,9.03327
87123,8.972281
87144,9.012158
87165,9.056727
87186,9.00043
87207,9.063765
87228,9.152903
87249,9.244386
87270,9.061419
87291,9.113025
87312,9.188088
87333,9.216236
87354,9.267843
87375,9.40624
87396,9.403895
87417,9.413278
87438,9.589207
87459,9.558713
87480,9.579824
87501,9.626739
87522,9.64785
87543,9.61501
87564,9.579824
87585,9.629085
87606,9.600936
87627,9.589207
87648,9.645505
87669,9.718222
87690,9.713531
87711,9.551676
87732,9.591553
87753,9.739333
87774,9.66427
87795,9.629085
87816,9.826125
87837,9.833163
87858,9.767483
87879,9.87304
87900,9.891806
87921,9.926992
87942,9.805015
87963,9.962177
87984,9.969215
88005,10.06773
88026,9.877731
88047,9.880077
88068,9.929338
88089,10.02082
88110,9.999709
88131,10.03255
88152,9.910572
88173,9.896498
88194,9.894152
88215,9.898843
88236,9.912917
88257,10.00675
88278,9.769828
88299,9.80736
88320,9.898843
88341,9.772174
88362,9.629085
88383,9.769828
88404,9.767483
88425,9.622047
88446,9.626739
88467,9.572787
88488,9.643159
88509,9.596244
88530,9.474266
88551,9.610318
88572,9.650196
88593,9.652542
88614,9.654888
88635,9.744025
88656,9.568096
88677,9.683037
88698,9.690074
88719,9.739333
88740,9.699456
88761,9.657233
88782,9.636122
88803,9.765137
88824,9.624393
88845,9.572787
88866,9.514144
88887,9.511798
88908,9.535255
88929,9.666616
88950,9.751062
88971,9.833163
88992,9.816743
89013,10.0044
89034,9.934029
89055,9.882422
89076,9.687728
89097,9.687728
89118,9.887115
89139,9.962177
89160,9.990326
89181,10.06305
89202,10.12169
89223,10.10292
89244,10.13811
89265,10.20144
89286,10.22255
89307,10.25539
89328,10.33515
89349,10.37268
89370,10.37503
89391,10.39614
89412,10.32576
89433,10.32342
89454,10.27885
89475,10.2812
89496,10.28823
89517,10.21317
89538,10.21786
89559,10.21317
89580,10.20144
89601,10.32342
89622,10.43132
89643,10.51108
89664,10.36095
89685,10.38441
89706,10.38441
89727,10.34688
89748,10.48528
89769,10.41256
89790,10.37737
89811,10.45478
89832,10.48058
89853,10.40083
89874,10.37033
89895,10.49466
89916,10.43601
89937,10.37972
89958,10.43132
89979,10.46885
90000,10.5533
90021,10.52281
90042,10.4712
90063,10.51811
90084,10.45713
90105,10.51577
90126,10.51108
90147,10.56268
90168,10.59083
90189,10.50639
90210,10.45244
90231,10.41959
90252,10.38675
90273,10.38675
90294,10.33515
90315,10.44071
90336,10.42194
90357,10.38675
90378,10.38441
90399,10.38441
90420,10.46182
90441,10.34688
90462,10.35626
90483,10.35391
90504,10.35626
90525,10.41021
90546,10.43367
90567,10.39848
90588,10.41725
90609,10.34219
90630,10.31404
90651,10.29762
90672,10.30231
90693,10.26712
90714,10.26008
90735,10.28589
90756,10.1686
90777,10.86997
90798,10.50639
90819,10.07946
90840,10.33749
90861,9.812052
90882,10.20379
90903,9.910572
90924,10.09119
90945,9.887115
90966,9.948103
90987,9.943413
91008,9.786248
91029,10.10996
91050,10.02551
91071,10.04193
91092,10.13107
91113,10.0302
91134,10.14984
91155,10.15922
91176,10.18268
91197,10.25774
91218,10.31404
91239,10.307
91260,10.23663
91281,10.25539
91302,10.29058
91323,10.34453
91344,10.28589
91365,10.39379
91386,10.49466
91407,10.5791
91428,10.52281
91449,10.58145
91470,10.53453
91491,10.5275
91512,10.61194
91533,10.70812
91554,10.65651
91575,10.68466
91596,10.68935
91617,10.78084
91638,10.69404
91659,10.79022
91680,10.68232
91701,10.75034
91722,10.7738
91743,10.7738
91764,10.83713
91785,10.8817
91806,10.65886
91827,10.69639
91848,10.75503
91869,10.73861
91890,10.71281
91911,10.64244
91932,10.72923
91953,10.83948
91974,10.6354
91995,10.53219
92016,10.56034
92037,10.52515
92058,10.6354
92079,10.31873
92100,10.33749
92121,10.27181
92142,10.15453
92163,10.18502
92184,10.04193
92205,10.07712
92226,9.826125
92247,9.767483
92268,9.561059
92289,9.354634
92310,9.375746
92331,9.185742
92352,9.120062
92373,9.216236
92394,9.223273
92415,9.239694
92436,9.021542
92457,8.866723
92478,8.831537
92499,8.897219
92520,8.847958
92541,8.763512
92562,8.850304
92583,9.04969
92604,9.063765
92625,8.897219
92646,8.876106
92667,8.859686
92688,9.002776
92709,8.937096
92730,8.756474
92751,8.730671
92772,8.890181
92793,8.955861
92814,8.892527
