8823,10.19206
8844,10.32576
8865,10.41256
8886,10.18971
8907,10.32342
8928,10.22725
8949,10.18033
8970,10.14749
8991,10.22725
9012,10.04897
9033,10.13576
9054,10.13342
9075,10.13811
9096,9.990326
9117,10.02317
9138,10.06773
9159,9.887115
9180,9.894152
9201,9.891806
9222,9.732296
9243,9.699456
9264,9.715877
9285,9.631431
9306,9.572787
9327,9.53291
9348,9.518835
9369,9.495378
9390,9.366363
9411,9.375746
9432,9.378092
9453,9.361671
9474,9.319448
9495,9.324141
9516,9.286609
9537,9.371055
9558,9.25846
9579,9.2092
9600,9.371055
9621,9.396858
9642,9.145865
9663,9.056727
9684,9.35698
9705,9.251423
9726,9.176359
9747,9.364017
9768,9.469575
9789,9.41797
9810,9.373401
9831,9.281918
9852,9.331178
9873,9.622047
9894,9.568096
9915,9.41797
9936,9.584516
9957,9.507107
9978,9.35698
9999,9.51649
10020,9.525873
10041,9.469575
10062,9.493032
10083,9.439081
10104,9.352288
10125,9.460192
10146,9.347597
10167,9.403895
10188,9.371055
10209,9.436735
10230,9.371055
10251,9.366363
10272,9.41797
10293,9.23031
10314,9.293646
10335,9.272534
10356,9.368709
10377,9.176359
10398,9.331178
10419,9.331178
10440,9.354634
10461,9.239694
10482,9.188088
10503,9.288955
10524,9.310066
10545,9.286609
10566,9.392166
10587,9.347597
10608,9.333523
10629,9.359325
10650,9.401549
10671,9.324141
10692,9.342906
10713,9.441426
10734,9.41797
10755,9.403895
10776,9.347597
10797,9.394512
10818,9.359325
10839,9.30772
10860,9.352288
10881,9.373401
10902,9.359325
10923,9.385129
10944,9.525873
10965,9.631431
10986,9.568096
11007,9.511798
11028,9.450809
11049,9.51649
11070,9.600936
11091,9.633776
11112,9.579824
11133,9.661925
11154,9.56575
11175,9.690074
11196,9.697111
11217,9.56575
11238,9.563404
11259,9.551676
11280,9.556367
11301,9.622047
11322,9.450809
11343,9.457847
11364,9.352288
11385,9.364017
11406,9.349943
11427,9.342906
11448,9.295992
11469,9.129445
11490,9.218582
11511,9.310066
11533,9.206854
11554,9.136482
11575,9.124753
11596,9.052036
11617,9.054381
11638,9.155248
11659,9.185742
11680,9.101295
11701,9.171668
11722,9.171668
11743,9.211545
11764,9.206854
11785,9.150557
11806,9.260805
11827,9.256114
11848,9.204508
11869,9.237348
11890,9.260805
11911,9.265497
11932,9.244386
11953,9.30772
11974,9.347597
11995,9.338214
12016,9.335869
12037,9.324141
12058,9.246731
12079,9.300683
12100,9.352288
12121,9.27488
12142,9.352288
12163,9.385129
12184,9.335869
12205,9.375746
12226,9.427352
12247,9.425007
12268,9.375746
12289,9.518835
12310,9.563404
12331,9.493032
12352,9.586862
12373,9.718222
12394,9.760445
12415,9.772174
12436,9.772174
12457,9.866002
12478,9.898843
12499,10.04428
12520,10.00909
12541,10.00675
12562,10.10996
12583,10.12403
12604,10.13576
12625,10.15453
12646,10.07712
12667,10.29292
12688,10.20379
12709,10.18268
12730,10.25305
12751,10.35391
12772,10.26243
12793,10.20379
12814,10.02317
12835,10.12403
12856,10.18502
12877,10.18033
12898,10.04428
12919,10.05132
12940,10.20379
12961,10.34688
12982,10.17564
13003,10.08416
13024,10.22959
13045,10.29996
13066,10.18971
13087,10.17798
13108,10.30465
13129,10.29762
13150,10.29527
13171,10.28354
13192,10.26947
13213,10.33515
13234,10.30465
13255,10.4149
13276,10.23897
13297,10.26712
13318,10.23897
13339,10.22021
13360,10.14514
13381,10.2765
13402,10.18971
13423,10.03724
13444,10.12403
13465,10.13576
13486,10.14749
13507,10.24601
13528,10.10761
13549,10.24836
13570,10.32811
13591,10.38206
13612,10.37268
13633,10.40787
13654,10.46416
13675,10.37033
13696,10.37503
13717,10.43132
13738,10.43836
13759,10.48997
13780,10.43601
13801,10.43132
13822,10.39614
13843,10.45244
13864,10.35391
13885,10.40317
13906,10.44071
13927,10.32107
13948,10.37737
13969,10.36095
13990,10.30935
14011,10.42194
14032,10.44774
14053,10.42194
14074,10.40552
14095,10.3891
14116,10.41256
14137,10.45947
14158,10.51108
14179,10.44774
14200,10.40787
14222,10.47824
14243,10.45009
14264,10.42194
14285,10.34219
14306,10.40787
14327,10.36564
14348,10.38206
14369,10.37268
14390,10.29058
14411,10.28354
14432,10.22255
14453,10.22255
14474,10.22959
14495,10.19441
14516,10.26008
14537,10.16156
14558,10.08181
14579,10.20144
14600,10.08416
14621,10.16156
14642,10.1428
14663,10.19675
14684,10.21083
14705,10.26243
14726,10.26008
14747,10.29058
14768,10.36095
14789,10.24836
14810,10.32342
14831,10.46182
14852,10.58849
14873,10.50873
14894,10.63306
14915,10.6096
14936,10.55565
14957,10.62836
14978,10.61194
14999,10.45244
15020,10.49466
15041,10.60022
15062,10.56972
15083,10.50639
15104,10.52984
15125,10.57207
15146,10.49231
15167,10.497
15188,10.48058
15209,10.45009
15230,10.23428
15251,10.15922
15272,10.17329
15293,9.992672
15314,9.891806
15335,9.805015
15356,9.668962
15377,9.59859
15398,9.61501
15419,9.50007
15440,9.403895
15461,9.317103
15482,9.244386
15503,9.288955
15524,9.361671
15545,9.127099
15566,8.960552
15587,9.223273
15608,9.124753
15629,9.27488
15650,9.023888
15671,9.087222
15692,9.15994
15713,9.021542
15734,9.01685
15755,9.040307
15776,9.073148
15797,9.115371
15818,9.094258
15839,9.089567
15860,9.218582
15881,9.155248
15902,9.204508
15923,9.183396
15944,9.188088
15965,9.281918
15986,9.253768
16007,9.279572
16028,9.321795
16049,9.364017
16070,9.286609
16091,9.260805
16112,9.265497
16133,9.478958
16154,9.368709
16175,9.263151
16196,9.141173
16217,9.303029
16238,9.279572
16259,9.310066
16280,9.281918
16301,9.293646
16322,9.331178
16343,9.335869
16364,9.359325
16385,9.450809
16406,9.359325
16427,9.286609
16448,9.342906
16469,9.368709
16490,9.387475
16511,9.333523
16532,9.319448
16553,9.40624
16574,9.481303
16595,9.469575
16616,9.352288
16637,9.328832
16658,9.415624
16679,9.415624
16700,9.408587
16721,9.446118
16742,9.429698
16763,9.371055
16784,9.469575
16805,9.375746
16826,9.41797
16847,9.335869
16868,9.331178
16889,9.2913
16910,9.326486
16931,9.317103
16952,9.333523
16973,9.23031
16994,9.235003
17015,9.220928
17036,9.279572
17057,9.263151
17078,9.281918
17099,9.185742
17120,9.164631
17141,9.270188
17162,9.335869
17183,9.272534
17204,9.150557
17225,9.206854
17246,9.197471
17267,9.199817
17288,9.281918
17309,9.237348
17330,9.138828
17351,9.27488
17372,9.216236
17393,9.157594
17414,9.152903
17435,9.094258
17456,9.073148
17477,9.117716
17498,9.077839
17519,9.162285
17540,9.166977
17561,9.169322
17582,9.134136
17603,9.089567
17624,9.084876
17645,9.09895
17666,9.181051
17687,9.164631
17708,9.366363
17729,9.281918
17750,9.317103
17771,9.225619
17792,9.331178
17813,9.429698
17834,9.469575
17855,9.554022
17876,9.690074
17897,9.631431
17918,9.727605
17939,9.722914
17960,9.736988
17981,9.697111
18002,9.793285
18023,9.973906
18044,9.85662
18065,9.80736
18086,9.997364
18107,9.999709
18128,9.971561
18149,10.00206
18170,9.969215
18191,9.962177
18212,10.06773
18233,10.01613
18254,10.05601
18275,10.13811
18296,10.1991
18317,10.19441
18338,10.17564
18359,10.14514
18380,10.08416
18401,10.12638
18422,10.20144
18443,10.28589
18464,10.17564
18485,10.29058
18506,10.10527
18527,10.22725
18548,10.28589
18569,10.29762
18590,10.26712
18611,10.25539
18632,10.20144
18653,10.20613
18674,10.18033
18695,10.21083
18716,10.27885
18737,10.22255
18758,10.18033
18779,10.17564
18800,10.26712
18821,10.14514
18842,10.11465
18863,10.12872
18884,10.10761
18905,10.17329
18926,10.16391
18947,10.00675
18968,10.02317
18989,9.997364
19010,9.915263
19031,10.06539
19052,10.13342
19073,10.06539
19094,9.948103
19115,9.9223
19136,9.969215
19157,10.02317
19178,10.02786
19199,9.926992
19220,9.959831
19241,9.948103
19262,9.992672
19283,10.0302
19304,10.07946
19325,9.901189
19346,9.973906
19367,9.915263
19388,10.02317
19409,10.06305
19430,9.926992
19451,9.779211
19472,9.919954
19493,9.87304
19514,9.9223
19535,10.00909
19556,9.912917
19578,9.840199
19600,9.912917
19621,9.9223
19642,9.948103
19663,9.941067
19684,9.896498
19705,9.828471
19726,9.931683
19747,9.891806
19768,9.990326
19789,10.06773
19810,10.09588
19831,10.10996
19852,10.08416
19873,10.07477
19894,10.08885
19915,10.06305
19936,10.19675
19957,10.27885
19978,10.2249
19999,10.18971
20020,10.08181
20041,10.26008
20062,10.26243
20083,10.19206
20104,10.21786
20125,10.1686
20146,10.21552
20167,10.23194
20188,10.16626
20209,10.26947
20230,10.31404
20251,10.24366
20272,10.20144
20293,10.17564
20314,10.22959
20335,10.30465
20356,10.30935
20377,10.34453
20398,10.34922
20419,10.29762
20440,10.26478
20461,10.26243
20482,10.23428
20503,10.33515
20524,10.37268
20545,10.42663
20566,10.42429
20587,10.32811
20608,10.31404
20629,10.31169
20650,10.26243
20671,10.24836
20692,10.19441
20713,10.1686
20734,10.15687
20755,10.1428
20776,10.09119
20797,10.20379
20818,10.04428
20839,10.14514
20860,10.07243
20881,10.0302
20902,10.00206
20923,10.14045
20944,10.07712
20965,10.06773
20986,10.1686
21007,10.09119
21028,10.02317
21049,10.13107
21070,10.18502
21091,10.12169
21112,10.21786
21133,10.08181
21154,10.12638
21175,10.17329
21196,10.13342
21217,10.11465
21238,10.13342
21259,10.12169
21280,10.20379
21301,10.1428
21322,10.18502
21343,10.27181
21364,10.16156
21385,10.11465
21406,10.22021
21427,10.22959
21448,10.26712
21469,10.19206
21490,10.23663
21511,10.17564
21532,10.14984
21553,10.21083
21574,10.21786
21595,10.24132
21616,10.18971
21637,10.40317
21658,10.29058
21679,10.32342
21700,10.20848
21721,10.2812
21742,10.24366
21763,10.20848
21784,10.26947
21805,10.22959
21826,10.20144
21847,10.19206
21868,10.14514
21889,10.13342
21910,10.12403
21931,10.20379
21952,9.713531
21973,10.05132
21994,9.847238
22015,10.00675
22036,9.624393
22057,9.722914
22078,9.915263
22099,9.924646
22120,9.751062
22141,9.673654
22162,9.783903
22183,9.61501
22204,9.643159
22225,9.624393
22246,9.586862
22267,9.38982
22288,9.354634
22309,9.66427
22330,9.502416
22351,9.239694
22372,9.53291
22393,9.448463
22414,9.347597
22435,9.321795
22456,9.30772
22477,9.401549
22498,9.227965
22519,9.382783
22540,9.267843
22561,9.345251
22582,9.256114
22603,9.129445
22624,9.237348
22645,9.244386
22666,9.223273
22687,9.204508
22708,9.239694
22729,9.23031
22750,9.202163
22771,9.199817
22792,9.120062
22813,9.15994
22834,9.174014
22855,9.190434
22876,9.129445
22897,9.026234
22918,9.101295
22939,9.244386
22960,9.166977
22981,9.185742
23002,9.052036
23023,9.150557
23044,9.174014
23065,9.284263
23086,9.150557
23107,9.155248
23128,9.023888
23149,9.145865
23170,9.225619
23191,9.225619
23212,9.120062
23233,9.056727
23254,9.204508
23275,9.190434
23296,9.216236
23317,9.030925
23338,9.077839
23359,9.169322
23380,9.152903
23401,9.115371
23422,9.19278
23443,9.143519
23464,9.084876
23485,9.120062
23506,9.103642
23527,9.145865
23548,9.096604
23569,9.117716
23590,9.162285
23611,9.202163
23632,9.195126
23653,9.136482
23674,9.197471
23695,9.253768
23716,9.232656
23737,9.136482
23758,9.169322
23779,9.312411
23800,9.178705
23821,9.244386
23842,9.295992
23863,9.120062
23884,9.166977
23905,9.256114
23926,9.171668
23947,9.08253
23968,9.105988
23989,9.044999
24010,9.061419
24031,8.960552
24052,8.763512
24073,8.79166
24094,8.918329
24115,9.00043
24136,9.040307
24157,9.183396
24178,9.24204
24199,9.181051
24220,9.197471
24241,9.474266
24262,9.53291
24283,9.572787
24304,9.53291
24325,9.666616
24346,9.753407
24367,9.765137
24388,9.938721
24409,9.976252
24430,9.882422
24451,9.891806
24472,9.936375
24493,10.01613
24514,10.15687
24535,10.09823
24556,9.952795
24577,10.01378
24598,10.14984
24619,10.1123
24640,9.959831
24661,9.957487
24682,10.04897
24703,10.10292
24724,9.929338
24745,9.952795
24766,10.0607
24787,9.978598
24808,9.910572
24829,9.866002
24850,9.98798
24871,9.835509
24892,9.966869
24913,9.936375
24934,9.793285
24955,9.579824
24976,9.814397
24997,9.61501
25018,9.962177
25039,9.945757
25060,9.833163
25081,9.880077
25102,9.903535
25123,10.07946
25144,9.985635
25165,10.05835
25186,10.07712
25207,10.13107
25228,10.2507
25249,10.32342
25270,10.23194
25291,10.36095
25312,10.33515
25333,10.45478
25354,10.43836
25375,10.34922
25396,10.36799
25417,10.41256
25438,10.26008
25459,10.24601
25480,10.14984
25501,10.1428
25522,10.09588
25543,10.01613
25564,10.00675
25585,10.00909
25606,9.849584
25627,9.90588
25648,9.966869
25669,10.15218
25690,10.09119
25711,10.27416
25732,10.24601
25753,10.14749
25774,10.1686
25795,10.29058
25816,10.23897
25837,10.40083
25858,10.42194
25879,10.36799
25900,10.45947
25921,10.5275
25942,10.57441
25963,10.54157
25984,10.52984
26005,10.45244
26026,10.57207
26047,10.59083
26068,10.63775
26089,10.66355
26110,10.6659
26131,10.61429
26152,10.60491
26173,10.55096
26194,10.60491
26215,10.60256
26236,10.54861
26257,10.73158
26278,10.73158
26299,10.64244
26320,10.55799
26341,10.52281
26362,10.60491
26383,10.5791
26404,10.56268
26425,10.61898
26446,10.64478
26467,10.48997
26488,10.42663
26509,10.42663
26530,10.37972
26551,10.39614
26572,10.43601
26593,10.35391
26614,10.26243
26635,10.23194
26656,10.19206
26677,10.02317
26698,10.09588
26719,10.13342
26740,10.12638
26761,10.12872
26782,10.03724
26803,10.01613
26824,10.2507
26845,10.18268
26866,10.2249
26887,10.29762
26908,10.18268
26929,10.31873
26950,10.30465
26971,10.30231
26992,10.31169
27013,10.49231
27034,10.41725
27055,10.37268
27076,10.22959
27097,10.2507
27118,10.36799
27139,10.43601
27160,10.39614
27181,10.31873
27202,10.23897
27223,10.35157
27244,10.34453
27265,10.21552
27286,10.18033
27307,10.28589
27328,10.22255
27349,10.1686
27370,10.11934
27391,10.03489
27412,9.924646
27433,10.10761
27454,9.995018
27475,9.887115
27496,10.06539
27517,10.117
27538,9.769828
27559,9.577478
27580,9.851928
27601,9.910572
27622,9.779211
27643,9.786248
27664,9.816743
27685,9.814397
27706,9.661925
27727,9.593899
27748,9.572787
27769,9.650196
27790,9.523527
27811,9.51649
27832,9.570441
27853,9.413278
27874,9.589207
27895,9.535255
27916,9.48834
27937,9.342906
27958,9.551676
27979,9.373401
28000,9.460192
28021,9.439081
28042,9.392166
28063,9.467229
28084,9.385129
28105,9.354634
28126,9.270188
28147,9.441426
28168,9.453156
28189,9.235003
28210,9.382783
28231,9.213891
28252,9.206854
28273,9.148211
28294,9.366363
28315,9.249077
28336,9.181051
28357,9.075493
28378,9.256114
28399,9.108333
28420,9.101295
28441,9.035616
28462,9.075493
28483,9.117716
28504,9.040307
28525,8.906601
28546,8.927712
28567,8.911292
28588,9.012158
28609,9.009813
28630,9.108333
28651,9.037962
28672,8.946478
28693,8.998084
28714,9.035616
28735,9.171668
28756,9.169322
28777,9.138828
28798,9.070802
28819,9.124753
28840,9.150557
28861,9.15994
28882,9.066111
28903,9.00043
28924,8.894873
28945,8.899564
28966,9.040307
28987,9.037962
29008,8.845612
29029,8.808081
29050,9.028579
29071,8.969935
29092,8.894873
29113,8.883143
29134,8.864378
29155,8.918329
29176,9.014504
29197,9.101295
29218,9.108333
29239,8.913638
29260,9.01685
29281,9.04969
29302,8.967589
29323,9.115371
29344,9.324141
29365,9.298337
29386,9.279572
29407,9.310066
29428,9.359325
29449,9.364017
29470,9.471921
29491,9.490686
29512,9.190434
29533,9.00043
29554,9.507107
29575,9.143519
29596,8.941787
29617,9.014504
29638,8.798697
29659,8.967589
29680,8.918329
29701,8.991047
29722,9.077839
29743,9.225619
29764,9.331178
29785,9.539948
29806,9.800323
29827,9.605627
29848,9.727605
29869,9.938721
29890,10.07477
29911,9.9223
29932,10.09823
29953,10.02317
29974,10.06539
29995,10.04193
30016,9.901189
30037,10.14749
30058,10.2249
30079,10.01613
30100,9.980944
30121,9.924646
30142,10.05366
30163,10.12872
30184,10.07712
30205,9.884768
30226,10.02551
30247,10.18971
30268,10.10761
30289,9.884768
30310,9.861312
30332,10.04897
30355,10.15218
30376,9.952795
30397,9.980944
30418,10.12638
30439,9.999709
30460,10.03724
30481,9.997364
30502,10.05835
30523,9.999709
30544,10.07477
30565,10.08885
30586,10.07008
30607,10.1123
30628,10.12872
30649,10.12403
30670,10.0607
30691,10.18033
30712,10.04193
30733,9.941067
30754,9.969215
30775,10.05366
30796,10.10761
30817,10.07008
30838,10.01848
30859,10.01378
30880,10.04428
30901,10.04897
30922,10.01144
30943,10.09119
30964,10.01613
30985,9.887115
31006,10.03959
31027,10.08416
31048,10.03959
31069,10.15687
31090,10.01378
31111,10.02786
31132,10.05366
31153,10.12403
31175,10.09354
31196,10.10058
31217,10.12872
31238,10.12872
31259,10.12403
31280,10.17564
31301,10.22255
31322,10.14749
31343,10.10527
31364,10.21317
31385,10.25539
31406,10.29996
31427,10.18502
31448,10.2765
31469,10.23663
31490,10.29058
31511,10.28589
31532,10.17329
31553,10.2249
31574,10.33984
31595,10.3328
31616,10.40083
31637,10.38675
31658,10.38441
31679,10.41256
31700,10.39145
31721,10.34922
31742,10.34922
31763,10.40317
31784,10.43367
31805,10.43836
31826,10.44774
31847,10.4454
31868,10.48293
31889,10.3633
31910,10.41021
31931,10.4712
31952,10.42898
31973,10.45713
31994,10.38206
32015,10.35861
32036,10.39614
32057,10.33749
32078,10.2507
32099,10.31169
32120,10.307
32141,10.18971
32162,10.25305
32183,10.21786
32204,10.19675
32225,10.15218
32246,10.17798
32267,10.14514
32288,10.1428
32309,10.13107
32330,10.14045
32351,10.07008
32372,10.11934
32393,10.10292
32414,10.09354
32435,10.21083
32456,10.13811
32477,10.20848
32498,10.18033
32519,10.06773
32540,10.07477
32561,10.18971
32582,10.21786
32603,10.2812
32624,10.21083
32645,10.23663
32666,10.20144
32687,10.117
32708,10.18033
32729,10.10761
32750,10.0607
32771,10.03959
32792,10.08885
32813,10.05366
32834,10.03959
32855,10.03959
32876,9.985635
32897,10.04662
32918,10.01848
32939,10.01144
32960,10.0044
32981,10.02551
33002,10.01613
33023,10.05132
33044,10.06305
33065,10.10058
33086,10.09823
33107,10.11465
33128,10.17564
33149,10.17095
33170,10.20379
33191,10.18737
33212,10.14514
33233,10.1123
33254,10.12169
33275,10.20144
33296,10.13576
33317,10.13342
33338,10.14045
33359,10.12872
33380,10.117
33401,10.10996
33422,10.12169
33443,10.00206
33464,9.978598
33485,9.964523
33506,9.929338
33527,9.844892
33548,9.830817
33569,9.741679
33590,9.826125
33611,9.776865
33632,9.701802
33653,9.741679
33674,9.722914
33695,9.718222
33716,9.638468
33737,9.704147
33758,9.729951
33779,9.572787
33800,9.612664
33821,9.478958
33842,9.558713
33863,9.528218
33884,9.521181
33905,9.40624
33926,9.514144
33947,9.464884
33968,9.371055
33989,9.378092
34010,9.439081
34031,9.429698
34052,9.354634
34073,9.364017
34094,9.373401
34115,9.385129
34136,9.335869
34157,9.183396
34178,9.256114
34199,9.218582
34220,9.15994
34241,9.094258
34262,9.216236
34283,9.2913
34304,9.091913
34325,9.244386
34346,9.204508
34367,9.195126
34388,9.331178
34409,9.232656
34430,9.216236
34451,9.220928
34472,9.24204
34493,9.24204
34514,9.19278
34535,9.195126
34556,9.143519
34577,9.169322
34598,9.115371
34619,9.108333
34640,9.256114
34661,9.185742
34682,9.19278
34703,9.127099
34724,9.178705
34745,9.23031
34766,9.183396
34787,9.162285
34808,9.080185
34829,9.244386
34850,9.328832
34871,9.321795
34892,9.227965
34913,9.150557
34934,9.249077
34955,9.314757
34976,9.246731
34997,9.312411
35018,9.256114
35039,9.375746
35060,9.326486
35081,9.422661
35102,9.293646
35123,9.303029
35144,9.314757
35165,9.349943
35186,9.331178
35207,9.213891
35228,9.178705
35249,9.267843
35270,9.15994
35291,9.176359
35312,9.113025
35333,9.120062
35354,9.026234
35375,9.030925
35396,9.084876
35417,9.007467
35438,9.019196
35459,9.124753
35480,9.15994
35501,9.094258
35522,9.108333
35543,9.096604
35564,9.080185
35585,9.094258
35606,9.066111
35627,9.25846
35648,9.335869
35669,9.244386
35690,9.314757
35711,9.227965
35732,9.326486
35753,9.38982
35774,9.281918
35795,9.288955
35816,9.425007
35837,9.542293
35858,9.568096
35879,9.671308
35900,9.772174
35921,9.668962
35942,9.769828
35963,9.797977
35984,9.889461
36005,9.898843
36026,9.814397
36047,9.844892
36068,9.849584
36089,9.90588
36110,9.809706
36131,9.929338
36152,9.90588
36173,9.955141
36194,9.969215
36215,9.866002
36236,10.01613
36257,9.98798
36278,9.85662
36299,10.00206
36320,10.20379
36341,9.9223
36362,10.08416
36383,10.07712
36404,10.07008
36425,9.805015
36446,9.9223
36467,10.04897
36488,9.98798
36509,9.847238
36530,9.734642
36551,9.889461
36572,10.04897
36593,10.03959
36614,9.814397
36635,9.840199
36656,9.938721
36677,10.02551
36698,9.910572
36719,9.837853
36740,9.908226
36761,9.861312
36782,9.866002
36803,9.765137
36824,9.678345
36845,9.748716
36866,9.851928
36887,9.814397
36908,9.762791
36929,9.699456
36950,9.77452
36971,9.795631
36992,9.767483
37013,9.781557
37034,9.678345
37055,9.80736
37076,9.912917
37097,9.948103
37118,9.821435
37139,9.851928
37160,9.87304
37181,9.929338
37202,9.9223
37223,9.861312
37244,9.849584
37265,10.00675
37286,9.980944
37307,9.969215
37328,9.788594
37349,9.826125
37370,9.936375
37391,9.931683
37412,9.9223
37433,9.952795
37454,9.870694
37475,9.85662
37496,10.01378
37517,9.936375
37538,9.948103
37559,9.943413
37580,9.880077
37601,10.05366
37622,10.18971
37643,10.29996
37664,10.20379
37685,10.17564
37706,10.2812
37727,10.24836
37748,10.21552
37769,10.29762
37790,10.23663
37811,10.12872
37832,10.16156
37853,10.19441
37874,10.07712
37895,10.19675
37916,10.1428
37937,10.24601
37958,10.22021
37979,10.22021
38000,10.16626
38021,10.24366
38042,10.18268
38063,10.15922
38084,10.21317
38105,10.21786
38126,10.28589
38147,10.29292
38168,10.23663
38189,10.15687
38210,10.26947
38231,10.16156
38252,10.18737
38273,10.20613
38294,10.22021
38315,10.24601
38336,10.18737
38357,10.26712
38378,10.2249
38399,10.1991
38420,10.18737
38441,10.21083
38462,10.13342
38483,10.02082
38504,9.976252
38525,9.999709
38546,9.978598
38567,9.997364
38588,9.931683
38609,9.964523
38630,10.07477
38651,10.04662
38672,10.06539
38693,10.06539
38714,10.10761
38735,10.15453
38756,10.21317
38777,10.22255
38798,10.25539
38819,10.24836
38840,10.21552
38861,10.20379
38882,10.3328
38903,10.43367
38924,10.29762
38945,10.31638
38966,10.30935
38987,10.3891
39008,10.35861
39029,10.40552
39050,10.34688
39071,10.3633
39092,10.47589
39113,10.5533
39134,10.50639
39155,10.497
39176,10.4149
39197,10.39848
39218,10.29292
39239,10.2765
39260,10.25774
39281,10.33046
39302,10.24132
39323,10.18971
39344,10.23194
39365,10.12169
39386,10.24836
39407,10.2507
39428,10.26478
39449,10.29996
39470,10.27885
39491,10.26243
39512,10.36564
39533,10.42429
39554,10.43132
39575,10.4149
39596,10.52515
39617,10.46885
39638,10.56268
39659,10.52984
39680,10.56034
39701,10.50873
39722,10.43367
39743,10.46651
39764,10.41725
39785,10.35157
39806,10.15218
39827,10.16391
39848,10.04193
39869,9.887115
39890,9.800323
39911,9.694765
39932,9.633776
39953,9.518835
39974,9.441426
39995,9.420315
40016,9.305374
40037,9.361671
40058,9.152903
40079,9.213891
40100,9.263151
40121,9.145865
40142,9.246731
40163,9.338214
40184,9.432044
40205,9.216236
40226,9.359325
40247,9.368709
40268,9.324141
40289,9.265497
40310,9.319448
40331,9.281918
40352,9.206854
40373,9.584516
40394,9.24204
40415,9.244386
40436,9.251423
40457,9.136482
40478,9.124753
40499,9.178705
40520,9.204508
40541,9.272534
40562,9.223273
40583,9.155248
40604,9.171668
40625,9.211545
40646,9.19278
40667,9.129445
40688,9.077839
40709,9.143519
40730,9.246731
40751,9.199817
40772,9.120062
40793,9.199817
40814,9.206854
40835,9.15994
40856,9.066111
40877,9.188088
40898,9.281918
40919,9.174014
40940,9.13179
40961,9.162285
40982,9.260805
41003,9.342906
41024,9.195126
41045,9.127099
41066,9.197471
41087,9.183396
41108,9.213891
41129,9.223273
41150,9.183396
41171,9.218582
41192,9.220928
41213,9.185742
41234,9.300683
41255,9.157594
41276,9.216236
41297,9.09895
41318,9.206854
41339,9.211545
41360,9.321795
41381,9.244386
41402,9.244386
41423,9.211545
41444,9.25846
41465,9.256114
41486,9.166977
41507,9.13179
41528,9.206854
41549,9.218582
41570,9.284263
41591,9.09895
41612,8.98401
41633,9.056727
41654,9.166977
41675,9.068456
41696,8.897219
41717,8.962898
41738,8.965244
41759,8.958207
41780,8.850304
41801,8.805735
41822,8.805735
41843,8.831537
41864,8.833883
41885,8.758821
41906,8.927712
41927,8.810426
41948,8.808081
41969,8.897219
41990,8.93475
42011,9.054381
42032,9.235003
42053,9.124753
42074,9.281918
42095,9.354634
42116,9.432044
42137,9.385129
42158,9.427352
42179,9.671308
42200,9.753407
42221,9.66427
42242,9.840199
42263,9.786248
42284,9.760445
42305,9.673654
42326,9.685382
42347,9.955141
42368,9.894152
42389,9.765137
42410,9.955141
42431,9.823779
42452,9.786248
42473,9.650196
42494,9.802669
42515,9.877731
42536,9.995018
42557,9.973906
42578,10.03724
42599,10.14984
42620,10.15922
42641,10.15687
42662,10.15453
42683,10.25774
42704,10.26478
42725,10.17564
42746,10.23663
42767,10.23897
42788,10.2507
42809,10.23663
42830,10.08181
42851,10.15453
42872,10.10996
42893,10.19206
42914,10.14984
42935,10.19206
42956,10.05835
42977,9.941067
42998,10.1123
43019,10.37268
43040,10.36799
43061,10.16156
43082,10.0302
43103,10.27416
43124,10.24601
43145,10.15922
43166,10.08416
43187,10.17564
43208,10.17798
43229,10.14514
43250,10.14984
43271,10.14984
43292,10.08416
43313,10.22725
43334,10.30231
43355,10.24132
43376,10.18033
43397,10.16626
43418,10.2765
43439,10.27885
43460,10.22959
43481,10.40083
43502,10.35391
43523,10.36799
43544,10.4149
43565,10.40317
43586,10.34453
43607,10.36799
43628,10.41021
43649,10.4454
43670,10.57207
43691,10.45009
43712,10.39379
43733,10.47824
43754,10.50639
43775,10.49466
43796,10.46885
43817,10.46651
43838,10.50639
43859,10.51811
43880,10.52984
43901,10.51108
43922,10.56503
43943,10.47824
43964,10.50873
43985,10.50873
44006,10.50169
44027,10.4454
44048,10.47589
44069,10.4149
44090,10.49935
44111,10.51342
44132,10.41725
44153,10.37972
44174,10.41725
44195,10.40317
44216,10.41959
44237,10.48058
44258,10.4149
44279,10.39379
44300,10.33515
44321,10.30465
44342,10.21317
44363,10.23897
44384,10.26478
44405,10.26478
44426,10.30465
44447,10.28589
44468,10.23897
44489,10.25305
44510,10.31638
44531,10.35626
44552,10.40317
44573,10.36799
44594,10.22021
44615,10.17564
44636,10.31873
44657,10.36564
44678,10.34453
44699,10.34453
44720,10.33046
44741,10.32811
44762,10.2249
44783,10.20379
44804,10.27181
44825,10.31638
44846,10.24366
44867,10.27885
44888,10.24366
44909,10.23428
44930,10.26243
44951,10.14749
44972,10.16156
44993,10.18971
45014,10.18737
45035,10.23663
45056,10.1686
45077,10.12403
45098,10.07243
45119,10.18033
45140,10.20144
45161,10.13811
45182,10.20144
45203,10.14045
45224,10.26243
45245,10.02551
45266,10.12638
45287,10.10996
45308,10.12872
45329,10.07008
45350,10.04193
45371,10.02551
45392,9.971561
45413,9.880077
45434,9.828471
45455,9.769828
45476,9.739333
45497,9.701802
45518,9.56575
45539,9.556367
45560,9.54933
45581,9.54933
45602,9.420315
45623,9.387475
45644,9.371055
45665,9.518835
45686,9.591553
45707,9.436735
45728,9.593899
45749,9.53291
45770,9.450809
45791,9.530564
45812,9.511798
45833,9.572787
45854,9.523527
45875,9.51649
45896,9.462538
45917,9.690074
45938,9.600936
45959,9.434389
45980,9.59859
46001,9.575133
46022,9.41797
46043,9.429698
46064,9.476612
46085,9.631431
46106,9.561059
46127,9.460192
46148,9.352288
46169,9.495378
46190,9.455501
46211,9.441426
46232,9.366363
46253,9.333523
46274,9.300683
46295,9.361671
46316,9.314757
46337,9.288955
46358,9.246731
46379,9.24204
46400,9.295992
46421,9.23031
46442,9.267843
46463,9.326486
46484,9.342906
46505,9.321795
46526,9.385129
46547,9.277225
46568,9.34056
46589,9.317103
46610,9.235003
46631,9.326486
46652,9.279572
46673,9.267843
46694,9.345251
46715,9.213891
46736,9.260805
46757,9.2913
46778,9.2913
46799,9.298337
46820,9.349943
46841,9.300683
46862,9.368709
46883,9.408587
46904,9.40624
46925,9.368709
46946,9.335869
46967,9.396858
46988,9.518835
47009,9.455501
47030,9.401549
47051,9.415624
47072,9.41797
47093,9.460192
47114,9.523527
47135,9.425007
47156,9.399203
47177,9.483649
47198,9.497724
47219,9.53291
47240,9.420315
47261,9.394512
47282,9.382783
47303,9.434389
47324,9.432044
47345,9.380438
47366,9.293646
47387,9.270188
47408,9.373401
47429,9.333523
47450,9.30772
47471,9.2092
47492,9.202163
47513,9.19278
47534,9.169322
47555,9.094258
47576,9.181051
47597,9.260805
47618,9.197471
47639,9.162285
47660,9.089567
47681,9.216236
47702,9.134136
47723,9.122408
47744,9.174014
47765,9.148211
47786,9.117716
47807,9.155248
47828,9.087222
47849,9.068456
47870,8.991047
47891,9.035616
47912,9.115371
47933,9.138828
47954,9.227965
47975,9.265497
47996,9.2092
48017,9.171668
48038,9.195126
48059,9.216236
48080,9.176359
48101,9.249077
48122,9.359325
48143,9.591553
48164,9.511798
48185,9.366363
48206,9.413278
48227,9.556367
48248,9.476612
48269,9.478958
48290,9.661925
48311,9.819089
48332,9.697111
48353,9.755754
48374,9.736988
48395,9.77452
48416,9.816743
48437,9.765137
48458,9.697111
48479,9.945757
48500,9.962177
48521,9.851928
48542,9.898843
48563,10.00206
48584,10.04897
48605,10.0607
48626,9.945757
48647,10.05366
48668,10.18268
48689,10.2812
48710,10.23428
48731,10.18502
48752,10.23897
48773,10.17095
48794,10.15922
48815,10.33046
48836,10.27181
48857,10.15687
48878,10.09588
48899,10.26947
48920,10.42663
48941,10.38206
48962,10.15453
48983,10.14514
49004,10.24601
49025,10.34219
49046,10.22255
49067,10.09588
49088,10.0865
49109,10.22725
49130,10.31638
49151,10.25774
49172,10.1686
49193,10.0865
49214,10.05366
49235,10.19675
49256,10.0865
49277,10.09119
49298,9.971561
49319,10.05366
49340,10.04897
49361,10.00206
49382,9.931683
49403,10.07008
49424,9.973906
49445,10.07243
49466,10.02786
49487,10.0865
49508,10.16156
49529,10.18971
49550,10.24836
49571,10.27416
49592,10.24366
49613,10.24836
49634,10.29996
49655,10.34453
49676,10.42898
49697,10.49935
49718,10.37033
49739,10.30935
49760,10.37737
49781,10.33046
49802,10.35626
49823,10.43601
49844,10.38206
49865,10.41021
49886,10.50169
49907,10.49231
49928,10.50404
49949,10.48058
49970,10.46651
49991,10.48528
50012,10.4712
50033,10.47824
50054,10.45244
50075,10.45947
50096,10.48058
50117,10.4712
50138,10.50169
50159,10.48058
50180,10.46651
50201,10.46182
50222,10.46651
50243,10.44774
50264,10.42429
50285,10.44774
50306,10.47355
50327,10.43367
50348,10.41021
50369,10.36799
50390,10.32576
50411,10.28354
50432,10.29292
50453,10.3633
50474,10.25539
50495,10.307
50516,10.33046
50537,10.26712
50558,10.13107
50579,10.19675
50600,10.0607
50621,9.999709
50642,9.976252
50663,10.04897
50684,10.05366
50705,9.98798
50726,9.997364
50747,9.992672
50768,9.995018
50789,9.990326
50810,9.985635
50831,10.00909
50852,10.01613
50873,10.07243
50894,10.00675
50915,10.04897
50936,10.08885
50957,10.20379
50978,10.13342
50999,10.19675
51020,10.16626
51041,10.15218
51062,10.22725
51083,10.24366
51104,10.15922
51125,10.19441
51146,10.18737
51167,10.20848
51188,10.11934
51209,10.20613
51230,10.26712
51251,10.25774
51272,10.24836
51293,10.22725
51314,10.20613
51335,10.25305
51356,10.27181
51377,10.21552
51398,10.26947
51419,10.22725
51440,10.33984
51461,10.32107
51482,10.31638
51503,10.31873
51524,10.34453
51545,10.24836
51566,10.12872
51587,10.28589
51608,10.18737
51629,10.09119
51650,10.07008
51671,9.931683
51692,9.85662
51713,9.877731
51734,9.741679
51755,9.715877
51776,9.762791
51797,9.706493
51818,9.584516
51842,9.711185
51867,9.577478
51888,9.497724
51909,9.495378
51930,9.561059
51951,9.610318
51972,9.509453
51993,9.485995
52014,9.474266
52035,9.415624
52056,9.396858
52077,9.537601
52098,9.469575
52119,9.24204
52140,9.523527
52161,9.563404
52182,9.460192
52203,9.347597
52224,9.507107
52245,9.375746
52266,9.326486
52287,9.493032
52308,9.317103
52329,9.382783
52350,9.23031
52371,9.342906
52392,9.317103
52413,9.25846
52434,9.220928
52455,9.211545
52476,9.227965
52497,9.260805
52518,9.202163
52539,9.204508
52560,9.103642
52581,9.206854
52602,9.145865
52623,9.235003
52644,9.148211
52665,9.15994
52686,9.141173
52707,9.185742
52728,9.084876
52749,9.13179
52770,9.195126
52791,9.174014
52812,9.129445
52833,9.138828
52854,9.091913
52875,9.181051
52896,9.25846
52917,9.19278
52938,9.101295
52959,9.183396
52980,9.084876
53001,9.181051
53022,9.216236
53043,9.13179
53064,9.04969
53085,9.181051
53106,9.122408
53127,9.014504
53148,8.998084
53169,9.005121
53190,9.080185
53211,9.021542
53232,8.986356
53253,9.028579
53274,9.021542
53295,9.021542
53316,9.052036
53337,9.03327
53358,9.084876
53379,9.054381
53400,9.077839
53421,9.068456
53442,9.117716
53463,9.129445
53484,9.136482
53506,9.084876
53527,9.138828
53548,9.129445
53569,9.122408
53590,9.162285
53611,9.300683
53632,9.216236
53653,9.026234
53674,9.113025
53695,9.152903
53716,9.157594
53737,9.044999
53758,8.810426
53779,9.061419
53800,9.157594
53821,9.091913
53842,9.117716
53863,9.152903
53884,9.166977
53905,9.056727
53926,9.037962
53947,9.401549
53968,9.464884
53989,9.277225
54010,9.378092
54031,9.490686
54052,9.509453
54073,9.509453
54094,9.528218
54115,9.537601
54136,9.720568
54157,9.668962
54178,9.725259
54199,9.980944
54220,10.00206
54241,10.11465
54262,10.09588
54283,9.98329
54304,10.14045
54325,10.2507
54346,10.1991
54367,10.09119
54388,10.12403
54409,10.32576
54430,10.29058
54451,10.36564
54472,10.26478
54493,10.25539
54514,10.45478
54535,10.48997
54556,10.29058
54577,10.27885
54598,10.40552
54619,10.34219
54640,10.35861
54661,10.39379
54682,10.34219
54703,10.33515
54724,10.43601
54745,10.42898
54766,10.31404
54787,10.23428
54808,10.23194
54829,10.26243
54850,10.2249
54871,10.24366
54892,10.15687
54913,10.09354
54934,10.00675
54955,10.20848
54976,10.28354
54997,10.1686
55018,9.997364
55039,9.884768
55060,9.950449
55081,10.0865
55102,10.04428
55123,10.05835
55144,9.943413
55165,9.957487
55186,10.08416
55207,10.08181
55228,10.03489
55249,10.08181
55270,10.06773
55291,9.941067
55312,9.966869
55333,9.971561
55354,10.02551
55375,10.01378
55396,10.04193
55417,10.09588
55438,10.04193
55459,10.08181
55480,9.971561
55501,10.03255
55522,10.14045
55543,10.18033
55564,10.08416
55585,10.17564
55606,10.19206
55627,10.13342
55648,10.17095
55669,10.08181
55690,10.14749
55711,10.12872
55732,10.14984
55753,10.16391
55774,10.27181
55795,10.27885
55816,10.26478
55837,10.27181
55858,10.28354
55879,10.31638
55900,10.2507
55921,10.37033
55942,10.42898
55963,10.40317
55984,10.40317
56005,10.36799
56026,10.33984
56047,10.37033
56068,10.31404
56089,10.33984
56110,10.36799
56131,10.28354
56152,10.26478
56173,10.2507
56194,10.29762
56215,10.19206
56236,10.27885
56257,10.17564
56278,10.21317
56299,10.17095
56320,10.1991
56341,10.29527
56362,10.50639
56383,10.40317
56404,10.31404
56425,10.17798
56446,10.13342
56467,10.18268
56488,10.20613
56509,10.2812
56530,10.46182
56551,10.34219
56572,10.30935
56593,10.117
56614,10.29292
56635,10.32576
56656,10.19675
56677,10.18971
56698,10.28354
56719,10.28589
56740,10.38206
56761,10.30465
56782,10.16626
56803,10.32811
56824,10.23428
56845,10.28354
56866,10.1686
56887,10.12872
56908,10.14984
56929,10.03724
56950,10.09354
56971,10.05366
56992,10.13811
57013,10.10527
57034,10.11934
57055,10.12872
57076,9.962177
57097,10.03255
57118,10.10996
57139,9.969215
57160,10.12872
57181,10.25774
57202,10.03724
57223,10.0302
57244,10.13576
57265,10.1686
57286,10.19206
57307,10.24366
57328,10.16626
57349,10.1686
57370,10.18737
57391,10.19206
57412,10.23663
57433,10.21317
57454,10.18033
57475,10.20613
57496,10.23897
57517,10.27885
57538,10.19206
57559,10.01848
57580,9.938721
57601,9.995018
57622,9.823779
57643,9.79094
57664,9.751062
57685,9.66427
57706,9.652542
57727,9.762791
57748,9.570441
57769,9.434389
57790,9.570441
57811,9.401549
57832,9.448463
57853,9.277225
57874,9.387475
57895,9.364017
57916,9.321795
57937,9.23031
57958,9.56575
57979,9.382783
58000,9.314757
58021,9.2913
58042,9.392166
58063,9.375746
58084,9.312411
58105,9.326486
58126,9.361671
58147,9.34056
58168,9.288955
58189,9.197471
58210,9.753407
58231,9.373401
58252,9.220928
58273,9.284263
58294,9.554022
58315,9.415624
58336,9.195126
58357,9.286609
58378,9.420315
58399,9.326486
58420,9.239694
58441,9.249077
58462,9.305374
58483,9.218582
58504,9.129445
58525,9.134136
58546,9.122408
58567,9.19278
58588,9.080185
58609,9.113025
58630,9.164631
58651,9.15994
58672,9.166977
58693,9.047344
58714,9.054381
58735,9.138828
58756,9.277225
58777,9.143519
58798,9.134136
58819,9.129445
58840,9.288955
58861,9.30772
58882,9.206854
58903,9.204508
58924,9.225619
58945,9.19278
58966,9.27488
58987,9.270188
59008,9.331178
59029,9.427352
59050,9.288955
59071,9.2913
59092,9.394512
59113,9.270188
59134,9.303029
59155,9.24204
59176,9.281918
59197,9.284263
59218,9.284263
59239,9.272534
59260,9.303029
59281,9.249077
59302,9.08253
59323,8.988701
59344,9.070802
59365,9.089567
59386,9.134136
59407,9.075493
59428,9.00043
59449,8.976973
59470,8.908947
59491,8.833883
59512,8.883143
59533,8.918329
59554,8.925366
59575,9.014504
59596,9.044999
59617,9.04969
59638,8.911292
59659,8.859686
59680,8.927712
59701,8.899564
59722,9.012158
59743,9.150557
59764,9.166977
59785,9.094258
59806,9.150557
59827,9.162285
59848,9.084876
59869,9.190434
59890,9.150557
59911,9.23031
59932,9.345251
59953,9.434389
59974,9.476612
59995,9.436735
60016,9.441426
60037,9.53291
60058,9.661925
60079,9.753407
60100,9.77452
60121,9.753407
60142,9.765137
60163,10.02082
60184,10.01378
60205,9.992672
60226,9.945757
60247,10.04193
60268,10.1686
60289,10.15218
60310,10.08885
60331,9.995018
60352,10.12403
60373,10.27416
60394,10.29527
60415,10.21552
60436,10.16391
60457,10.17564
60478,10.37268
60499,10.29762
60520,10.08885
60541,10.25774
60562,10.45713
60583,10.47589
60604,10.33046
60625,10.29762
60646,10.34453
60667,10.26947
60688,10.25774
60709,10.34219
60730,10.36564
60751,10.36799
60772,10.23897
60793,10.25305
60814,10.18502
60835,10.13342
60856,10.09588
60877,10.04428
60898,10.13811
60919,10.17564
60940,10.19675
60961,10.14749
60982,10.0607
61003,9.995018
61024,10.04193
61045,10.11465
61066,10.24132
61087,10.18737
61108,10.16626
61129,10.03724
61150,10.12638
61171,10.08416
61192,10.03724
61213,10.18971
61234,10.20613
61255,10.1123
61276,10.1123
61297,10.22021
61318,10.21552
61339,10.18033
61360,10.17329
61381,10.23663
61402,10.2765
61423,10.33749
61444,10.41725
61465,10.41725
61486,10.4712
61507,10.37737
61528,10.41021
61549,10.40552
61570,10.36095
61591,10.42194
61612,10.41256
61633,10.43367
61654,10.50639
61675,10.49466
61696,10.45009
61717,10.46651
61738,10.56738
61759,10.51811
61780,10.53688
61801,10.55096
61822,10.49466
61843,10.58614
61864,10.47589
61885,10.54861
61906,10.46885
61927,10.37033
61948,10.51108
61969,10.5275
61990,10.50169
62011,10.42429
62032,10.37737
62053,10.27416
62074,10.38206
62095,10.42194
62116,10.36095
62137,10.38441
62158,10.40552
62179,10.43132
62200,10.27885
62221,10.34922
62242,10.38441
62263,10.4149
62284,10.39145
62305,10.37268
62326,10.34688
62347,10.29996
62368,10.3633
62389,10.26478
62410,10.32107
62431,10.33984
62452,10.29527
62473,10.30465
62494,10.27416
62515,10.30465
62536,10.29527
62557,10.29996
62578,10.10527
62599,10.20848
62620,10.2249
62641,10.35157
62662,10.307
62683,10.2507
62704,10.19675
62725,10.22959
62746,10.2249
62767,10.23897
62788,10.20613
62809,10.07477
62830,10.01144
62851,9.978598
62872,10.10292
62893,10.18971
62914,10.26947
62935,10.17095
62956,10.15453
62977,10.23897
62998,10.20379
63019,10.37033
63040,10.64478
63061,10.32342
63082,10.32576
63103,10.44305
63124,10.51342
63145,10.53219
63166,10.57207
63187,10.54626
63208,10.46651
63229,10.4149
63250,10.36095
63271,10.32811
63292,10.09354
63313,10.04428
63334,10.00909
63355,9.945757
63376,9.755754
63397,9.797977
63418,9.74637
63439,9.678345
63460,9.612664
63481,9.692419
63502,9.352288
63523,9.15994
63544,9.59859
63565,9.692419
63586,9.333523
63607,9.38982
63628,9.352288
63649,9.281918
63670,9.352288
63691,9.338214
63712,9.171668
63733,9.396858
63754,9.169322
63775,9.063765
63796,9.030925
63817,8.953515
63838,9.087222
63859,8.995738
63880,8.927712
63901,8.866723
63922,9.00043
63943,8.941787
63964,9.042653
63985,8.897219
64006,8.885489
64027,8.90191
64048,8.944133
64069,8.831537
64090,8.79166
64111,8.876106
64132,8.923021
64153,8.913638
64174,8.763512
64195,8.79166
64216,8.904256
64237,8.953515
64258,8.920675
64279,8.761166
64300,8.854995
64321,8.838574
64342,8.887836
64363,8.822155
64384,8.817463
64405,8.775241
64426,8.810426
64447,8.763512
64468,8.786969
64489,8.761166
64510,8.833883
64531,8.908947
64552,8.845612
64573,8.831537
64594,8.796351
64615,8.721289
64636,8.763512
64657,8.819809
64678,8.812772
64699,8.857341
64720,8.939441
64741,8.873761
64762,8.890181
64783,8.761166
64804,8.803389
64825,8.761166
64846,8.815118
64867,8.890181
64888,8.918329
64909,8.93475
64930,8.847958
64951,8.871415
64972,8.873761
64993,8.892527
65014,8.899564
65035,9.117716
65056,9.235003
65077,9.326486
65098,9.385129
65119,9.462538
65140,9.467229
65161,9.624393
65182,9.671308
65203,9.823779
65224,9.9223
65245,9.828471
65266,10.00206
65287,10.08181
65308,10.12638
65329,10.14984
65350,10.22255
65371,10.26008
65392,10.39848
65413,10.47589
65434,10.26478
65455,10.25539
65476,10.22021
65497,10.21083
65518,10.18502
65539,10.15687
65560,10.17329
65581,10.24132
65602,10.38206
65623,10.1686
65644,9.910572
65665,10.0044
65686,10.07946
65707,10.16156
65728,10.19441
65749,9.98329
65770,9.875386
65791,9.915263
65812,9.959831
65833,9.830817
65854,9.840199
65875,9.87304
65896,9.744025
65917,9.779211
65938,9.896498
65959,9.842546
65980,9.776865
66001,9.765137
66022,9.870694
66043,9.868348
66064,9.87304
66085,9.898843
66106,9.966869
66127,9.929338
66148,9.985635
66169,10.08181
66190,10.04897
66211,10.01613
66232,10.08885
66253,10.10761
66274,10.12872
66295,10.14749
66316,10.1428
66337,10.14984
66358,10.17798
66379,10.1123
66400,10.13342
66421,10.24601
66442,10.20848
66463,10.22725
66484,10.25774
66505,10.16391
66526,10.2249
66547,10.29058
66568,10.25539
66589,10.27416
66610,10.22255
66631,10.21786
66652,10.26008
66673,10.32576
66694,10.45244
66715,10.4149
66736,10.4454
66757,10.3633
66778,10.40083
66799,10.46182
66820,10.23663
66841,10.30231
66862,10.35626
66883,10.44774
66904,10.45713
66925,10.38675
66946,10.29058
66967,10.31169
66988,10.34219
67009,10.3328
67030,10.31873
67051,10.48058
67072,10.39848
67093,10.40552
67114,10.31638
67135,10.34922
67156,10.307
67177,10.3633
67198,10.35157
67219,10.43836
67240,10.33046
67261,10.35391
67282,10.2765
67303,10.307
67324,10.32342
67345,10.29996
67366,10.31404
67387,10.22725
67408,10.20379
67429,10.19206
67450,10.22959
67471,10.20144
67492,10.22725
67513,10.21552
67534,10.20848
67555,10.07008
67576,9.980944
67597,9.943413
67618,9.952795
67639,10.00675
67660,10.03724
67681,10.03724
67702,10.02082
67723,9.945757
67744,9.948103
67765,10.05835
67786,9.990326
67807,10.07008
67828,10.05366
67849,10.00909
67870,9.995018
67891,10.12638
67912,10.03489
67933,10.0044
67954,10.07477
67975,9.997364
67996,9.985635
68017,10.0302
68038,9.997364
68059,10.03255
68080,10.00909
68101,9.952795
68122,9.917608
68143,9.880077
68164,9.887115
68185,9.849584
68206,9.894152
68227,9.826125
68248,9.863657
68269,9.948103
68290,9.90588
68311,9.950449
68332,9.948103
68353,9.924646
68374,9.924646
68395,9.945757
68416,9.976252
68437,9.929338
68458,10.03489
68479,10.05601
68500,10.05601
68521,10.07477
68542,10.19206
68563,10.15453
68584,10.17798
68605,10.29058
68626,10.29527
68647,10.26712
68668,10.26712
68689,10.29292
68710,10.3891
68731,10.26478
68752,10.26478
68773,10.4454
68794,10.47824
68815,10.15687
68836,10.3328
68857,10.22959
68878,10.14984
68899,10.41021
68920,10.23663
68941,10.16156
68962,10.05601
68983,10.22021
69004,10.1428
69025,10.11934
69046,10.1428
69067,10.07712
69088,10.05835
69109,10.04193
69130,9.98798
69151,10.02082
69172,10.03255
69193,9.781557
69214,9.678345
69235,9.80736
69256,9.744025
69277,9.659579
69298,9.471921
69319,9.544639
69340,9.53291
69361,9.511798
69382,9.387475
69403,9.25846
69424,9.38982
69445,9.352288
69466,9.366363
69487,9.378092
69508,9.223273
69529,9.155248
69550,9.321795
69571,9.485995
69592,9.35698
69613,9.408587
69634,9.427352
69655,9.48834
69676,9.612664
69697,9.401549
69718,9.570441
69739,9.50007
69760,9.485995
69781,9.471921
69802,9.495378
69823,9.249077
69844,9.535255
69865,9.366363
69886,9.352288
69907,9.439081
69928,9.471921
69949,9.394512
69970,9.399203
69991,9.422661
70012,9.396858
70033,9.422661
70054,9.514144
70075,9.467229
70096,9.539948
70117,9.504761
70138,9.396858
70159,9.453156
70180,9.497724
70201,9.51649
70222,9.345251
70243,9.366363
70264,9.385129
70285,9.420315
70306,9.485995
70327,9.474266
70348,9.450809
70369,9.443772
70390,9.380438
70411,9.457847
70432,9.504761
70453,9.525873
70474,9.518835
70495,9.554022
70516,9.511798
70537,9.457847
70558,9.593899
70579,9.518835
70600,9.50007
70621,9.525873
70642,9.476612
70663,9.518835
70684,9.509453
70705,9.490686
70726,9.539948
70747,9.434389
70768,9.392166
70789,9.443772
70810,9.403895
70831,9.50007
70852,9.453156
70873,9.50007
70894,9.460192
70915,9.359325
70936,9.446118
70957,9.448463
70978,9.48834
70999,9.394512
71020,9.387475
71041,9.427352
71062,9.476612
71083,9.464884
71104,9.401549
71125,9.331178
71146,9.364017
71167,9.25846
71188,9.288955
71209,9.314757
71230,9.272534
71251,9.293646
71272,9.342906
71293,9.277225
71314,9.293646
71335,9.246731
71356,9.286609
71377,9.244386
71398,9.129445
71419,9.09895
71440,9.169322
71461,9.037962
71482,9.110679
71503,9.134136
71524,9.014504
71545,9.01685
71566,9.190434
71587,9.220928
71608,9.094258
71629,9.171668
71650,9.188088
71671,9.120062
71692,9.117716
71713,9.211545
71734,9.225619
71755,9.227965
71776,9.326486
71797,9.333523
71818,9.385129
71839,9.455501
71860,9.511798
71881,9.51649
71902,9.509453
71923,9.577478
71944,9.861312
71965,9.842546
71986,9.842546
72007,9.898843
72028,9.842546
72049,9.997364
72070,9.823779
72091,9.814397
72112,9.917608
72133,9.85662
72154,9.844892
72175,9.835509
72196,10.02317
72217,9.924646
72238,9.779211
72259,9.896498
72280,10.00206
72301,9.952795
72322,9.797977
72343,9.941067
72364,9.997364
72385,10.02317
72406,9.934029
72427,9.880077
72448,10.00909
72469,10.04662
72490,10.0044
72511,9.995018
72532,9.915263
72553,9.980944
72574,10.01144
72595,9.950449
72616,10.02551
72637,10.07008
72658,10.1428
72679,10.08885
72700,10.02317
72721,10.0044
72742,10.09823
72763,10.03489
72784,9.976252
72805,9.901189
72826,10.05601
72847,9.976252
72868,9.875386
72889,9.952795
72910,9.844892
72931,9.762791
72952,9.652542
72973,9.704147
72994,9.685382
73015,9.725259
73036,9.751062
73057,9.779211
73078,9.823779
73099,9.868348
73120,9.816743
73141,9.802669
73162,9.79094
73183,9.894152
73204,10.09588
73225,9.959831
73246,9.849584
73267,9.901189
73288,9.950449
73309,9.964523
73330,10.03489
73351,9.887115
73372,9.915263
73393,9.943413
73414,10.02551
73435,9.945757
73456,10.00206
73477,9.858966
73498,9.858966
73519,9.837853
73540,9.797977
73561,9.826125
73582,9.861312
73603,9.767483
73624,9.959831
73645,9.898843
73666,9.901189
73687,9.896498
73708,9.917608
73729,9.966869
73750,10.02317
73771,10.09354
73792,10.16156
73813,10.21786
73834,10.16626
73855,10.14749
73876,10.08416
73897,10.21786
73918,10.20613
73939,10.10058
73960,10.12403
73981,10.117
74002,10.23194
74023,10.19206
74044,10.18971
74065,10.16156
74086,10.19675
74107,10.20144
74128,10.10527
74149,10.1686
74170,10.13811
74191,10.18268
74212,10.17564
74233,10.2249
74254,10.21552
74275,10.31638
74296,10.27416
74317,10.32576
74338,10.44305
74359,10.44071
74380,10.45947
74401,10.53688
74422,10.47355
74443,10.42194
74464,10.51342
74485,10.48997
74506,10.47589
74527,10.44774
74548,10.37972
74569,10.31638
74590,10.21317
74611,10.20144
74632,10.20848
74653,10.14749
74674,10.18737
74695,10.13811
74716,10.08416
74737,10.14749
74758,10.19675
74779,10.12872
74800,10.08416
74821,10.15922
74842,10.19675
74863,10.24836
74884,10.22959
74905,10.27416
74926,10.17564
74947,10.2249
74968,10.37033
74989,10.30465
75010,10.26243
75031,10.33984
75052,10.21786
75073,10.32107
75094,10.24366
75115,10.27885
75136,10.27181
75157,10.14984
75178,10.04428
75199,10.10996
75220,10.10996
75241,10.15922
75262,10.04897
75283,9.837853
75304,9.866002
75325,9.980944
75346,9.842546
75367,9.795631
75388,9.79094
75409,9.851928
75430,9.79094
75451,9.912917
75472,10.68701
75493,10.12403
75514,10.09823
75535,9.837853
75556,10.2507
75577,9.898843
75598,9.903535
75619,10.07243
75640,10.1123
75661,10.117
75682,10.05366
75703,10.32107
75724,10.10527
75745,10.13811
75766,10.30231
75787,10.20848
75808,10.27885
75829,10.31169
75850,10.2507
75871,10.21083
75892,10.17329
75913,10.08416
75934,10.00909
75955,9.802669
75976,9.847238
75997,9.908226
76018,9.835509
76039,9.755754
76060,9.715877
76081,9.650196
76102,9.59859
76123,9.605627
76144,9.51649
76165,9.382783
76186,9.305374
76207,9.521181
76228,9.40624
76249,9.443772
76270,9.40624
76291,9.249077
76312,9.009813
76333,9.35698
76354,9.481303
76375,9.413278
76396,9.446118
76417,9.216236
76438,9.174014
76459,9.485995
76480,9.469575
76501,9.427352
76522,9.373401
76543,9.260805
76564,9.199817
76585,9.216236
76606,9.267843
76627,9.23031
76648,9.23031
76669,9.155248
76690,9.284263
76711,9.34056
76732,9.171668
76753,9.213891
76774,9.310066
76795,9.305374
76816,9.312411
76837,9.415624
76858,9.326486
76879,9.237348
76900,9.232656
76921,9.260805
76942,9.277225
76963,9.347597
76984,9.279572
77005,9.171668
77026,9.089567
77047,9.249077
77068,9.2092
77089,9.19278
77110,8.995738
77131,9.063765
77152,9.164631
77173,9.143519
77194,9.113025
77215,9.206854
77236,9.117716
77257,9.089567
77278,9.070802
77299,9.136482
77320,9.174014
77341,9.152903
77362,9.115371
77383,9.152903
77404,9.141173
77425,9.077839
77446,9.122408
77467,9.110679
77488,9.023888
77509,9.04969
77530,9.042653
77551,9.129445
77572,9.108333
77593,9.075493
77614,8.98401
77635,8.904256
77656,8.979319
77677,8.944133
77698,9.028579
77719,9.03327
77740,8.923021
77761,8.801044
77782,8.852649
77803,8.831537
77824,8.831537
77845,8.8245
77866,8.761166
77887,8.714252
77908,8.730671
77929,8.876106
77950,8.8245
77971,8.749437
77992,8.796351
78013,8.847958
78034,8.836229
78055,8.866723
78076,8.939441
78097,8.969935
78118,9.066111
78139,9.009813
78160,9.127099
78181,9.087222
78202,9.105988
78223,9.38982
78244,9.497724
78265,9.422661
78286,9.382783
78307,9.490686
78328,9.410933
78349,9.476612
78370,9.603281
78391,9.680691
78412,9.744025
78433,9.833163
78454,9.964523
78475,10.06305
78496,10.13576
78517,10.12403
78538,10.12872
78559,10.07946
78580,10.117
78601,10.31638
78622,10.29527
78643,10.28823
78664,10.45713
78685,10.46885
78706,10.41256
78727,10.44774
78748,10.51577
78769,10.64009
78790,10.45244
78811,10.38441
78832,10.4454
78853,10.49935
78874,10.41725
78895,10.50873
78916,10.38206
78937,10.48058
78958,10.52046
78979,10.46885
79000,10.39848
79021,10.29058
79042,10.32576
79063,10.37033
79084,10.43132
79105,10.32811
79126,10.35391
79147,10.34688
79168,10.37033
79189,10.49935
79210,10.43836
79231,10.54157
79252,10.4712
79273,10.53688
79294,10.62133
79315,10.61898
79336,10.53219
79357,10.54626
79378,10.47355
79399,10.4149
79420,10.54392
79441,10.43367
79462,10.44305
79483,10.37268
79504,10.30231
79525,10.32811
79546,10.26947
79567,10.37972
79588,10.4454
79609,10.56972
79630,10.43601
79651,10.44305
79672,10.40083
79693,10.46416
79714,10.51342
79735,10.67762
79756,10.66355
79777,10.61194
79798,10.60725
79819,10.70108
79840,10.72454
79861,10.69404
79882,10.81368
79903,10.71516
79924,10.77145
79945,10.76442
79966,10.80429
79987,10.79022
80008,10.83713
80029,10.78787
80050,10.80664
80071,10.71516
80092,10.76207
80113,10.78318
80134,10.71281
80155,10.71516
80176,10.62133
80197,10.68232
80218,10.64713
80239,10.65886
80260,10.59318
80281,10.56034
80302,10.57676
80323,10.64947
80344,10.56034
80365,10.56738
80386,10.53688
80407,10.38441
80428,10.37268
80449,10.31404
80470,10.35626
80491,10.2765
80512,10.37033
80533,10.32811
80554,10.32576
80575,10.21083
80596,10.30231
80617,10.34453
80638,10.31169
80659,10.2765
80680,10.03724
80701,10.01144
80722,10.02786
80743,10.00909
80764,9.964523
80785,9.858966
80806,9.851928
80827,9.80736
80848,9.720568
80869,9.692419
80890,9.521181
80911,9.631431
80932,9.607973
80953,9.64785
80974,9.704147
80995,9.514144
81016,9.427352
81037,9.481303
81058,9.371055
81079,9.378092
81100,9.420315
81121,9.485995
81142,9.366363
81163,9.385129
81184,9.394512
81205,9.373401
81226,9.368709
81247,9.321795
81268,9.286609
81289,9.267843
81310,9.305374
81331,9.324141
81352,9.232656
81373,9.246731
81394,9.324141
81415,9.223273
81436,9.19278
81457,9.253768
81478,9.232656
81499,9.366363
81520,9.295992
81541,9.319448
81562,9.38982
81583,9.347597
81604,9.485995
81625,9.432044
81646,9.558713
81667,9.586862
81688,9.481303
81709,9.652542
81730,9.659579
81751,9.706493
81772,9.79094
81793,9.842546
81814,9.694765
81835,9.776865
81856,9.809706
81877,9.908226
81898,9.744025
81919,9.711185
81940,9.711185
81961,9.753407
81982,9.786248
82003,9.713531
82024,9.713531
82045,9.638468
82066,9.483649
82087,9.591553
82108,9.732296
82129,9.525873
82150,9.380438
82171,9.420315
82192,9.56575
82213,9.554022
82234,9.577478
82255,9.551676
82276,9.525873
82297,9.558713
82318,9.676
82339,9.610318
82360,9.673654
82381,9.640813
82402,9.497724
82423,9.530564
82444,9.371055
82465,9.476612
82486,9.401549
82507,9.474266
82528,9.457847
82549,9.359325
82570,9.251423
82591,9.277225
82612,9.373401
82633,9.312411
82654,9.237348
82675,9.190434
82696,9.138828
82717,9.335869
82738,9.378092
82759,9.338214
82780,9.256114
82801,9.293646
82822,9.326486
82843,9.263151
82864,9.239694
82885,9.239694
82906,9.281918
82927,9.328832
82948,9.263151
82969,9.293646
82990,9.24204
83011,9.181051
83032,9.110679
83053,9.178705
83074,9.124753
83095,9.059073
83116,9.044999
83137,9.145865
83158,9.157594
83179,9.037962
83200,8.995738
83221,8.932404
83242,8.95117
83263,8.960552
83284,8.904256
83305,8.866723
83326,8.948824
83347,8.939441
83368,8.965244
83389,9.070802
83410,9.070802
83431,8.932404
83452,8.920675
83473,8.962898
83494,9.056727
83515,9.052036
83536,8.998084
83557,8.906601
83578,9.030925
83599,8.991047
83620,9.03327
83641,8.894873
83662,8.920675
83683,8.960552
83704,9.037962
83725,9.15994
83746,9.263151
83767,9.204508
83788,9.380438
83809,9.319448
83830,9.436735
83851,9.572787
83872,9.53291
83893,9.439081
83914,9.600936
83935,9.788594
83956,9.858966
83977,9.973906
83998,10.13107
84019,10.17564
84040,10.15453
84061,10.22959
84082,10.19675
84103,10.18268
84124,10.08416
84145,10.12169
84166,10.14984
84187,10.17329
84208,10.12169
84229,10.10996
84250,10.35391
84271,10.20379
84292,10.24132
84313,10.18033
84334,10.10292
84355,10.06539
84376,10.29058
84397,10.14749
84418,10.14514
84439,10.21552
84460,10.07477
84481,10.15218
84502,10.23663
84523,10.14514
84544,10.08885
84565,10.15453
84586,10.08181
84607,10.33984
84628,10.39614
84649,10.27885
84670,10.34922
84691,10.41021
84712,10.2812
84733,10.44774
84754,10.48762
84775,10.4454
84796,10.45009
84817,10.49231
84838,10.47355
84859,10.40083
84880,10.45947
84901,10.29292
84922,10.26243
84943,10.35157
84964,10.25305
84985,10.45478
85006,10.27181
85027,10.19675
85048,10.1991
85069,10.42429
85090,10.3891
85111,10.34922
85132,10.20613
85153,10.2507
85174,10.34453
85195,10.3633
85216,10.49466
85237,10.45947
85258,10.49231
85279,10.5275
85300,10.5791
85321,10.59083
85342,10.52984
85363,10.61898
85384,10.7175
85405,10.64713
85426,10.59787
85447,10.58614
85468,10.56738
85489,10.63775
85510,10.56738
85531,10.65651
85552,10.62367
85573,10.52281
85594,10.43836
85615,10.48528
85636,10.48528
85657,10.47824
85678,10.49935
85699,10.53688
85720,10.53688
85741,10.47824
85762,10.56034
85783,10.60491
85804,10.63775
85825,10.54392
85846,10.46416
85867,10.47355
85888,10.4712
85909,10.44071
85930,10.46651
85951,10.43132
85972,10.39379
85993,10.2765
86014,10.33749
86035,10.23194
86056,10.18971
86077,10.13107
86098,10.0865
86119,9.938721
86140,10.0302
86161,9.868348
86182,9.741679
86203,10.41959
86224,9.525873
86245,9.683037
86266,9.04969
86287,9.828471
86308,9.408587
86329,9.797977
86350,9.802669
86371,9.863657
86392,9.800323
86413,9.769828
86434,9.589207
86455,9.699456
86476,9.678345
86497,9.741679
86518,9.736988
86539,9.708839
86560,9.842546
86581,9.79094
86602,9.805015
86623,9.812052
86644,9.870694
86665,9.802669
86686,9.844892
86707,9.955141
86728,9.950449
86749,9.959831
86770,9.870694
86791,9.952795
86812,9.931683
86833,9.966869
86854,9.941067
86875,9.917608
86896,9.973906
86917,9.992672
86938,9.950449
86959,9.997364
86980,9.90588
87001,9.948103
87022,9.90588
87043,9.858966
87064,9.779211
87085,9.802669
87106,9.690074
87127,9.739333
87148,9.80736
87169,9.657233
87190,9.596244
87211,9.586862
87232,9.786248
87253,9.706493
87274,9.704147
87295,9.715877
87316,9.671308
87337,9.624393
87358,9.755754
87379,9.847238
87400,9.80736
87421,9.781557
87442,9.79094
87463,9.769828
87484,9.722914
87505,9.98329
87526,10.08885
87547,9.797977
87568,9.941067
87589,9.85662
87610,9.908226
87631,9.887115
87652,9.938721
87673,9.915263
87694,9.800323
87715,9.732296
87736,9.668962
87757,9.753407
87778,9.85662
87799,9.718222
87820,9.612664
87841,9.507107
87862,9.514144
87883,9.600936
87904,9.605627
87925,9.577478
87946,9.542293
87967,9.539948
87988,9.56575
88009,9.539948
88030,9.556367
88051,9.584516
88072,9.535255
88093,9.535255
88114,9.544639
88135,9.483649
88156,9.537601
88177,9.544639
88198,9.509453
88219,9.408587
88240,9.380438
88261,9.333523
88282,9.354634
88303,9.396858
88324,9.314757
88345,9.216236
88366,9.103642
88387,9.223273
88408,9.27488
88429,9.206854
88450,9.176359
88471,9.091913
88492,9.202163
88513,9.27488
88534,9.202163
88555,9.239694
88576,9.171668
88597,9.181051
88618,9.251423
88639,9.202163
88660,9.223273
88681,9.237348
88702,9.213891
88723,9.263151
88744,9.117716
88765,9.134136
88786,9.2092
88807,9.089567
88828,9.063765
88849,9.077839
88870,9.143519
88891,9.089567
88912,9.007467
88933,9.101295
88954,9.13179
88975,8.991047
88996,9.002776
89017,9.042653
89038,9.068456
89059,9.115371
89080,8.979319
89101,8.930058
89122,9.044999
89143,9.2092
89164,9.164631
89185,9.148211
89206,9.150557
89227,9.246731
89248,9.249077
89269,9.286609
89290,9.25846
89311,9.380438
89332,9.338214
89353,9.295992
89374,9.281918
89395,9.328832
89416,9.267843
89437,9.251423
89458,9.317103
89479,9.434389
89500,9.464884
89521,9.410933
89542,9.403895
89563,9.338214
89584,9.471921
89605,9.56575
89626,9.485995
89647,9.495378
89668,9.572787
89689,9.837853
89710,9.659579
89731,9.734642
89752,9.90588
89773,9.835509
89794,9.748716
89815,9.884768
89836,10.117
89857,10.00909
89878,9.880077
89899,9.962177
89920,10.11934
89941,10.07243
89962,9.9223
89983,9.891806
90004,9.969215
90025,10.05366
90046,9.973906
90067,9.997364
90088,10.0044
90109,9.950449
90130,9.877731
90151,10.02317
90172,9.995018
90193,9.863657
90214,9.79094
90235,9.917608
90256,9.854274
90277,9.828471
90298,9.786248
90319,9.697111
90340,9.802669
90361,9.725259
90382,9.718222
90403,9.708839
90424,9.678345
90445,9.919954
90466,9.870694
90487,9.687728
90508,9.678345
90529,9.713531
90550,9.704147
90571,9.779211
90592,9.701802
90613,9.593899
90634,9.622047
90655,9.7581
90676,9.840199
90697,9.776865
90718,9.729951
90739,9.9223
90760,9.762791
90781,9.802669
90802,9.851928
90823,9.814397
90844,9.898843
90865,9.868348
90886,9.875386
90907,9.915263
90928,9.915263
90949,10.02317
90970,10.07712
90991,10.07712
91012,10.08416
91033,10.07712
91054,10.17798
91075,10.16391
91096,10.29058
91117,10.23428
91138,10.22021
91159,10.23428
91180,10.15687
91201,10.20144
91222,10.16156
91243,10.15687
91264,10.07712
91285,10.10527
91306,10.09588
91327,10.07946
91348,10.07008
91369,10.01848
91390,9.976252
91411,10.06305
91432,10.03724
91453,10.25774
91474,10.23194
91495,10.18268
91516,10.19441
91537,10.30465
91558,10.23663
91579,10.28823
91600,10.38206
91621,10.38441
91642,10.34453
91663,10.33984
91684,10.30465
91705,10.24836
91726,10.35861
91747,10.39848
91768,10.30465
91789,10.3328
91810,10.33749
91831,10.45009
91852,10.37503
91873,10.40317
91894,10.32342
91915,10.40787
91936,10.29292
91957,10.3328
91978,10.41959
91999,10.31169
92020,10.37737
92041,10.34219
92062,10.32107
92083,10.35861
92104,10.42898
92125,10.29762
92146,10.31638
92167,10.33515
92188,10.2812
92209,10.32342
92230,10.32576
92251,10.29527
92272,10.31638
92293,10.37503
92314,10.307
92335,10.34688
92356,10.3891
92377,10.35626
92398,10.31169
92419,10.3633
92440,10.31169
92461,10.28589
92482,10.26243
92503,10.29996
92524,10.22959
92545,10.18033
92566,10.96146
92587,10.10761
92608,10.38441
92629,11.31801
92650,10.0044
92671,10.497
92692,10.1991
92713,10.21786
92734,10.07008
92755,10.12169
92776,10.1991
92797,10.08416
92818,10.08181
