8830,8.789314
8851,8.62746
8872,8.716597
8893,8.613385
8914,8.707214
8935,8.733017
8956,8.768204
8977,8.826846
8998,8.822155
9019,8.711905
9040,8.679066
9061,8.711905
9082,8.69314
9103,8.512519
9124,8.604002
9145,8.601656
9166,8.559433
9187,8.599311
9208,8.67672
9229,8.589928
9250,8.728326
9271,8.573507
9292,8.550051
9313,8.679066
9334,8.611039
9355,8.538322
9376,8.540668
9397,8.56647
9418,8.519556
9439,8.500791
9460,8.571162
9481,8.456222
9502,8.56647
9523,8.561779
9544,8.634497
9565,8.758821
9586,8.697831
9607,8.695485
9628,8.826846
9649,8.805735
9670,8.876106
9691,8.714252
9712,8.56647
9733,8.604002
9754,8.641534
9775,8.41869
9796,8.146585
9817,8.432764
9838,8.505482
9859,8.702522
9880,8.768204
9901,8.6603
9922,8.747091
9943,8.894873
9964,8.930058
9985,8.969935
10006,9.007467
10027,9.023888
10048,9.077839
10069,9.34056
10090,9.19278
10111,9.056727
10132,9.105988
10153,9.265497
10174,9.141173
10195,9.073148
10216,9.359325
10237,9.298337
10258,9.206854
10279,9.185742
10300,9.570441
10321,9.509453
10342,9.188088
10363,9.284263
10384,9.401549
10405,9.113025
10426,9.218582
10447,9.310066
10468,9.284263
10489,9.256114
10510,9.105988
10531,9.129445
10552,8.864378
10573,8.892527
10594,8.988701
10615,8.878452
10636,8.941787
10657,8.833883
10678,8.587582
10699,8.704868
10720,8.986356
10741,9.103642
10762,9.134136
10783,8.718943
10804,9.143519
10825,9.535255
10846,9.328832
10867,9.253768
10888,9.27488
10909,9.483649
10930,9.666616
10951,9.713531
10972,9.725259
10993,9.795631
11014,9.896498
11035,9.9223
11056,9.959831
11077,9.985635
11098,9.945757
11119,10.07946
11140,10.2249
11161,10.24132
11182,10.22021
11203,10.15922
11224,10.48293
11245,10.45009
11266,10.47589
11287,10.56034
11308,10.48293
11329,10.55799
11350,10.59552
11371,10.63306
11392,10.75503
11413,10.62367
11434,10.76442
11455,10.72923
11476,10.6917
11497,10.90751
11518,10.68935
11540,10.60256
11561,10.53453
11582,10.51811
11603,10.61898
11624,10.64478
11645,10.44305
11666,10.5791
11687,10.4712
11708,10.42663
11729,10.57676
11750,10.52984
11771,10.44071
11792,10.67997
11813,10.49231
11834,10.67997
11855,10.75269
11876,10.64009
11897,10.73158
11918,10.78553
11939,10.80664
11960,10.83713
11981,10.86997
12002,10.89109
12023,10.88639
12044,11.05998
12065,10.91923
12086,10.92627
12107,10.88874
12128,10.81602
12149,10.78084
12170,10.748
12191,10.69874
12212,10.71985
12233,10.70812
12254,10.64713
12275,10.57676
12296,10.48997
12317,10.43367
12338,10.44305
12359,10.49231
12380,10.4712
12401,10.5275
12422,10.48997
12443,10.37737
12464,10.45947
12485,10.45478
12506,10.53923
12527,10.56738
12548,10.5275
12569,10.53923
12590,10.46182
12611,10.47824
12632,10.57441
12653,10.52515
12674,10.55799
12695,10.55096
12716,10.43601
12737,10.50873
12758,10.41959
12779,10.51108
12800,10.44774
12821,10.40083
12842,10.32811
12863,10.33984
12884,10.34219
12905,10.28589
12926,10.33515
12947,10.29058
12968,10.19675
12989,10.33984
13010,10.30465
13031,10.2812
13052,10.37268
13073,10.29292
13094,10.32107
13115,10.39614
13136,10.33515
13157,10.37503
13178,10.35861
13199,10.40552
13220,10.41021
13241,10.42663
13262,10.43132
13283,10.37503
13304,10.44305
13325,10.40552
13346,10.43132
13367,10.28823
13388,10.33046
13409,10.28823
13430,10.13342
13451,10.05366
13472,9.973906
13493,9.861312
13514,9.708839
13535,9.622047
13556,9.636122
13577,9.600936
13598,9.537601
13619,9.575133
13640,9.518835
13661,9.434389
13682,9.338214
13703,9.195126
13724,9.237348
13745,9.108333
13766,9.174014
13787,9.190434
13808,9.09895
13829,9.073148
13850,9.052036
13871,9.084876
13892,9.110679
13913,9.007467
13934,9.035616
13955,8.918329
13976,8.972281
13997,9.04969
14018,9.164631
14039,9.068456
14060,9.002776
14081,9.042653
14102,8.991047
14123,8.981664
14144,9.002776
14165,8.845612
14186,8.941787
14208,8.962898
14229,8.906601
14250,8.906601
14271,8.993393
14292,8.986356
14313,8.878452
14334,9.023888
14355,8.946478
14376,8.98401
14397,9.096604
14418,9.176359
14439,9.117716
14460,9.115371
14481,9.143519
14502,9.265497
14523,9.223273
14544,9.169322
14565,9.105988
14586,9.09895
14607,9.091913
14628,9.068456
14649,9.007467
14670,9.014504
14691,9.00043
14712,8.93475
14733,8.988701
14754,9.073148
14775,8.974627
14796,8.904256
14817,8.908947
14838,8.941787
14859,8.946478
14880,9.00043
14901,8.995738
14922,9.019196
14943,8.941787
14964,9.007467
14985,9.005121
15006,9.03327
15027,9.002776
15048,9.054381
15069,9.096604
15090,9.063765
15111,9.115371
15132,9.105988
15153,9.129445
15174,9.059073
15195,9.138828
15216,9.052036
15237,9.087222
15258,9.068456
15279,9.127099
15300,9.103642
15321,9.101295
15342,8.995738
15363,9.063765
15384,8.904256
15405,9.005121
15426,9.023888
15447,8.803389
15468,8.965244
15489,9.199817
15510,9.272534
15531,9.059073
15552,9.094258
15573,9.23031
15594,9.263151
15615,9.284263
15636,9.216236
15657,9.338214
15678,9.347597
15699,9.478958
15720,9.528218
15741,9.483649
15762,9.347597
15783,9.420315
15804,9.556367
15825,9.544639
15846,9.441426
15867,9.48834
15888,9.485995
15909,9.530564
15930,9.58217
15951,9.525873
15972,9.375746
15993,9.441426
16014,9.593899
16035,9.589207
16056,9.485995
16077,9.359325
16098,9.40624
16119,9.415624
16140,9.422661
16161,9.546985
16182,9.425007
16203,9.380438
16224,9.542293
16245,9.633776
16266,9.507107
16287,9.607973
16308,9.589207
16329,9.66427
16350,9.767483
16371,9.736988
16392,9.708839
16413,9.821435
16434,9.997364
16455,10.09588
16476,10.14749
16497,10.17564
16518,10.26712
16539,10.24132
16560,10.25305
16581,10.38441
16602,10.41959
16623,10.50169
16644,10.48762
16665,10.5533
16686,10.64244
16707,10.75738
16728,10.82071
16749,10.81368
16770,10.76442
16791,10.75972
16812,10.76676
16833,10.68466
16854,10.68935
16875,10.72923
16896,10.64009
16917,10.75269
16938,10.51577
16959,10.7738
16980,10.77145
17001,10.72923
17022,10.62133
17043,10.67762
17064,10.68701
17085,10.66121
17106,10.62836
17127,10.65417
17148,10.66121
17169,10.70812
17190,10.69639
17211,10.68466
17232,10.68466
17253,10.69404
17274,10.74331
17295,10.75269
17316,10.73627
17337,10.748
17358,10.73158
17379,10.74565
17400,10.70577
17421,10.7738
17442,10.82541
17463,10.82306
17484,10.92393
17505,10.80899
17526,10.81133
17547,10.94973
17568,10.90281
17589,10.86528
17610,10.87936
17631,10.86763
17652,10.8559
17673,10.74096
17694,10.7738
17715,10.66355
17736,10.59787
17757,10.48528
17778,10.45947
17799,10.53453
17820,10.48762
17841,10.4454
17862,10.38675
17883,10.32107
17904,10.42663
17925,10.4454
17946,10.54157
17967,10.57441
17988,10.45713
18009,10.54861
18030,10.54157
18051,10.52515
18072,10.5275
18093,10.56503
18114,10.57676
18135,10.54861
18156,10.53688
18177,10.60022
18198,10.58145
18219,10.54392
18240,10.52515
18261,10.43601
18282,10.44774
18303,10.44071
18324,10.4149
18345,10.307
18366,10.26478
18387,10.20613
18408,10.1991
18429,10.11934
18450,10.13107
18471,9.959831
18492,10.03489
18513,9.952795
18534,9.950449
18555,9.861312
18576,9.85662
18597,9.875386
18618,9.821435
18639,9.697111
18660,9.629085
18681,9.600936
18702,9.596244
18723,9.54933
18744,9.490686
18765,9.471921
18786,9.546985
18807,9.589207
18828,9.410933
18849,9.410933
18870,9.387475
18891,9.441426
18912,9.324141
18933,9.314757
18954,9.279572
18975,9.345251
18996,9.295992
19017,9.24204
19038,9.246731
19059,9.331178
19080,9.227965
19101,9.246731
19122,9.190434
19143,9.305374
19164,9.35698
19185,9.300683
19206,9.30772
19227,9.288955
19248,9.300683
19269,9.157594
19290,9.129445
19311,9.13179
19332,9.115371
19353,9.206854
19374,9.251423
19395,9.249077
19416,9.188088
19437,9.176359
19458,9.166977
19479,9.08253
19500,9.117716
19521,9.087222
19542,9.101295
19563,9.129445
19585,9.037962
19607,9.026234
19628,8.991047
19649,8.965244
19670,8.98401
19691,8.831537
19712,8.932404
19733,9.005121
19754,8.812772
19775,8.786969
19796,8.812772
19817,8.810426
19838,8.859686
19859,8.833883
19880,8.761166
19901,8.786969
19922,8.927712
19943,8.976973
19964,8.962898
19985,8.815118
20006,8.857341
20027,8.775241
20048,8.859686
20069,8.819809
20090,8.695485
20111,8.632151
20132,8.655608
20153,8.62746
20174,8.662645
20195,8.634497
20216,8.540668
20237,8.585237
20258,8.653263
20279,8.611039
20300,8.702522
20321,8.700177
20342,8.702522
20363,8.714252
20384,8.775241
20405,8.822155
20426,8.937096
20447,8.946478
20468,8.955861
20489,9.094258
20510,9.03327
20531,9.009813
20552,9.091913
20573,9.113025
20594,9.171668
20615,9.13179
20636,8.908947
20657,8.927712
20678,8.915984
20699,9.01685
20720,8.95117
20741,8.826846
20762,8.829192
20783,8.946478
20804,9.035616
20825,9.019196
20846,9.014504
20867,8.920675
20888,8.969935
20909,9.105988
20930,9.091913
20951,9.127099
20972,8.986356
20993,9.305374
21014,9.040307
21035,9.183396
21056,9.422661
21077,9.312411
21098,9.152903
21119,9.455501
21140,9.800323
21161,9.61501
21182,9.460192
21203,9.544639
21224,9.875386
21245,9.800323
21266,9.7581
21287,9.875386
21308,9.849584
21329,9.854274
21350,10.04428
21371,10.14514
21392,10.21786
21413,10.17329
21434,10.29996
21455,10.44305
21476,10.42663
21497,10.70108
21518,10.54157
21539,10.52515
21560,10.60022
21581,10.79491
21602,10.82071
21623,10.92393
21644,10.62133
21665,10.4149
21686,10.89343
21707,10.94973
21728,10.89343
21749,10.67762
21770,10.70343
21791,10.72923
21812,10.77145
21833,10.67997
21854,10.54861
21875,10.61194
21896,10.62602
21917,10.65651
21938,10.52984
21959,10.40317
21980,10.42898
22001,10.4712
22022,10.39848
22043,10.45009
22064,10.26008
22085,10.37737
22106,10.46182
22127,10.48528
22148,10.45244
22169,10.51108
22190,10.58849
22211,10.70812
22232,10.74096
22253,10.71516
22274,10.71516
22295,10.72923
22316,10.71985
22337,10.67059
22358,10.6354
22379,10.58614
22400,10.56972
22421,10.43601
22442,10.53453
22463,10.42194
22484,10.44071
22505,10.42429
22526,10.42194
22547,10.3891
22568,10.50639
22589,10.47824
22610,10.46182
22631,10.54392
22652,10.5838
22673,10.64947
22694,10.69404
22715,10.80899
22736,10.748
22757,10.90281
22778,10.85121
22799,11.00603
22820,10.95911
22841,10.98961
22862,11.03417
22883,10.89812
22904,10.90281
22925,10.94035
22946,10.98492
22967,11.00837
22988,10.97553
23009,10.84417
23030,10.76911
23051,10.67293
23072,10.66355
23093,10.61664
23114,10.56503
23135,10.56972
23156,10.62133
23177,10.51342
23198,10.55799
23219,10.45009
23240,10.46416
23261,10.40552
23282,10.46416
23303,10.48762
23324,10.5791
23345,10.51577
23366,10.52046
23387,10.50404
23408,10.55096
23429,10.50404
23450,10.57207
23471,10.59083
23492,10.55565
23513,10.50873
23534,10.36799
23555,10.29292
23576,10.16391
23597,10.21786
23618,10.18737
23639,10.18268
23660,9.87304
23681,9.661925
23702,9.572787
23723,9.575133
23744,9.415624
23765,9.349943
23786,9.195126
23807,9.188088
23828,9.270188
23849,9.183396
23870,9.021542
23891,8.986356
23912,8.98401
23933,9.056727
23954,9.13179
23975,9.061419
23996,8.998084
24017,9.009813
24038,9.030925
24059,9.108333
24080,9.01685
24101,9.019196
24122,9.047344
24143,9.171668
24164,9.037962
24185,8.974627
24206,8.965244
24227,8.974627
24248,9.195126
24269,9.073148
24290,8.986356
24311,9.080185
24332,9.141173
24353,8.932404
24374,8.976973
24395,9.185742
24416,9.199817
24437,9.096604
24458,9.094258
24479,9.206854
24500,9.138828
24521,9.026234
24542,9.110679
24563,9.103642
24584,9.061419
24605,9.042653
24626,9.143519
24647,9.105988
24668,9.052036
24689,8.976973
24710,9.028579
24731,9.035616
24752,8.988701
24773,9.030925
24794,9.089567
24815,8.981664
24836,8.955861
24857,8.944133
24878,9.00043
24899,8.976973
24920,8.854995
24941,8.789314
24962,8.847958
24983,8.890181
25004,8.850304
25025,8.779932
25046,8.737708
25067,8.622768
25088,8.700177
25109,8.695485
25130,8.608693
25151,8.587582
25172,8.601656
25193,8.634497
25214,8.733017
25235,8.716597
25256,8.69314
25277,8.641534
25298,8.564125
25319,8.629806
25340,8.700177
25361,8.622768
25382,8.657954
25403,8.655608
25424,8.589928
25445,8.545359
25466,8.428073
25487,8.507828
25508,8.6603
25529,8.460913
25550,8.360046
25571,8.383504
25592,8.46795
25613,8.470296
25634,8.510174
25655,8.421036
25676,8.505482
25697,8.845612
25718,8.768204
25739,8.852649
25760,8.95117
25781,9.13179
25802,9.04969
25823,9.216236
25844,9.380438
25865,9.570441
25886,9.741679
25907,9.816743
25928,9.739333
25949,9.828471
25970,10.0302
25991,10.03489
26012,9.985635
26033,10.15218
26054,10.29527
26075,10.45478
26096,10.47355
26117,10.45713
26138,10.48058
26159,10.46885
26180,10.48528
26201,10.55096
26222,10.5838
26243,10.43367
26264,10.6096
26285,10.59083
26306,10.72923
26327,10.54626
26348,10.34219
26369,10.45947
26390,10.69639
26411,10.93096
26432,10.88639
26453,10.54392
26474,10.59083
26495,10.78318
26516,10.77849
26537,10.938
26558,10.80195
26579,10.91923
26600,10.95911
26621,10.90516
26642,11.01072
26663,10.71985
26684,10.75034
26705,10.91689
26726,10.85355
26747,10.89578
26768,10.76207
26789,10.8817
26810,10.92158
26831,10.96146
26852,11.05763
26873,10.96849
26894,10.96146
26915,11.04121
26936,11.03417
26957,11.09517
26978,11.04825
26999,11.09047
27020,11.128
27041,11.04825
27062,11.03417
27083,11.09282
27104,11.0201
27125,11.08109
27146,11.0506
27167,11.06936
27188,10.98492
27209,11.05529
27230,10.97319
27251,11.03417
27272,10.91923
27293,11.00837
27314,11.05998
27335,10.98022
27356,10.95677
27377,10.88874
27398,10.86294
27419,10.80195
27440,10.85355
27461,10.93096
27482,10.89812
27503,10.84652
27524,10.80664
27545,10.73627
27566,10.72454
27587,10.68232
27608,10.56972
27629,10.44305
27650,10.50169
27671,10.4712
27692,10.40787
27713,10.31638
27734,10.24132
27755,10.2765
27776,10.27181
27797,10.24836
27818,10.18268
27839,10.0865
27860,10.12638
27881,10.08885
27902,10.10996
27923,10.13107
27944,10.11934
27965,10.21786
27986,10.21083
28007,10.12403
28028,10.14514
28049,10.15922
28070,10.20144
28091,10.20848
28112,10.17564
28133,10.10996
28154,10.12403
28175,10.06305
28196,10.03959
28217,9.973906
28238,9.969215
28259,10.02082
28280,9.962177
28301,9.896498
28322,10.0302
28343,10.07946
28364,9.868348
28385,9.788594
28406,9.830817
28427,9.7581
28448,9.79094
28469,9.751062
28490,9.685382
28511,9.645505
28532,9.666616
28553,9.713531
28574,9.584516
28595,9.654888
28616,9.66427
28637,9.563404
28658,9.51649
28679,9.551676
28700,9.511798
28721,9.347597
28742,9.403895
28763,9.478958
28784,9.575133
28805,9.427352
28826,9.232656
28847,9.284263
28868,9.326486
28889,9.378092
28910,9.429698
28931,9.197471
28952,9.286609
28973,9.30772
28994,9.190434
29015,9.129445
29036,9.15994
29057,9.138828
29078,9.127099
29099,9.037962
29120,8.960552
29141,9.087222
29162,9.185742
29183,9.127099
29204,9.171668
29225,9.155248
29246,9.134136
29267,9.183396
29288,9.27488
29309,9.237348
29330,9.181051
29351,9.328832
29372,9.34056
29393,9.349943
29414,9.157594
29435,9.281918
29456,9.216236
29477,9.328832
29498,9.174014
29519,9.253768
29540,9.279572
29561,9.213891
29582,9.206854
29603,9.195126
29624,9.239694
29645,9.138828
29666,9.199817
29687,9.089567
29708,9.181051
29729,9.197471
29750,9.138828
29771,9.096604
29792,9.08253
29813,9.04969
29834,9.063765
29855,9.054381
29876,8.93475
29897,8.876106
29918,8.908947
29939,8.962898
29960,8.939441
29981,8.852649
30002,8.815118
30023,8.876106
30044,8.822155
30065,8.777586
30086,8.650917
30107,8.740054
30128,8.864378
30149,8.761166
30170,8.723634
30191,8.812772
30212,8.869069
30233,8.90191
30254,8.873761
30275,8.864378
30296,8.843266
30317,8.991047
30339,8.974627
30363,9.110679
30384,9.138828
30405,9.181051
30426,9.295992
30447,8.974627
30468,9.03327
30489,9.277225
30510,9.239694
30531,9.145865
30552,8.967589
30573,9.220928
30594,9.284263
30615,9.455501
30636,9.415624
30657,9.279572
30678,9.403895
30699,9.349943
30720,9.331178
30741,9.453156
30762,9.490686
30783,9.481303
30804,9.48834
30825,9.697111
30846,9.87304
30867,9.718222
30888,9.767483
30909,9.929338
30930,9.891806
30951,9.765137
30972,9.889461
30993,9.957487
31014,9.85662
31035,9.739333
31056,9.842546
31077,10.09588
31098,9.936375
31119,9.863657
31140,9.924646
31161,10.117
31183,10.02082
31204,10.16156
31225,10.14514
31246,10.03959
31267,9.995018
31288,10.117
31309,10.21552
31330,10.07477
31351,9.748716
31372,9.98329
31393,9.98798
31414,9.901189
31435,9.837853
31456,9.929338
31477,9.934029
31498,9.816743
31519,9.783903
31540,9.711185
31561,9.797977
31582,9.814397
31603,9.821435
31624,9.936375
31645,9.931683
31666,9.985635
31687,10.04193
31708,10.12169
31729,10.2249
31750,10.29058
31771,10.30935
31792,10.35861
31813,10.49935
31834,10.45478
31855,10.59318
31876,10.6917
31897,10.59787
31918,10.74331
31939,10.70108
31960,10.6096
31981,10.69639
32002,10.72688
32023,10.72923
32044,10.64244
32065,10.61898
32086,10.68701
32107,10.67293
32128,10.65651
32149,10.78787
32170,10.81602
32191,10.80195
32212,10.77614
32233,10.7996
32254,10.85824
32275,10.89812
32296,11.02948
32317,10.92393
32338,10.8559
32359,11.07171
32380,11.08578
32401,11.04121
32422,11.1327
32443,11.15381
32464,11.15146
32485,11.24529
32506,11.10689
32527,11.14912
32548,11.20072
32569,11.22183
32590,11.16084
32611,11.20307
32632,11.11393
32653,11.17023
32674,11.13504
32695,11.17961
32716,11.20072
32737,11.24295
32758,11.22652
32779,11.2148
32800,11.25233
32821,11.29455
32842,11.36727
32863,11.42591
32884,11.41418
32905,11.36492
32926,11.35319
32947,11.47986
32968,11.29924
32989,11.24763
33010,11.17726
33031,11.25233
33052,11.16554
33073,11.12097
33094,10.83479
33115,10.80899
33136,10.85824
33157,10.66824
33178,10.44305
33199,10.43601
33220,10.35626
33241,10.2249
33262,10.13811
33283,9.966869
33304,9.978598
33325,9.851928
33346,9.779211
33367,9.535255
33388,9.427352
33409,9.347597
33430,9.19278
33451,9.124753
33472,9.019196
33493,8.927712
33514,8.932404
33535,8.833883
33556,8.72598
33577,8.695485
33598,8.688448
33619,8.763512
33640,8.639189
33661,8.618076
33682,8.7424
33703,8.801044
33724,8.728326
33745,8.770549
33766,8.782278
33787,8.831537
33808,8.897219
33829,8.770549
33850,8.801044
33871,8.962898
33892,8.986356
33913,9.01685
33934,9.117716
33955,9.25846
33976,9.244386
33997,9.218582
34018,9.155248
34039,9.317103
34060,9.211545
34081,9.2913
34102,9.380438
34123,9.401549
34144,9.317103
34165,9.34056
34186,9.460192
34207,9.422661
34228,9.317103
34249,9.34056
34270,9.305374
34291,9.434389
34312,9.314757
34333,9.094258
34354,9.218582
34375,9.225619
34396,9.267843
34417,9.164631
34438,9.009813
34459,9.087222
34480,9.052036
34501,9.124753
34522,9.080185
34543,9.009813
34564,8.960552
34585,8.965244
34606,8.911292
34627,8.93475
34648,9.052036
34669,9.129445
34690,9.174014
34711,9.138828
34732,9.09895
34753,9.115371
34774,9.075493
34795,8.892527
34816,8.822155
34837,8.819809
34858,8.864378
34879,8.911292
34900,8.826846
34921,8.8245
34942,8.850304
34963,8.906601
34984,8.84092
35005,8.880798
35026,8.95117
35047,9.028579
35068,9.047344
35089,9.152903
35110,9.075493
35131,9.202163
35152,9.195126
35173,9.087222
35194,9.061419
35215,8.974627
35236,8.958207
35257,9.087222
35278,9.138828
35299,9.216236
35320,9.256114
35341,9.138828
35362,9.122408
35383,9.080185
35404,8.972281
35425,9.012158
35446,8.906601
35467,8.871415
35488,8.904256
35509,8.960552
35530,8.655608
35551,8.552396
35572,8.528939
35593,8.479678
35614,8.413999
35635,8.364738
35656,8.432764
35677,8.486716
35698,8.639189
35719,8.613385
35740,8.535976
35761,8.639189
35782,8.777586
35803,8.873761
35824,8.923021
35845,8.981664
35866,9.089567
35887,9.239694
35908,9.216236
35929,9.190434
35950,9.113025
35971,9.272534
35992,9.277225
36013,9.523527
36034,9.446118
36055,9.535255
36076,9.633776
36097,9.751062
36118,9.85662
36139,9.889461
36160,9.800323
36181,9.903535
36202,10.07008
36223,10.1123
36244,10.10527
36265,10.18502
36286,10.42663
36307,10.51108
36328,10.58849
36349,10.48058
36370,10.59552
36391,10.71046
36412,10.66121
36433,10.64478
36454,10.65182
36475,10.75269
36496,10.5791
36517,10.69639
36538,10.67059
36559,10.73158
36580,10.59318
36601,10.55565
36622,10.42898
36643,10.61194
36664,10.5838
36685,10.45009
36706,10.37737
36727,10.35157
36748,10.37033
36769,10.25539
36790,10.24836
36811,10.08416
36832,10.18502
36853,10.34688
36874,10.50404
36895,10.53688
36916,10.45713
36937,10.54157
36958,10.6096
36979,10.73861
37000,10.75503
37021,10.89109
37042,10.70577
37063,10.77614
37084,10.72688
37105,10.64009
37126,10.51577
37147,10.5533
37168,10.56034
37189,10.48528
37210,10.50639
37231,10.46182
37252,10.50169
37273,10.51342
37294,10.54626
37315,10.4454
37336,10.40552
37357,10.48528
37378,10.5791
37399,10.66824
37420,10.60022
37441,10.65182
37462,10.54861
37483,10.57207
37504,10.61664
37525,10.63775
37546,10.63775
37567,10.65886
37588,10.7175
37609,10.65182
37630,10.76207
37651,10.73158
37672,10.73392
37693,10.73392
37714,10.70577
37735,10.68466
37756,10.60256
37777,10.50873
37798,10.42194
37819,10.3891
37840,10.35391
37861,10.45244
37882,10.4454
37903,10.39145
37924,10.32342
37945,10.41021
37966,10.35626
37987,10.34453
38008,10.54861
38029,10.64713
38050,10.53688
38071,10.52281
38092,10.62602
38113,10.58614
38134,10.79256
38155,10.72923
38176,10.65651
38197,10.80899
38218,10.85355
38239,10.7738
38260,10.72688
38281,10.67293
38302,10.56972
38323,10.51577
38344,10.43367
38365,10.39379
38386,10.19675
38407,10.05366
38428,9.938721
38449,9.997364
38470,9.854274
38491,9.74637
38512,9.739333
38533,9.826125
38554,9.793285
38575,9.521181
38596,9.420315
38617,9.434389
38638,9.478958
38659,9.345251
38680,9.347597
38701,9.333523
38722,9.23031
38743,9.113025
38764,9.24204
38785,9.174014
38806,9.218582
38827,9.002776
38848,9.042653
38869,9.312411
38890,9.218582
38911,9.005121
38932,9.105988
38953,9.213891
38974,9.338214
38995,9.279572
39016,9.23031
39037,9.249077
39058,9.181051
39079,9.260805
39100,9.253768
39121,9.244386
39142,9.267843
39163,9.310066
39184,9.335869
39205,9.432044
39226,9.429698
39247,9.298337
39268,9.347597
39289,9.298337
39310,9.382783
39331,9.347597
39352,9.227965
39373,9.091913
39394,9.155248
39415,9.143519
39436,9.08253
39457,9.014504
39478,9.002776
39499,9.044999
39520,9.014504
39541,8.948824
39562,8.927712
39583,8.95117
39604,8.979319
39625,8.967589
39646,8.988701
39667,9.01685
39688,8.993393
39709,8.976973
39730,8.862032
39751,8.838574
39772,8.920675
39793,8.845612
39814,8.941787
39835,8.946478
39856,8.941787
39877,8.986356
39898,9.026234
39919,9.026234
39940,9.047344
39961,9.117716
39982,9.110679
40003,9.227965
40024,9.443772
40045,9.331178
40066,9.319448
40087,9.211545
40108,9.213891
40129,9.256114
40150,9.263151
40171,9.122408
40192,9.127099
40213,9.157594
40234,9.127099
40255,9.129445
40276,9.148211
40297,9.04969
40318,8.993393
40339,9.127099
40360,9.13179
40381,9.108333
40402,9.251423
40423,9.155248
40444,9.145865
40465,9.321795
40486,9.300683
40507,9.148211
40528,9.251423
40549,9.352288
40570,9.396858
40591,9.314757
40612,9.429698
40633,9.364017
40654,9.366363
40675,9.422661
40696,9.333523
40717,9.326486
40738,9.2913
40759,9.239694
40780,9.345251
40801,9.30772
40822,9.169322
40843,9.136482
40864,9.176359
40885,9.059073
40906,9.105988
40927,9.073148
40948,8.948824
40969,8.801044
40990,8.763512
41011,8.937096
41032,8.911292
41053,8.915984
41074,8.899564
41095,9.007467
41116,9.157594
41137,9.155248
41158,9.354634
41179,9.342906
41200,9.504761
41221,9.476612
41242,9.53291
41263,9.603281
41284,9.556367
41305,9.511798
41326,9.349943
41347,9.600936
41368,9.676
41389,9.502416
41410,9.495378
41431,9.509453
41452,9.422661
41473,9.401549
41494,9.572787
41515,9.640813
41536,9.617355
41557,9.542293
41578,9.535255
41599,9.610318
41620,9.788594
41641,9.708839
41662,9.650196
41683,9.697111
41704,9.783903
41725,9.936375
41746,9.969215
41767,9.880077
41788,10.05601
41809,10.04193
41830,10.10761
41851,10.26947
41872,10.24366
41893,10.40552
41914,10.45244
41935,10.39614
41956,10.44774
41977,10.51811
41998,10.60491
42019,10.65182
42040,10.59318
42061,10.70577
42082,10.70812
42103,10.70108
42124,10.76442
42145,10.65182
42166,10.748
42187,10.77145
42208,10.83948
42229,10.79491
42250,10.7738
42271,10.7738
42292,10.94504
42313,10.91454
42334,10.82541
42355,10.87467
42376,11.13035
42397,11.1327
42418,11.12097
42439,11.09751
42460,11.06936
42481,11.16084
42502,11.25702
42523,11.08109
42544,11.05294
42565,11.08343
42586,11.02479
42607,11.02245
42628,10.86294
42649,10.84652
42670,10.82775
42691,10.80899
42712,10.85355
42733,10.88639
42754,10.83479
42775,10.74565
42796,10.81368
42817,10.87701
42838,10.86294
42859,10.85355
42880,10.83244
42901,10.76911
42922,10.83479
42943,10.79491
42964,10.84183
42985,10.84183
43006,10.75034
43027,10.72219
43048,10.71516
43069,10.61429
43090,10.59083
43111,10.66824
43132,10.66824
43153,10.56503
43174,10.59552
43195,10.50404
43216,10.44305
43237,10.45009
43258,10.39848
43279,10.24601
43300,10.22021
43321,10.1686
43342,10.13342
43363,10.12403
43384,10.13342
43405,10.12403
43426,10.10527
43447,10.07243
43468,10.13576
43489,10.33515
43510,10.2765
43531,10.24132
43552,10.24132
43573,10.15687
43594,10.3328
43615,10.33515
43636,10.34922
43657,10.41725
43678,10.45478
43699,10.53453
43720,10.65886
43741,10.68232
43762,10.6659
43783,10.60022
43804,10.62836
43825,10.50169
43846,10.33046
43867,10.20144
43888,10.22021
43909,10.14984
43930,10.14045
43951,10.08181
43972,9.849584
43993,9.718222
44014,9.748716
44035,9.812052
44056,9.718222
44077,9.504761
44098,9.427352
44119,9.453156
44140,9.335869
44161,9.227965
44182,9.122408
44203,9.110679
44224,9.091913
44245,8.972281
44266,8.815118
44287,8.862032
44308,8.716597
44329,8.575853
44350,8.507828
44371,8.376467
44392,8.489061
44413,8.463259
44434,8.500791
44455,8.341281
44476,8.41869
44497,8.416345
44518,8.338935
44539,8.315477
44560,8.404615
44581,8.428073
44602,8.575853
44623,8.528939
44644,8.564125
44665,8.664991
44686,8.664991
44707,8.707214
44728,8.56647
44749,8.749437
44770,8.880798
44791,8.721289
44812,8.779932
44833,8.664991
44854,8.733017
44875,8.733017
44896,8.723634
44917,8.681411
44938,8.749437
44959,8.718943
44980,8.657954
45001,8.772895
45022,8.744746
45043,8.740054
45064,8.653263
45085,8.8245
45106,8.822155
45127,8.681411
45148,8.777586
45169,8.747091
45190,8.7424
45211,8.850304
45232,8.873761
45253,8.862032
45274,8.892527
45295,8.915984
45316,8.944133
45337,8.871415
45358,8.847958
45379,8.873761
45400,9.03327
45421,8.859686
45442,8.819809
45463,8.758821
45484,8.728326
45505,8.655608
45526,8.730671
45547,8.674374
45568,8.613385
45589,8.625113
45610,8.801044
45631,8.810426
45652,8.854995
45673,8.894873
45694,8.871415
45715,8.833883
45736,9.012158
45757,9.089567
45778,9.101295
45799,9.059073
45820,9.249077
45841,9.298337
45862,9.345251
45883,9.364017
45904,9.471921
45925,9.410933
45946,9.310066
45967,9.460192
45988,9.645505
46009,9.847238
46030,9.783903
46051,9.48834
46072,9.936375
46093,9.889461
46114,9.802669
46135,9.66427
46156,9.955141
46177,10.14045
46198,10.15453
46219,10.01378
46240,10.04662
46261,10.11934
46282,10.23897
46303,10.20379
46324,10.09588
46345,10.07946
46366,10.18502
46387,10.10058
46408,10.03724
46429,10.03959
46450,10.3328
46471,10.45009
46492,10.31638
46513,10.60725
46534,10.40083
46555,10.49935
46576,10.5838
46597,10.57441
46618,10.61664
46639,10.61898
46660,10.53923
46681,10.60491
46702,10.61898
46723,10.60491
46744,10.61429
46765,10.61664
46786,10.5275
46807,10.57441
46828,10.56034
46849,10.66355
46870,10.58614
46891,10.64009
46912,10.6659
46933,10.71281
46954,10.72688
46975,10.68701
46996,10.78553
47017,10.90751
47038,10.87701
47059,10.95677
47080,10.9122
47101,10.91454
47122,10.88639
47143,10.93096
47164,10.97788
47185,10.97553
47206,10.72923
47227,10.89578
47248,10.8301
47269,10.74565
47290,10.73392
47311,10.7175
47332,10.69639
47353,10.6096
47374,10.65886
47395,10.78084
47416,10.80429
47437,10.74331
47458,10.7738
47479,10.81368
47500,10.83479
47521,10.87232
47542,10.87232
47563,10.98961
47584,10.8559
47605,10.94973
47626,11.00837
47647,10.98726
47668,10.97319
47689,11.02245
47710,11.00603
47731,10.98257
47752,10.98257
47773,10.96849
47794,10.86763
47815,10.84886
47836,10.65651
47857,10.58614
47878,10.46182
47899,10.50639
47920,10.45947
47941,10.44071
47962,10.31638
47983,10.18033
48004,10.18502
48025,10.14984
48046,10.12638
48067,10.13342
48088,10.07008
48109,10.07243
48130,10.21317
48151,10.34219
48172,10.29292
48193,10.2249
48214,10.24366
48235,10.30231
48256,10.38675
48277,10.44071
48298,10.4712
48319,10.49466
48340,10.48528
48361,10.59318
48382,10.52515
48403,10.49935
48424,10.58145
48445,10.61898
48466,10.4712
48487,10.40787
48508,10.23194
48529,10.25305
48550,10.21786
48571,10.14749
48592,9.722914
48613,9.66427
48634,9.643159
48655,9.603281
48676,9.396858
48697,9.429698
48718,9.38982
48739,9.272534
48760,9.24204
48781,9.190434
48802,9.105988
48823,8.993393
48844,8.991047
48865,8.976973
48886,8.908947
48907,8.782278
48928,8.709559
48949,8.761166
48970,8.639189
48991,8.646226
49012,8.606348
49033,8.498445
49054,8.425727
49075,8.606348
49096,8.540668
49117,8.517211
49138,8.46795
49159,8.43511
49180,8.540668
49201,8.580544
49222,8.573507
49243,8.653263
49264,8.669683
49285,8.798697
49306,8.845612
49327,8.786969
49348,8.838574
49369,8.796351
49390,8.862032
49411,8.887836
49432,9.023888
49453,8.930058
49474,8.885489
49495,8.93475
49516,8.972281
49537,8.993393
49558,8.944133
49579,8.836229
49600,8.927712
49621,8.93475
49642,8.95117
49663,8.998084
49684,8.923021
49705,8.98401
49726,9.019196
49747,9.084876
49768,9.023888
49789,8.998084
49810,9.007467
49831,9.073148
49852,9.01685
49873,9.009813
49894,9.073148
49915,9.059073
49936,9.028579
49957,9.028579
49978,9.120062
49999,8.995738
50020,9.007467
50041,8.93475
50062,8.981664
50083,8.948824
50104,8.831537
50125,8.707214
50146,8.812772
50167,8.737708
50188,8.629806
50209,8.67672
50230,8.672029
50251,8.550051
50272,8.41869
50293,8.507828
50314,8.606348
50335,8.477333
50356,8.350664
50377,8.411653
50398,8.650917
50419,8.531285
50440,8.6603
50461,8.622768
50482,8.765858
50503,9.012158
50524,8.908947
50545,8.779932
50566,8.573507
50587,8.803389
50608,8.913638
50629,9.195126
50650,9.176359
50671,9.19278
50692,9.408587
50713,9.523527
50734,9.697111
50755,9.830817
50776,9.718222
50797,9.586862
50818,9.826125
50839,10.03489
50860,9.997364
50881,9.898843
50902,10.20613
50923,10.18737
50944,10.0607
50965,10.12169
50986,10.30465
51007,10.4149
51028,10.3633
51049,10.35861
51070,10.43601
51091,10.48293
51112,10.50169
51133,10.31404
51154,10.02551
51175,10.20144
51196,10.23194
51217,10.3328
51238,10.18737
51259,9.931683
51280,9.802669
51301,9.697111
51322,9.659579
51343,9.741679
51364,9.800323
51385,9.680691
51406,9.734642
51427,9.955141
51448,9.699456
51469,9.776865
51490,9.910572
51511,9.924646
51532,10.0607
51553,10.24366
51574,10.13107
51595,10.45713
51616,10.45947
51637,10.48293
51658,10.6917
51679,10.56972
51700,10.72454
51721,11.00837
51742,10.95442
51763,10.79491
51784,10.85121
51805,10.89812
51826,10.94973
51850,10.9122
51877,10.89812
51898,10.99664
51919,10.95442
51940,11.02948
51961,11.10455
51982,10.95207
52003,11.128
52024,11.1022
52045,11.21949
52066,11.19603
52087,11.28048
52108,11.31332
52129,11.36961
52150,11.32739
52171,11.40011
52192,11.52209
52213,11.59011
52234,11.55493
52255,11.55258
52276,11.62061
52297,11.58542
52318,11.49394
52339,11.51505
52360,11.38369
52381,11.2664
52402,11.2406
52423,10.99899
52444,10.85355
52465,10.81133
52486,10.53923
52507,10.42663
52528,10.33984
52549,10.25305
52570,10.08885
52591,10.10527
52612,10.07008
52633,10.12403
52654,10.18737
52675,10.10996
52696,10.12403
52717,10.12638
52738,10.10058
52759,10.20144
52780,10.13811
52801,10.21786
52822,10.13811
52843,10.33749
52864,10.4712
52885,10.41256
52906,10.27416
52927,10.33749
52948,10.32107
52969,10.34688
52990,10.27416
53011,10.29058
53032,10.16626
53053,10.07008
53074,10.04662
53095,10.02317
53116,9.861312
53137,9.687728
53158,9.493032
53179,9.448463
53200,9.542293
53221,9.551676
53242,9.493032
53263,9.434389
53284,9.328832
53305,9.321795
53326,9.361671
53347,9.265497
53368,9.27488
53389,9.199817
53410,9.195126
53431,9.188088
53452,9.148211
53473,9.188088
53494,9.09895
53516,8.965244
53537,8.908947
53558,8.913638
53579,8.808081
53600,8.803389
53621,8.765858
53642,8.667336
53663,8.749437
53684,8.575853
53705,8.545359
53726,8.496099
53747,8.535976
53768,8.53363
53789,8.543014
53810,8.512519
53831,8.45153
53852,8.498445
53873,8.552396
53894,8.620422
53915,8.615731
53936,8.594619
53957,8.711905
53978,8.754128
53999,8.775241
54020,8.681411
54041,8.510174
54062,8.531285
54083,8.599311
54104,8.545359
54125,8.500791
54146,8.453876
54167,8.496099
54188,8.489061
54209,8.507828
54230,8.540668
54251,8.594619
54272,8.641534
54293,8.740054
54314,8.697831
54335,8.718943
54356,8.740054
54377,8.770549
54398,8.8245
54419,8.90191
54440,8.908947
54461,8.714252
54482,8.798697
54503,8.923021
54524,8.810426
54545,8.789314
54566,8.817463
54587,8.864378
54608,8.98401
54629,8.998084
54650,8.808081
54671,8.796351
54692,8.761166
54713,8.777586
54734,8.664991
54755,8.571162
54776,8.463259
54797,8.500791
54818,8.474987
54839,8.360046
54860,8.024608
54881,8.092634
54902,8.259181
54923,8.155969
54944,7.942507
54965,7.977693
54986,8.031645
55007,8.167697
55028,8.041028
55049,8.069177
55070,8.322515
55091,8.564125
55112,8.620422
55133,8.526593
55154,8.618076
55175,8.981664
55196,9.122408
55217,9.277225
55238,9.338214
55259,9.697111
55280,9.708839
55301,9.776865
55322,9.941067
55343,10.15922
55364,10.10996
55385,10.1686
55406,10.29527
55427,10.45947
55448,10.46416
55469,10.51108
55490,10.58849
55511,10.66121
55532,10.71985
55553,10.72923
55574,10.97553
55595,11.00837
55616,10.90751
55637,10.97788
55658,11.01306
55679,10.95207
55700,10.86997
55721,10.82541
55742,10.71046
55763,10.49466
55784,10.43132
55805,10.34922
55826,10.31404
55847,10.18033
55868,10.03255
55889,9.929338
55910,9.964523
55931,9.934029
55952,9.697111
55973,9.558713
55994,9.422661
56015,9.41797
56036,9.361671
56057,9.460192
56078,9.38982
56099,9.631431
56120,9.851928
56141,9.959831
56162,10.04428
56183,10.26712
56204,10.09119
56225,10.21552
56246,10.40552
56267,10.37503
56288,10.34688
56309,10.28354
56330,10.29292
56351,10.26712
56372,10.18737
56393,10.10058
56414,10.17095
56435,10.21317
56456,10.29762
56477,10.32342
56498,10.29527
56519,10.34453
56540,10.27885
56561,10.39614
56582,10.39145
56603,10.41959
56624,10.46885
56645,10.55565
56666,10.56972
56687,10.59552
56708,10.5838
56729,10.71281
56750,10.748
56771,10.86059
56792,10.91923
56813,11.10455
56834,11.00603
56855,11.16319
56876,11.08813
56897,11.14208
56918,11.09047
56939,10.95911
56960,10.94738
56981,10.77145
57002,10.64478
57023,10.57207
57044,10.47355
57065,10.40552
57086,10.497
57107,10.45947
57128,10.24366
57149,10.15922
57170,10.17329
57191,10.20848
57212,10.29996
57233,10.35157
57254,10.34219
57275,10.34922
57296,10.35391
57317,10.4454
57338,10.50873
57359,10.5838
57380,10.53453
57401,10.67997
57422,10.56268
57443,10.57676
57464,10.61194
57485,10.68935
57506,10.66121
57527,10.65417
57548,10.61898
57569,10.71046
57590,10.65651
57611,10.62133
57632,10.47589
57653,10.45009
57674,10.40787
57695,10.3328
57716,10.32576
57737,10.26008
57758,10.15218
57779,10.0865
57800,10.18033
57821,10.15922
57842,10.10996
57863,10.09588
57884,10.04428
57905,10.09119
57926,10.0607
57947,10.04428
57968,9.912917
57989,9.863657
58010,9.880077
58031,9.66427
58052,9.680691
58073,9.622047
58094,9.54933
58115,9.586862
58136,9.58217
58157,9.521181
58178,9.378092
58199,9.281918
58220,9.183396
58241,9.183396
58262,9.178705
58283,9.09895
58304,8.988701
58325,8.782278
58346,8.857341
58367,8.794006
58388,8.751783
58409,8.524248
58430,8.357701
58451,8.470296
58472,8.517211
58493,8.646226
58514,8.568816
58535,8.625113
58556,8.655608
58577,8.622768
58598,8.578199
58619,8.40227
58640,8.479678
58661,8.479678
58682,8.399924
58703,8.388196
58724,8.43511
58745,8.240415
58766,8.188808
58787,8.223994
58808,8.151278
58829,8.174734
58850,8.216957
58871,8.202883
58892,8.20992
58913,8.292021
58934,8.151278
58955,8.2756
58976,8.390541
58997,8.374122
59018,8.254489
59039,8.320169
59060,8.446838
59081,8.406961
59102,8.336589
59123,8.345972
59144,8.416345
59165,8.632151
59186,8.535976
59207,8.456222
59228,8.564125
59249,8.519556
59270,8.456222
59291,8.345972
59312,8.191154
59333,8.284984
59354,8.155969
59375,8.116092
59396,8.045719
59417,8.113746
59438,8.130166
59459,8.036337
59480,8.137203
59501,8.158315
59522,7.996459
59543,8.153623
59564,8.170043
59585,8.235723
59606,8.242761
59627,8.43511
59648,8.477333
59669,8.406961
59690,8.453876
59711,8.702522
59732,9.068456
59753,9.295992
59774,9.368709
59795,8.937096
59816,9.235003
59837,9.718222
59858,9.87304
59879,9.870694
59900,9.917608
59921,10.33515
59942,10.41725
59963,10.21552
59984,10.29762
60005,10.37033
60026,10.44774
60047,10.33749
60068,10.59318
60089,10.32342
60110,10.52046
60131,10.50873
60152,10.42194
60173,10.44071
60194,10.55096
60215,10.44071
60236,10.33046
60257,10.3328
60278,10.39379
60299,10.37033
60320,10.45244
60341,10.35626
60362,10.37268
60383,10.44071
60404,10.35626
60425,10.30465
60446,10.37503
60467,10.41256
60488,10.33984
60509,10.43601
60530,10.38441
60551,10.37268
60572,10.31638
60593,10.21083
60614,10.34219
60635,10.31873
60656,10.22255
60677,10.03959
60698,9.962177
60719,10.05601
60740,10.08416
60761,9.997364
60782,10.05366
60803,10.117
60824,10.22725
60845,10.11465
60866,10.19441
60887,10.30465
60908,10.26712
60929,10.37268
60950,10.30231
60971,10.32576
60992,10.26008
61013,10.25539
61034,10.25774
61055,10.34453
61076,10.27416
61097,10.31873
61118,10.26243
61139,10.26947
61160,10.23428
61181,10.20144
61202,10.29527
61223,10.28589
61244,10.30231
61265,10.33515
61286,10.35391
61307,10.37033
61328,10.42429
61349,10.39379
61370,10.50639
61391,10.49231
61412,10.49935
61433,10.4712
61454,10.65182
61475,10.68935
61496,10.78787
61517,10.78318
61538,10.86294
61559,10.80899
61580,10.90751
61601,10.85121
61622,10.78318
61643,10.76911
61664,10.70108
61685,10.60256
61706,10.49466
61727,10.51811
61748,10.36799
61769,10.41959
61790,10.38675
61811,10.41256
61832,10.46416
61853,10.46885
61874,10.51577
61895,10.51577
61916,10.50873
61937,10.64713
61958,10.65182
61979,10.71046
62000,10.76442
62021,10.72923
62042,10.76442
62063,10.90047
62084,10.86528
62105,10.86997
62126,10.80429
62147,10.86059
62168,10.74331
62189,10.84417
62210,10.80195
62231,10.67528
62252,10.70343
62273,10.62133
62294,10.53453
62315,10.44305
62336,10.37737
62357,10.30231
62378,10.23663
62399,10.20613
62420,10.16156
62441,10.10761
62462,10.08416
62483,9.985635
62504,9.941067
62525,10.0044
62546,9.912917
62567,9.877731
62588,9.938721
62609,9.842546
62630,9.887115
62651,9.863657
62672,9.828471
62693,9.701802
62714,9.539948
62735,9.61501
62756,9.654888
62777,9.568096
62798,9.600936
62819,9.546985
62840,9.481303
62861,9.429698
62882,9.394512
62903,9.364017
62924,9.321795
62945,9.225619
62966,9.220928
62987,9.202163
63008,9.157594
63029,9.014504
63050,9.028579
63071,9.08253
63092,9.023888
63113,9.009813
63134,9.023888
63155,8.890181
63176,9.023888
63197,8.946478
63218,8.744746
63239,8.843266
63260,8.836229
63281,8.784623
63302,8.730671
63323,8.815118
63344,8.697831
63365,8.777586
63386,8.718943
63407,8.578199
63428,8.899564
63449,8.913638
63470,8.779932
63491,8.826846
63512,8.772895
63533,8.974627
63554,8.995738
63575,8.887836
63596,9.084876
63617,9.120062
63638,9.09895
63659,9.155248
63680,9.188088
63701,9.174014
63722,9.227965
63743,9.077839
63764,9.263151
63785,9.089567
63806,9.166977
63827,9.169322
63848,9.244386
63869,9.253768
63890,9.277225
63911,9.270188
63932,9.23031
63953,9.2913
63974,9.326486
63995,9.270188
64016,9.38982
64037,9.335869
64058,9.145865
64079,9.117716
64100,9.185742
64121,9.162285
64142,9.150557
64163,9.023888
64184,9.077839
64205,9.059073
64226,9.096604
64247,8.948824
64268,8.854995
64289,8.808081
64310,8.991047
64331,8.95117
64352,9.007467
64373,8.90191
64394,8.991047
64415,8.885489
64436,8.979319
64457,8.972281
64478,8.958207
64499,8.873761
64520,8.993393
64541,8.923021
64562,8.98401
64583,8.939441
64604,8.98401
64625,8.915984
64646,8.974627
64667,8.892527
64688,8.843266
64709,8.761166
64730,8.803389
64751,8.873761
64772,8.826846
64793,8.8245
64814,8.646226
64835,8.632151
64856,8.72598
64877,8.768204
64898,8.601656
64919,8.561779
64940,8.561779
64961,8.6603
64982,8.779932
65003,8.932404
65024,8.913638
65045,8.915984
65066,9.124753
65087,9.319448
65108,9.392166
65129,9.34056
65150,9.439081
65171,9.830817
65192,9.90588
65213,9.898843
65234,9.844892
65255,10.08416
65276,10.19675
65297,10.25774
65318,10.38675
65339,10.41959
65360,10.26947
65381,10.26008
65402,10.6096
65423,10.68701
65444,10.54626
65465,10.40787
65486,10.60725
65507,10.64713
65528,10.62367
65549,10.68701
65570,10.497
65591,10.54392
65612,10.62367
65633,10.44774
65654,10.38675
65675,10.26243
65696,10.34453
65717,10.51811
65738,10.2249
65759,10.20379
65780,10.18737
65801,10.13576
65822,10.22021
65843,10.05835
65864,10.01144
65885,9.868348
65906,9.908226
65927,9.938721
65948,9.894152
65969,9.708839
65990,9.877731
66011,9.779211
66032,9.741679
66053,9.661925
66074,9.558713
66095,9.554022
66116,9.511798
66137,9.551676
66158,9.668962
66179,9.593899
66200,9.636122
66221,9.605627
66242,9.629085
66263,9.722914
66284,9.87304
66305,9.931683
66326,10.02551
66347,9.995018
66368,10.13576
66389,10.22959
66410,10.21552
66431,10.30465
66452,10.3328
66473,10.47824
66494,10.4454
66515,10.47589
66536,10.52281
66557,10.56738
66578,10.64478
66599,10.62133
66620,10.66824
66641,10.74096
66662,10.75034
66683,10.75972
66704,10.938
66725,10.93565
66746,10.90516
66767,10.92393
66788,11.09985
66809,11.15381
66830,11.16554
66851,11.21245
66872,11.14442
66893,11.2922
66914,11.35085
66935,11.35319
66956,11.379
66977,11.33912
66998,11.30862
67019,11.32504
67040,11.31801
67061,11.25936
67082,11.21949
67103,11.17023
67124,11.11393
67145,11.08578
67166,11.00837
67187,10.89109
67208,10.81368
67229,10.81602
67250,10.68466
67271,10.70577
67292,10.58849
67313,10.49466
67334,10.39848
67355,10.31404
67376,10.32342
67397,10.39145
67418,10.39145
67439,10.42898
67460,10.23428
67481,10.10761
67502,10.03959
67523,10.13811
67544,10.1991
67565,10.18971
67586,10.07477
67607,10.15453
67628,10.20613
67649,10.18033
67670,10.24601
67691,10.18737
67712,10.28354
67733,10.31169
67754,10.43601
67775,10.39379
67796,10.34922
67817,10.36564
67838,10.29527
67859,10.34219
67880,10.29292
67901,10.23897
67922,10.26008
67943,10.2249
67964,10.307
67985,10.16156
68006,10.19206
68027,10.20379
68048,10.24836
68069,10.08416
68090,9.976252
68111,9.894152
68132,9.821435
68153,9.868348
68174,9.812052
68195,9.760445
68216,9.694765
68237,9.699456
68258,9.607973
68279,9.539948
68300,9.711185
68321,9.622047
68342,9.443772
68363,9.509453
68384,9.455501
68405,9.420315
68426,9.448463
68447,9.387475
68468,9.220928
68489,9.157594
68510,9.115371
68531,9.13179
68552,9.225619
68573,9.08253
68594,8.974627
68615,8.850304
68636,8.946478
68657,8.859686
68678,8.815118
68699,8.744746
68720,8.786969
68741,8.958207
68762,9.188088
68783,8.45153
68804,8.815118
68825,8.439801
68846,8.648571
68867,8.667336
68888,8.697831
68909,8.890181
68930,8.847958
68951,8.69314
68972,8.686103
68993,8.735363
69014,8.775241
69035,8.79166
69056,8.782278
69077,8.770549
69098,8.878452
69119,8.962898
69140,8.927712
69161,8.847958
69182,8.918329
69203,8.974627
69224,8.923021
69245,8.90191
69266,8.880798
69287,9.070802
69308,9.143519
69329,9.141173
69350,9.110679
69371,9.091913
69392,9.054381
69413,9.077839
69434,9.047344
69455,9.023888
69476,8.969935
69497,8.972281
69518,9.030925
69539,8.911292
69560,8.918329
69581,8.862032
69602,8.819809
69623,8.84092
69644,8.768204
69665,8.700177
69686,8.664991
69707,8.718943
69728,8.700177
69749,8.8245
69770,8.899564
69791,8.822155
69812,8.822155
69833,8.885489
69854,8.953515
69875,8.925366
69896,8.920675
69917,8.890181
69938,9.206854
69959,9.361671
69980,9.155248
70001,9.101295
70022,9.2913
70043,9.260805
70064,9.335869
70085,9.272534
70106,9.312411
70127,9.554022
70148,9.661925
70169,9.701802
70190,9.678345
70211,9.77452
70232,9.849584
70253,9.851928
70274,9.896498
70295,10.02551
70316,10.17798
70337,10.06773
70358,10.20848
70379,10.35861
70400,10.30465
70421,10.33984
70442,10.28823
70463,10.307
70484,10.29292
70505,10.31404
70526,10.307
70547,10.36564
70568,10.26712
70589,10.30231
70610,10.37503
70631,10.35391
70652,10.22725
70673,10.2249
70694,10.33984
70715,10.20848
70736,10.0607
70757,10.19675
70778,10.18268
70799,10.00909
70820,10.0044
70841,9.919954
70862,10.01848
70883,10.02551
70904,9.884768
70925,9.889461
70946,9.851928
70967,9.861312
70988,9.64785
71009,9.570441
71030,9.530564
71051,9.48834
71072,9.352288
71093,9.235003
71114,9.338214
71135,9.295992
71156,9.385129
71177,9.312411
71198,9.35698
71219,9.345251
71240,9.27488
71261,9.237348
71282,9.164631
71303,9.310066
71324,9.310066
71345,9.2913
71366,9.354634
71387,9.183396
71408,9.225619
71429,9.408587
71450,9.399203
71471,9.462538
71492,9.415624
71513,9.544639
71534,9.546985
71555,9.694765
71576,9.788594
71597,9.713531
71618,9.79094
71639,9.891806
71660,9.978598
71681,9.98798
71702,10.20613
71723,10.15453
71744,10.34219
71765,10.45478
71786,10.55096
71807,10.58145
71828,10.6659
71849,10.82775
71870,10.85121
71891,10.83479
71912,10.98492
71933,11.06467
71954,10.98492
71975,11.08343
71996,11.02714
72017,11.06701
72038,11.14912
72059,11.13504
72080,11.1022
72101,11.23356
72122,11.18665
72143,11.20541
72164,11.11627
72185,11.05998
72206,11.09047
72227,11.19603
72248,11.19838
72269,11.23122
72290,11.2148
72311,11.30628
72332,11.13973
72353,11.12097
72374,11.07405
72395,11.02479
72416,11.07874
72437,11.02714
72458,10.97319
72479,10.99195
72500,10.89812
72521,10.83479
72542,10.72923
72563,10.64478
72584,10.73392
72605,10.67762
72626,10.59318
72647,10.66824
72668,10.49935
72689,10.45478
72710,10.27181
72731,10.18268
72752,10.03724
72773,10.13811
72794,10.1123
72815,10.08885
72836,10.07946
72857,10.09823
72878,10.0865
72899,10.06539
72920,10.03255
72941,10.20379
72962,10.16156
72983,10.15922
73004,10.08181
73025,10.22021
73046,10.25539
73067,10.28589
73088,10.30935
73109,10.24601
73130,10.23897
73151,10.27885
73172,10.2507
73193,10.24132
73214,10.13576
73235,10.19675
73256,10.2812
73277,10.15218
73298,10.07477
73319,10.01848
73340,9.936375
73361,9.950449
73382,10.01144
73403,10.02082
73424,9.903535
73445,9.964523
73466,9.783903
73487,9.884768
73508,9.814397
73529,9.744025
73550,9.638468
73571,9.523527
73592,9.455501
73613,9.471921
73634,9.507107
73655,9.528218
73676,9.434389
73697,9.392166
73718,9.450809
73739,9.525873
73760,9.478958
73781,9.399203
73802,9.518835
73823,9.542293
73844,9.518835
73865,9.605627
73886,9.659579
73907,9.558713
73928,9.525873
73949,9.61501
73970,9.692419
73991,9.748716
74012,9.772174
74033,9.50007
74054,9.563404
74075,9.631431
74096,9.626739
74117,9.586862
74138,9.436735
74159,9.225619
74180,9.422661
74201,9.668962
74222,9.380438
74243,9.427352
74264,9.321795
74285,9.38982
74306,9.432044
74327,9.349943
74348,9.04969
74369,9.218582
74390,9.312411
74411,9.281918
74432,9.164631
74453,9.216236
74474,9.246731
74495,9.223273
74516,9.24204
74537,9.157594
74558,9.124753
74579,9.220928
74600,9.23031
74621,9.197471
74642,9.19278
74663,9.220928
74684,9.324141
74705,9.359325
74726,9.227965
74747,9.195126
74768,9.235003
74789,9.281918
74810,9.19278
74831,9.183396
74852,9.185742
74873,9.174014
74894,9.199817
74915,9.150557
74936,9.019196
74957,9.08253
74978,9.042653
74999,9.014504
75020,8.974627
75041,8.869069
75062,8.866723
75083,8.880798
75104,8.779932
75125,8.953515
75146,8.859686
75167,8.859686
75188,8.857341
75209,8.965244
75230,8.890181
75251,8.873761
75272,8.798697
75293,8.707214
75314,8.786969
75335,8.880798
75356,8.836229
75377,8.735363
75398,8.859686
75419,8.763512
75440,8.845612
75461,8.869069
75482,8.95117
75503,8.95117
75524,8.932404
75545,9.108333
75566,9.148211
75587,9.178705
75608,9.190434
75629,9.235003
75650,9.218582
75671,9.211545
75692,9.164631
75713,9.216236
75734,9.115371
75755,9.152903
75776,9.197471
75797,9.197471
75818,9.204508
75839,9.272534
75860,9.124753
75881,9.115371
75902,9.354634
75923,9.51649
75944,9.591553
75965,9.624393
75986,9.697111
76007,9.866002
76028,9.713531
76049,9.729951
76070,9.889461
76091,9.903535
76112,9.85662
76133,9.898843
76154,9.971561
76175,9.943413
76196,10.02551
76217,9.842546
76238,9.955141
76259,10.19206
76280,10.12169
76301,10.12403
76322,10.19206
76343,10.09354
76364,10.10996
76385,10.23428
76406,10.15922
76427,10.17798
76448,10.03724
76469,9.985635
76490,9.929338
76511,9.887115
76532,9.699456
76553,9.457847
76574,9.349943
76595,9.607973
76616,9.694765
76637,9.687728
76658,9.638468
76679,9.948103
76700,9.90588
76721,9.828471
76742,9.809706
76763,9.80736
76784,9.736988
76805,9.788594
76826,9.903535
76847,9.887115
76868,10.02082
76889,9.901189
76910,9.978598
76931,9.992672
76952,9.901189
76973,9.973906
76994,10.12403
77015,10.23194
77036,10.26008
77057,10.15687
77078,10.14749
77099,10.24601
77120,10.28823
77141,10.31873
77162,10.37503
77183,10.40552
77204,10.56738
77225,10.6096
77246,10.64009
77267,10.72454
77288,10.75738
77309,10.83479
77330,10.81133
77351,10.90516
77372,10.89812
77393,10.86059
77414,10.99195
77435,10.88639
77456,11.06467
77477,11.09047
77498,11.06467
77519,11.17023
77540,11.1022
77561,11.08343
77582,11.03887
77603,11.13504
77624,11.17492
77645,11.12097
77666,11.1843
77687,11.14442
77708,11.17023
77729,10.99664
77750,11.10924
77771,11.24763
77792,11.14208
77813,11.08578
77834,11.13035
77855,11.02948
77876,10.9943
77897,11.02245
77918,10.99899
77939,11.0764
77960,10.91923
77981,10.83244
78002,10.7996
78023,10.74096
78044,10.80195
78065,10.5838
78086,10.58849
78107,10.59787
78128,10.53453
78149,10.58849
78170,10.52046
78191,10.52515
78212,10.55799
78233,10.45713
78254,10.33984
78275,10.41725
78296,10.46182
78317,10.41959
78338,10.31404
78359,10.30231
78380,10.42429
78401,10.26947
78422,10.36564
78443,10.4454
78464,10.50404
78485,10.46885
78506,10.41021
78527,10.60022
78548,10.37503
78569,10.39379
78590,10.5533
78611,10.45713
78632,10.50639
78653,10.41959
78674,10.47355
78695,10.49231
78716,10.44774
78737,10.50873
78758,10.51811
78779,10.47355
78800,10.53923
78821,10.5791
78842,10.56034
78863,10.32107
78884,10.41256
78905,10.15453
78926,10.04897
78947,10.08416
78968,10.21552
78989,9.934029
79010,9.915263
79031,9.884768
79052,9.694765
79073,9.837853
79094,9.884768
79115,9.476612
79136,9.331178
79157,9.312411
79178,9.223273
79199,9.120062
79220,9.089567
79241,8.723634
79262,8.920675
79283,8.960552
79304,8.634497
79325,8.425727
79346,8.40227
79367,8.573507
79388,8.45153
79409,8.404615
79430,8.292021
79451,8.181771
79472,8.348318
79493,8.540668
79514,8.648571
79535,8.496099
79556,8.446838
79577,8.547705
79598,8.653263
79619,8.64388
79640,8.674374
79661,8.613385
79682,8.535976
79703,8.690794
79724,8.615731
79745,8.674374
79766,8.6603
79787,8.64388
79808,8.606348
79829,8.561779
79850,8.587582
79871,8.756474
79892,8.697831
79913,8.749437
79934,8.662645
79955,8.721289
79976,8.838574
79997,8.815118
80018,8.932404
80039,8.894873
80060,8.986356
80081,8.944133
80102,8.915984
80123,9.056727
80144,9.084876
80165,8.986356
80186,9.030925
80207,9.028579
80228,9.044999
80249,9.044999
80270,8.869069
80291,8.974627
80312,9.044999
80333,8.927712
80354,8.702522
80375,8.744746
80396,8.789314
80417,8.667336
80438,8.669683
80459,8.561779
80480,8.72598
80501,8.662645
80522,8.568816
80543,8.463259
80564,8.503136
80585,8.538322
80606,8.524248
80627,8.378813
80648,8.535976
80669,8.472641
80690,8.411653
80711,8.465604
80732,8.667336
80753,8.775241
80774,8.672029
80795,9.190434
80816,8.756474
80837,8.962898
80858,8.981664
80879,8.965244
80900,9.037962
80921,9.120062
80942,9.448463
80963,9.34056
80984,9.546985
81005,9.471921
81026,9.762791
81047,9.776865
81068,9.607973
81089,9.739333
81110,9.826125
81131,9.877731
81152,10.00206
81173,10.01144
81194,10.15687
81215,10.16391
81236,10.30231
81257,10.13576
81278,10.16391
81299,10.14045
81320,10.09588
81341,10.04193
81362,10.25774
81383,10.03959
81404,9.990326
81425,10.06305
81446,10.10292
81467,10.07008
81488,9.950449
81509,10.10761
81530,10.07008
81551,10.13107
81572,9.957487
81593,9.976252
81614,10.13811
81635,10.07477
81656,10.05835
81677,10.10292
81698,10.03724
81719,10.04662
81740,10.05132
81761,10.21317
81782,10.39614
81803,10.29996
81824,10.32107
81845,10.4454
81866,10.66824
81887,10.80195
81908,10.76676
81929,10.77145
81950,10.83948
81971,10.67293
81992,10.73158
82013,10.59787
82034,10.62836
82055,10.42194
82076,10.58614
82097,10.57676
82118,10.57441
82139,10.67293
82160,10.56034
82181,10.58145
82202,10.57676
82223,10.56972
82244,10.64713
82265,10.70108
82286,10.71516
82307,10.71516
82328,10.70577
82349,10.73861
82370,10.75972
82391,10.81133
82412,10.83948
82433,10.97084
82454,11.0201
82475,11.07171
82496,11.08813
82517,11.10455
82538,11.06936
82559,11.07171
82580,11.03417
82601,10.8559
82622,10.78553
82643,10.47355
82664,10.42194
82685,10.29527
82706,10.25305
82727,10.13576
82748,10.11934
82769,10.06305
82790,10.0865
82811,10.06305
82832,9.959831
82853,10.03959
82874,10.08885
82895,10.13107
82916,10.2249
82937,10.24132
82958,10.31404
82979,10.2765
83000,10.52984
83021,10.53453
83042,10.58849
83063,10.55799
83084,10.53453
83105,10.58145
83126,10.58145
83147,10.62133
83168,10.60256
83189,10.83948
83210,10.66121
83231,10.55565
83252,10.48058
83273,10.34922
83294,10.4712
83315,10.42194
83336,10.31169
83357,10.29762
83378,10.2249
83399,10.20144
83420,10.13107
83441,10.1123
83462,10.13107
83483,10.1123
83504,10.11465
83525,10.05366
83546,9.943413
83567,9.814397
83588,9.74637
83609,9.744025
83630,9.570441
83651,9.631431
83672,9.530564
83693,9.54933
83714,9.331178
83735,9.223273
83756,8.988701
83777,8.864378
83798,8.904256
83819,8.707214
83840,8.850304
83861,8.7424
83882,8.622768
83903,8.360046
83924,8.148932
83945,8.284984
83966,8.432764
83987,8.242761
84008,8.024608
84029,7.860407
84050,7.91905
84071,8.216957
84092,8.212266
84113,7.77127
84134,8.292021
84155,8.343626
84176,8.613385
84197,8.479678
84218,8.381159
84239,8.557088
84260,8.397578
84281,8.306095
84302,8.263872
84323,8.12782
84344,8.134857
84365,8.078559
84386,7.989422
84407,8.083251
84428,8.118437
84449,8.104362
84470,8.085596
84491,7.998805
84512,8.20992
84533,8.252144
84554,8.245107
84575,8.268563
84596,8.170043
84617,8.106709
84638,8.184117
84659,8.240415
84680,8.240415
84701,8.214611
84722,8.155969
84743,8.261526
84764,8.231031
84785,8.240415
84806,8.409307
84827,8.56647
84848,8.730671
84869,8.775241
84890,8.608693
84911,8.751783
84932,8.62746
84953,8.489061
84974,8.261526
84995,8.273255
85016,8.097325
85037,8.064485
85058,7.928433
85079,7.83695
85100,7.642255
85121,7.54608
85142,7.707935
85163,7.703244
85184,7.707935
85205,7.750158
85226,7.66102
85247,7.736084
85268,7.722009
85289,7.797072
85310,7.658674
85331,7.825221
85352,8.113746
85373,8.30844
85394,8.388196
85415,8.587582
85436,8.716597
85457,8.777586
85478,8.79166
85499,9.014504
85520,9.047344
85541,9.185742
85562,9.439081
85583,9.694765
85604,9.819089
85625,9.919954
85646,9.631431
85667,9.729951
85688,9.814397
85709,9.725259
85730,9.980944
85751,10.08416
85772,9.74637
85793,9.654888
85814,10.25305
85835,10.05132
85856,9.868348
85877,9.87304
85898,9.802669
85919,9.943413
85940,10.01144
85961,9.973906
85982,9.934029
86003,9.79094
86024,9.432044
86045,9.546985
86066,9.729951
86087,9.586862
86108,9.640813
86129,9.554022
86150,9.40624
86171,9.551676
86192,9.568096
86213,9.59859
86234,9.668962
86255,9.661925
86276,9.382783
86297,9.251423
86318,9.284263
86339,9.413278
86360,9.366363
86381,9.312411
86402,9.310066
86423,9.284263
86444,9.495378
86465,9.593899
86486,9.624393
86507,9.661925
86528,9.563404
86549,9.945757
86570,10.18268
86591,10.1991
86612,10.0865
86633,9.910572
86654,9.833163
86675,9.760445
86696,9.629085
86717,9.474266
86738,9.741679
86759,9.711185
86780,9.687728
86801,9.575133
86822,9.51649
86843,9.523527
86864,9.704147
86885,9.915263
86906,10.11465
86927,10.28823
86948,10.2507
86969,10.11465
86990,9.978598
87011,10.02551
87032,10.25305
87053,10.21083
87074,10.35391
87095,10.50639
87116,10.62602
87137,10.748
87158,10.76207
87179,11.13973
87200,11.13973
87221,11.33912
87242,11.26875
87263,11.24998
87284,11.08813
87305,10.82775
87326,10.5791
87347,10.33984
87368,10.08181
87389,9.952795
87410,9.769828
87431,9.51649
87452,9.558713
87473,9.605627
87494,9.66427
87515,9.725259
87536,9.858966
87557,9.978598
87578,10.04662
87599,9.882422
87620,10.07477
87641,10.29996
87662,10.40552
87683,10.37737
87704,10.42663
87725,10.48293
87746,10.52281
87767,10.54157
87788,10.62836
87809,10.56738
87830,10.64478
87851,10.70343
87872,10.75269
87893,10.70108
87914,10.54861
87935,10.23897
87956,10.21317
87977,10.07477
87998,10.0302
88019,9.976252
88040,9.79094
88061,9.715877
88082,9.720568
88103,9.751062
88124,9.600936
88145,9.427352
88166,9.504761
88187,9.54933
88208,9.493032
88229,9.361671
88250,9.2913
88271,9.335869
88292,9.220928
88313,9.312411
88334,9.281918
88355,9.113025
88376,9.237348
88397,8.98401
88418,8.969935
88439,9.021542
88460,9.00043
88481,8.808081
88502,8.779932
88523,8.786969
88544,8.714252
88565,8.547705
88586,8.397578
88607,8.245107
88628,8.507828
88649,8.751783
88670,8.289675
88691,8.080905
88712,8.092634
88733,8.409307
88754,8.184117
88775,7.987076
88796,8.12782
88817,8.273255
88838,8.413999
88859,8.604002
88880,8.439801
88901,8.282638
88922,8.383504
88943,8.134857
88964,8.120783
88985,8.097325
89006,8.207574
89027,8.146585
89048,8.031645
89069,8.012879
89090,7.970656
89111,7.926087
89132,7.994113
89153,8.120783
89174,8.163006
89195,8.228686
89216,8.228686
89237,8.43511
89258,8.505482
89279,8.46795
89300,8.428073
89321,8.474987
89342,8.428073
89363,8.472641
89384,8.521902
89405,8.531285
89426,8.669683
89447,8.669683
89468,8.765858
89489,8.754128
89510,8.831537
89531,8.915984
89552,8.812772
89573,8.836229
89594,9.059073
89615,9.009813
89636,8.939441
89657,8.777586
89678,8.648571
89699,8.601656
89720,8.580544
89741,8.353009
89762,8.158315
89783,8.104362
89804,8.273255
89825,8.123129
89846,7.980039
89867,8.16066
89888,8.172389
89909,8.167697
89930,8.130166
89951,8.179425
89972,8.277946
89993,8.456222
90014,8.406961
90035,8.517211
90056,8.779932
90077,8.953515
90098,8.833883
90119,8.864378
90140,9.202163
90161,9.2913
90182,9.410933
90203,9.528218
90224,9.650196
90245,9.636122
90266,9.659579
90287,9.699456
90308,9.720568
90329,9.849584
90350,9.950449
90371,9.98329
90392,10.02082
90413,9.880077
90434,9.77452
90455,9.823779
90476,9.891806
90497,9.891806
90518,9.851928
90539,9.786248
90560,9.755754
90581,9.802669
90602,9.891806
90623,9.830817
90644,9.694765
90665,9.56575
90686,9.706493
90707,9.851928
90728,9.622047
90749,9.457847
90770,9.497724
90791,9.657233
90812,9.575133
90833,9.443772
90854,9.511798
90875,9.725259
90896,9.64785
90917,9.54933
90938,9.551676
90959,9.706493
90980,9.659579
91001,9.572787
91022,9.441426
91043,9.518835
91064,9.303029
91085,9.324141
91106,9.157594
91127,9.110679
91148,9.059073
91169,9.042653
91190,8.941787
91211,8.904256
91232,9.037962
91253,9.047344
91274,9.13179
91295,9.237348
91316,9.293646
91337,9.23031
91358,9.378092
91379,9.399203
91400,9.439081
91421,9.497724
91442,9.497724
91463,9.485995
91484,9.64785
91505,9.593899
91526,9.617355
91547,9.687728
91568,9.704147
91589,9.741679
91610,9.786248
91631,9.877731
91652,10.07008
91673,10.07712
91694,10.15218
91715,10.24601
91736,10.30935
91757,10.25305
91778,10.39848
91799,10.42663
91820,10.52046
91841,10.63071
91862,10.75738
91883,10.8559
91904,11.06467
91925,11.16319
91946,11.20072
91967,11.53147
91988,11.66048
92009,11.69567
92030,11.59011
92051,11.52443
92072,11.41887
92093,11.2406
92114,11.1585
92135,11.00368
92156,10.86059
92177,10.70343
92198,10.62602
92219,10.47589
92240,10.52515
92261,10.44305
92282,10.43836
92303,10.42898
92324,10.51342
92345,10.5533
92366,10.72219
92387,10.77614
92408,10.68232
92429,10.79726
92450,10.85824
92471,10.95911
92492,10.90047
92513,10.86763
92534,10.97553
92555,11.05529
92576,10.91689
92597,10.94504
92618,10.59318
92639,10.9122
92660,10.94973
92681,10.80899
92702,10.67059
92723,10.19675
92744,10.20613
92765,10.02317
92786,9.931683
92807,9.751062
92828,9.697111
