8817,7.808801
8838,7.829913
8859,7.904976
8880,7.874481
8901,7.848678
8922,7.780652
8943,7.740775
8964,7.811147
8985,7.790035
9006,7.707935
9027,7.672749
9048,7.705589
9069,7.780652
9090,7.663366
9111,7.839296
9132,7.841641
9153,7.930779
9174,8.17708
9195,8.1114
9216,8.0293
9237,7.907322
9258,7.766578
9279,7.515585
9300,7.466325
9321,7.276321
9342,7.053477
9363,6.919771
9384,6.933845
9405,6.898659
9426,6.844707
9447,6.825942
9468,6.987797
9489,7.0957
9510,7.266938
9531,7.257555
9552,7.454596
9573,7.602377
9594,7.691514
9615,7.958928
9636,8.123129
9657,8.355355
9678,8.547705
9699,8.749437
9720,8.939441
9741,9.134136
9762,9.373401
9783,9.603281
9804,9.755754
9825,10.03489
9846,10.11934
9867,10.23428
9888,10.47355
9909,10.47589
9930,10.55565
9951,10.61664
9972,11.00368
9993,11.23825
10014,11.18899
10035,11.24998
10056,11.31801
10077,11.41653
10098,11.55258
10119,11.56431
10140,11.64876
10161,11.58073
10182,11.57135
10203,11.49159
10224,11.50801
10245,11.70974
10266,11.60184
10287,11.25467
10308,11.4048
10329,11.21245
10350,11.28282
10371,11.4869
10392,11.66987
10413,11.70974
10434,11.57604
10455,11.49159
10476,11.47986
10497,11.44233
10518,11.48221
10539,11.47986
10560,11.55962
10581,11.60184
10602,11.66048
10623,11.60419
10644,11.64641
10665,11.63937
10686,11.75197
10707,11.82938
10728,11.75666
10749,11.70036
10770,11.71678
10791,11.6253
10812,11.50332
10833,11.38134
10854,11.22183
10875,11.11158
10896,10.92158
10917,10.78553
10938,10.67293
10959,10.58849
10980,10.62836
11001,10.62836
11022,10.44774
11043,10.60256
11064,10.5533
11085,10.51811
11106,10.45947
11127,10.6096
11148,10.60022
11169,10.51811
11190,10.58145
11211,10.67997
11232,10.66355
11253,10.75034
11274,10.76676
11295,10.74565
11316,10.82306
11337,10.90047
11358,10.76676
11379,10.87467
11400,10.81133
11421,10.71516
11442,10.63775
11463,10.66355
11484,10.56034
11505,10.43836
11527,10.23194
11548,10.18502
11569,10.09354
11590,10.00206
11611,9.783903
11632,9.720568
11653,9.685382
11674,9.385129
11695,9.256114
11716,9.2092
11737,9.237348
11758,9.251423
11779,8.972281
11800,8.747091
11821,8.650917
11842,8.681411
11863,8.528939
11884,8.390541
11905,8.28733
11926,8.348318
11947,8.1935
11968,8.033991
11989,8.064485
12010,7.947199
12031,7.926087
12052,7.998805
12073,7.834604
12094,7.77127
12115,7.583611
12136,7.761887
12157,7.747812
12178,7.73843
12199,7.80411
12220,7.832259
12241,7.928433
12262,8.001151
12283,8.048065
12304,7.968311
12325,8.052756
12346,8.008188
12367,8.003496
12388,7.808801
12409,7.832259
12430,7.90263
12451,7.698552
12472,7.482745
12493,7.4804
12514,7.571883
12535,7.581266
12556,7.51324
12577,7.517931
12598,7.621143
12619,7.714972
12640,7.747812
12661,7.834604
12682,7.965965
12703,8.097325
12724,8.198192
12745,8.36943
12766,8.559433
12787,8.582891
12808,8.723634
12829,8.852649
12850,8.974627
12871,9.014504
12892,8.920675
12913,8.991047
12934,9.253768
12955,9.30772
12976,9.15994
12997,9.169322
13018,9.298337
13039,9.448463
13060,9.30772
13081,9.216236
13102,9.469575
13123,9.568096
13144,9.495378
13165,9.478958
13186,9.335869
13207,9.53291
13228,9.546985
13249,9.455501
13270,9.53291
13291,9.619701
13312,9.657233
13333,9.546985
13354,9.617355
13375,9.769828
13396,9.7581
13417,9.718222
13438,9.596244
13459,9.631431
13480,9.683037
13501,9.704147
13522,9.924646
13543,9.962177
13564,10.02551
13585,10.04662
13606,10.06305
13627,10.12403
13648,10.20613
13669,10.21552
13690,10.36564
13711,10.41725
13732,10.53688
13753,10.57207
13774,10.50404
13795,10.64009
13816,11.03183
13837,10.9638
13858,10.71281
13879,10.77145
13900,11.0506
13921,11.00134
13942,10.938
13963,11.00134
13984,10.94504
14005,11.22652
14026,10.91923
14047,10.93565
14068,10.97319
14089,10.79022
14110,10.82775
14131,10.84652
14152,10.83948
14173,10.73392
14195,10.85355
14216,10.75503
14237,10.82071
14258,10.79256
14279,10.82071
14300,10.8559
14321,10.98022
14342,10.9638
14363,10.95911
14384,10.98022
14405,10.96146
14426,10.9943
14447,11.128
14468,11.16788
14489,11.14442
14510,11.20776
14531,11.19134
14552,11.1327
14573,11.24763
14594,11.24295
14615,11.22418
14636,11.28282
14657,11.15381
14678,11.13739
14699,11.05529
14720,11.00603
14741,11.05529
14762,11.03652
14783,10.80664
14804,10.85355
14825,10.86059
14846,10.84886
14867,10.84183
14888,10.91923
14909,10.91923
14930,10.96146
14951,10.97553
14972,11.0459
14993,11.03887
15014,11.13739
15035,11.11158
15056,11.17961
15077,11.128
15098,11.10455
15119,11.14677
15140,11.2101
15161,11.13973
15182,11.12566
15203,11.17023
15224,11.10924
15245,11.00368
15266,11.14442
15287,11.07171
15308,10.97553
15329,10.76911
15350,10.64478
15371,10.40317
15392,10.21317
15413,9.889461
15434,9.919954
15455,9.767483
15476,9.551676
15497,9.481303
15518,9.314757
15539,8.998084
15560,8.913638
15581,8.95117
15602,8.862032
15623,8.679066
15644,8.505482
15665,8.383504
15686,8.486716
15707,8.404615
15728,8.245107
15749,8.310786
15770,8.306095
15791,8.153623
15812,8.22634
15833,8.125474
15854,8.045719
15875,7.93547
15896,7.998805
15917,7.975348
15938,7.775961
15959,7.855715
15980,7.862752
16001,7.91905
16022,7.921396
16043,7.947199
16064,7.982385
16085,8.022263
16106,8.010533
16127,8.170043
16148,8.090288
16169,8.090288
16190,8.043374
16211,8.1114
16232,8.031645
16253,8.066831
16274,8.073868
16295,7.926087
16316,7.965965
16337,7.973002
16358,8.078559
16379,8.012879
16400,7.975348
16421,8.019917
16442,8.038682
16463,8.102016
16484,8.163006
16505,8.221649
16526,8.345972
16547,8.322515
16568,8.357701
16589,8.357701
16610,8.571162
16631,8.557088
16652,8.606348
16673,8.711905
16694,8.686103
16715,8.64388
16736,8.847958
16757,8.937096
16778,8.944133
16799,8.794006
16820,8.885489
16841,8.904256
16862,9.066111
16883,9.021542
16904,9.103642
16925,9.129445
16946,9.115371
16967,9.155248
16988,9.239694
17009,9.35698
17030,9.349943
17051,9.427352
17072,9.410933
17093,9.509453
17114,9.61501
17135,9.650196
17156,9.640813
17177,9.701802
17198,9.788594
17219,9.912917
17240,10.03959
17261,10.25774
17282,10.19206
17303,10.20848
17324,10.49935
17345,10.52281
17366,10.50639
17387,10.52046
17408,10.91689
17429,10.98022
17450,10.79726
17471,10.87467
17492,10.9943
17513,11.14208
17534,10.99664
17555,11.0459
17576,11.1843
17597,11.35554
17618,11.32739
17639,11.41653
17660,11.45406
17681,11.58307
17702,11.46579
17723,11.51505
17744,11.56665
17765,11.6253
17786,11.7637
17807,11.58777
17828,11.50332
17849,11.50801
17870,11.52912
17891,11.40011
17912,11.30862
17933,11.28517
17954,11.28517
17975,11.24998
17996,11.34146
18017,11.28282
18038,11.26171
18059,11.30862
18080,11.2101
18101,11.22652
18122,11.21714
18143,11.09047
18164,11.16084
18185,11.30628
18206,11.26875
18227,11.27813
18248,11.22183
18269,11.17257
18290,11.15381
18311,11.20776
18332,11.23591
18353,11.1585
18374,11.07405
18395,11.11158
18416,10.94738
18437,10.87467
18458,10.90751
18479,10.72688
18500,10.60491
18521,10.64009
18542,10.58849
18563,10.48058
18584,10.5791
18605,10.50639
18626,10.41959
18647,10.31873
18668,10.42663
18689,10.36564
18710,10.33046
18731,10.31873
18752,10.2765
18773,10.34922
18794,10.29762
18815,10.20848
18836,10.18502
18857,10.16391
18878,10.30465
18899,10.22725
18920,10.27181
18941,10.18268
18962,10.22255
18983,10.29762
19004,10.04897
19025,10.20613
19046,10.17798
19067,10.05132
19088,10.02551
19109,9.941067
19130,9.969215
19151,9.842546
19172,9.776865
19193,9.708839
19214,9.765137
19235,9.809706
19256,9.551676
19277,9.551676
19298,9.638468
19319,9.666616
19340,9.443772
19361,9.427352
19382,9.368709
19403,9.331178
19424,9.364017
19445,9.319448
19466,9.34056
19487,9.272534
19508,9.190434
19529,9.052036
19550,9.08253
19572,8.930058
19594,9.089567
19615,9.026234
19636,8.944133
19657,8.993393
19678,8.779932
19699,8.815118
19720,8.836229
19741,8.829192
19762,8.695485
19783,8.604002
19804,8.749437
19825,8.700177
19846,8.653263
19867,8.636843
19888,8.557088
19909,8.667336
19930,8.796351
19951,8.62746
19972,8.669683
19993,8.67672
20014,8.796351
20035,8.758821
20056,8.775241
20077,8.761166
20098,8.786969
20119,8.784623
20140,8.770549
20161,8.718943
20182,8.869069
20203,8.911292
20224,8.789314
20245,8.744746
20266,8.718943
20287,8.758821
20308,8.833883
20329,8.779932
20350,8.857341
20371,8.890181
20392,8.915984
20413,9.012158
20434,9.047344
20455,8.864378
20476,8.836229
20497,9.023888
20518,9.077839
20539,9.075493
20560,8.932404
20581,8.8245
20602,8.958207
20623,9.075493
20644,9.002776
20665,8.976973
20686,8.93475
20707,8.878452
20728,8.925366
20749,8.890181
20770,8.84092
20791,8.8245
20812,8.730671
20833,8.885489
20854,8.915984
20875,8.650917
20896,8.540668
20917,8.585237
20938,8.679066
20959,8.594619
20980,8.517211
21001,8.397578
21022,8.430418
21043,8.650917
21064,8.571162
21085,8.430418
21106,8.531285
21127,8.782278
21148,8.908947
21169,8.662645
21190,8.714252
21211,8.948824
21232,9.063765
21253,9.052036
21274,9.15994
21295,9.415624
21316,9.722914
21337,9.802669
21358,9.561059
21379,9.56575
21400,9.924646
21421,10.07712
21442,10.1428
21463,10.23194
21484,10.18737
21505,10.40787
21526,10.51108
21547,10.95442
21568,10.69639
21589,10.4454
21610,10.78084
21631,10.87467
21652,10.90281
21673,11.00368
21694,11.12097
21715,11.16319
21736,11.20307
21757,11.17257
21778,11.2406
21799,11.33208
21820,11.16788
21841,11.18899
21862,11.27578
21883,11.12566
21904,11.27578
21925,11.20307
21946,11.2406
21967,11.36258
21988,11.42826
22009,11.47986
22030,11.2664
22051,11.2922
22072,11.13504
22093,11.27344
22114,11.36258
22135,11.43529
22156,11.23122
22177,11.36023
22198,11.30862
22219,11.21245
22240,11.24295
22261,11.30393
22282,11.32739
22303,11.33443
22324,11.30628
22345,11.34616
22366,11.28986
22387,11.22652
22408,11.24529
22429,11.2148
22450,11.28517
22471,11.32035
22492,11.32035
22513,11.2406
22534,11.20541
22555,11.1022
22576,11.16554
22597,11.08578
22618,11.00603
22639,11.08109
22660,11.09985
22681,11.14912
22702,11.13504
22723,11.00134
22744,11.10455
22765,10.96146
22786,11.0201
22807,11.02479
22828,10.96146
22849,10.89578
22870,10.92862
22891,10.87936
22912,10.748
22933,10.95911
22954,10.82306
22975,10.82306
22996,10.64244
23017,10.52281
23038,10.33046
23059,10.35626
23080,10.27181
23101,10.20379
23122,10.24366
23143,10.18737
23164,10.1686
23185,10.117
23206,10.0865
23227,9.976252
23248,10.04897
23269,10.00909
23290,9.80736
23311,9.652542
23332,9.544639
23353,9.568096
23374,9.561059
23395,9.53291
23416,9.352288
23437,9.333523
23458,9.244386
23479,9.347597
23500,9.303029
23521,9.338214
23542,9.263151
23563,9.256114
23584,9.223273
23605,9.265497
23626,9.220928
23647,9.260805
23668,9.216236
23689,9.150557
23710,9.183396
23731,9.211545
23752,9.169322
23773,9.220928
23794,9.178705
23815,9.066111
23836,9.145865
23857,9.148211
23878,9.073148
23899,9.01685
23920,8.998084
23941,9.01685
23962,9.007467
23983,8.95117
24004,8.953515
24025,8.84092
24046,8.786969
24067,8.779932
24088,8.826846
24109,8.819809
24130,8.796351
24151,8.695485
24172,8.688448
24193,8.756474
24214,8.688448
24235,8.749437
24256,8.664991
24277,8.648571
24298,8.636843
24319,8.819809
24340,8.618076
24361,8.620422
24382,8.585237
24403,8.559433
24424,8.606348
24445,8.604002
24466,8.547705
24487,8.456222
24508,8.498445
24529,8.41869
24550,8.526593
24571,8.482024
24592,8.313132
24613,8.256835
24634,8.284984
24655,8.336589
24676,8.242761
24697,8.240415
24718,8.087942
24739,8.0293
24760,8.256835
24781,8.1935
24802,8.170043
24823,7.961274
24844,8.055102
24865,8.148932
24886,8.22634
24907,8.313132
24928,8.430418
24949,8.320169
24970,8.273255
24991,8.561779
25012,8.639189
25033,8.672029
25054,8.965244
25075,8.90191
25096,9.073148
25117,9.138828
25138,9.183396
25159,9.415624
25180,9.558713
25201,9.59859
25222,9.593899
25243,9.898843
25264,9.830817
25285,9.926992
25306,10.04662
25327,10.05601
25348,10.21786
25369,10.31638
25390,10.3891
25411,10.66355
25432,10.5838
25453,10.47824
25474,10.68701
25495,10.76911
25516,10.63775
25537,10.65651
25558,10.86059
25579,10.84417
25600,10.70343
25621,10.66355
25642,10.75269
25663,10.71046
25684,10.48293
25705,10.5533
25726,10.61898
25747,10.59552
25768,10.55565
25789,10.6354
25810,10.71281
25831,10.64478
25852,10.5275
25873,10.64009
25894,10.55565
25915,10.51577
25936,10.58614
25957,10.6917
25978,10.75972
25999,10.67528
26020,10.71985
26041,10.72923
26062,10.76911
26083,10.79022
26104,10.81368
26125,10.6354
26146,10.60725
26167,10.66355
26188,10.64713
26209,10.70577
26230,10.64713
26251,10.6354
26272,10.56972
26293,10.68466
26314,10.75269
26335,10.82071
26356,10.77614
26377,10.84183
26398,10.87467
26419,10.78084
26440,10.87467
26461,10.93096
26482,10.96615
26503,11.13973
26524,11.15146
26545,11.20072
26566,11.35319
26587,11.32974
26608,11.4306
26629,11.47283
26650,11.54789
26671,11.63234
26692,11.55493
26713,11.54554
26734,11.45406
26755,11.41184
26776,11.32739
26797,11.04825
26818,10.93565
26839,10.87936
26860,10.74331
26881,10.54392
26902,10.54392
26923,10.497
26944,10.45478
26965,10.48058
26986,10.60491
27007,10.61898
27028,10.64009
27049,10.60022
27070,10.70577
27091,10.68466
27112,10.73392
27133,10.67762
27154,10.73627
27175,10.75269
27196,10.67762
27217,10.58614
27238,10.55096
27259,10.48762
27280,10.39379
27301,10.39145
27322,10.32342
27343,10.10761
27364,10.05132
27385,9.783903
27406,9.652542
27427,9.629085
27448,9.380438
27469,9.063765
27490,9.113025
27511,8.965244
27532,8.8245
27553,8.794006
27574,8.967589
27595,9.014504
27616,8.913638
27637,8.822155
27658,8.831537
27679,8.864378
27700,8.897219
27721,8.794006
27742,8.819809
27763,8.723634
27784,8.740054
27805,8.596965
27826,8.582891
27847,8.479678
27868,8.460913
27889,8.618076
27910,8.505482
27931,8.416345
27952,8.493753
27973,8.580544
27994,8.622768
28015,8.580544
28036,8.540668
28057,8.606348
28078,8.784623
28099,8.749437
28120,8.728326
28141,8.770549
28162,8.90191
28183,8.885489
28204,8.95117
28225,9.021542
28246,8.948824
28267,9.04969
28288,9.012158
28309,9.021542
28330,9.040307
28351,8.915984
28372,8.838574
28393,8.892527
28414,8.965244
28435,8.798697
28456,8.838574
28477,8.798697
28498,8.805735
28519,8.810426
28540,8.747091
28561,8.758821
28582,8.772895
28603,8.751783
28624,8.777586
28645,8.704868
28666,8.679066
28687,8.735363
28708,8.737708
28729,8.772895
28750,8.716597
28771,8.718943
28792,8.704868
28813,8.669683
28834,8.697831
28855,8.681411
28876,8.629806
28897,8.667336
28918,8.578199
28939,8.503136
28960,8.463259
28981,8.482024
29002,8.540668
29023,8.463259
29044,8.411653
29065,8.362392
29086,8.292021
29107,8.12782
29128,8.069177
29149,8.031645
29170,8.200537
29191,8.254489
29212,8.200537
29233,8.315477
29254,8.392887
29275,8.43511
29296,8.618076
29317,8.761166
29338,9.317103
29359,9.546985
29380,9.23031
29401,9.239694
29422,9.401549
29443,9.56575
29464,9.704147
29485,9.610318
29506,9.659579
29527,9.797977
29548,9.765137
29569,9.727605
29590,9.736988
29611,9.931683
29632,10.15218
29653,10.10761
29674,9.934029
29695,10.10996
29716,10.18971
29737,10.29762
29758,10.32576
29779,10.46416
29800,10.45947
29821,10.68466
29842,10.65417
29863,10.50404
29884,10.78553
29905,10.82306
29926,10.94035
29947,10.98022
29968,10.95207
29989,11.09751
30010,11.0459
30031,11.07171
30052,10.97553
30073,10.96849
30094,11.05998
30115,11.06701
30136,11.11158
30157,11.03183
30178,10.96146
30199,10.90751
30220,11.01775
30241,10.81133
30262,10.80899
30283,10.95442
30304,11.09047
30326,11.08109
30349,11.01541
30370,10.90281
30391,10.94973
30412,10.92862
30433,10.97084
30454,11.00603
30475,11.1022
30496,11.08578
30517,11.03183
30538,11.12331
30559,11.09047
30580,11.17961
30601,11.06936
30622,11.17726
30643,11.1327
30664,11.0764
30685,11.0506
30706,10.95442
30727,10.89343
30748,10.93096
30769,10.79491
30790,10.80429
30811,10.65886
30832,10.66121
30853,10.64478
30874,10.5533
30895,10.5791
30916,10.59787
30937,10.58614
30958,10.63306
30979,10.49231
31000,10.497
31021,10.52281
31042,10.46651
31063,10.58145
31084,10.51342
31105,10.6354
31126,10.63775
31147,10.6096
31169,10.75034
31190,10.71516
31211,10.72923
31232,10.74331
31253,10.71046
31274,10.748
31295,10.80195
31316,10.72923
31337,10.79022
31358,10.88639
31379,10.81837
31400,10.76676
31421,10.7738
31442,10.71046
31463,10.79022
31484,10.75269
31505,10.78084
31526,10.79022
31547,10.73158
31568,10.748
31589,10.85824
31610,10.76442
31631,10.61429
31652,10.72454
31673,10.67293
31694,10.61194
31715,10.58849
31736,10.41256
31757,10.30231
31778,10.22021
31799,10.17095
31820,9.992672
31841,9.783903
31862,9.542293
31883,9.436735
31904,9.326486
31925,9.141173
31946,9.037962
31967,8.937096
31988,8.622768
32009,8.587582
32030,8.392887
32051,8.36943
32072,8.442147
32093,8.214611
32114,7.994113
32135,7.930779
32156,7.982385
32177,8.050411
32198,7.977693
32219,8.036337
32240,8.076214
32261,7.916704
32282,8.071522
32303,8.17708
32324,8.184117
32345,8.223994
32366,8.207574
32387,8.094979
32408,8.031645
32429,7.996459
32450,7.963619
32471,7.977693
32492,7.907322
32513,7.949544
32534,7.996459
32555,7.883864
32576,7.846333
32597,7.940162
32618,7.930779
32639,7.947199
32660,8.116092
32681,8.155969
32702,8.080905
32723,8.083251
32744,8.085596
32765,8.080905
32786,8.080905
32807,7.989422
32828,8.031645
32849,8.184117
32870,8.214611
32891,8.137203
32912,8.181771
32933,8.249798
32954,8.254489
32975,8.221649
32996,8.223994
33017,8.343626
33038,8.268563
33059,8.376467
33080,8.172389
33101,8.158315
33122,8.083251
33143,8.019917
33164,7.973002
33185,7.85337
33206,7.757195
33227,7.832259
33248,7.787689
33269,7.818184
33290,8.069177
33311,8.270909
33332,8.313132
33353,8.514865
33374,8.238069
33395,8.442147
33416,8.838574
33437,8.784623
33458,9.070802
33479,9.035616
33500,9.251423
33521,9.401549
33542,9.443772
33563,9.7581
33584,9.805015
33605,10.21083
33626,10.42898
33647,10.60725
33668,10.46182
33689,10.75503
33710,10.97084
33731,11.04825
33752,11.08578
33773,11.23825
33794,11.23356
33815,11.25936
33836,11.39542
33857,11.45406
33878,11.38369
33899,11.38838
33920,11.45641
33941,11.46813
33962,11.52209
33983,11.52209
34004,11.52912
34025,11.53147
34046,11.64172
34067,11.44468
34088,11.17492
34109,11.41653
34130,11.02479
34151,11.40011
34172,11.24763
34193,11.30628
34214,11.21245
34235,11.23825
34256,11.16788
34277,11.01306
34298,11.11862
34319,11.24529
34340,11.33443
34361,11.38369
34382,11.30159
34403,11.2664
34424,11.26171
34445,11.29455
34466,11.40715
34487,11.42826
34508,11.42591
34529,11.40245
34550,11.36492
34571,11.33677
34592,11.31332
34613,11.43764
34634,11.37665
34655,11.379
34676,11.30159
34697,11.19838
34718,11.16554
34739,11.11627
34760,10.94035
34781,10.92862
34802,10.8559
34823,10.79256
34844,10.80429
34865,10.75972
34886,10.76911
34907,10.72923
34928,10.69874
34949,10.66824
34970,10.62133
34991,10.62836
35012,10.6917
35033,10.71985
35054,10.58849
35075,10.56503
35096,10.63306
35117,10.68232
35138,10.72688
35159,10.68701
35180,10.74565
35201,10.70108
35222,10.6659
35243,10.63071
35264,10.50873
35285,10.62133
35306,10.69639
35327,10.5533
35348,10.39379
35369,10.35391
35390,10.29996
35411,10.32576
35432,10.10058
35453,9.875386
35474,9.683037
35495,9.692419
35516,9.593899
35537,9.481303
35558,9.361671
35579,9.38982
35600,9.303029
35621,9.263151
35642,9.155248
35663,8.993393
35684,9.009813
35705,9.127099
35726,8.880798
35747,9.059073
35768,9.152903
35789,9.066111
35810,8.932404
35831,9.054381
35852,9.044999
35873,9.063765
35894,9.110679
35915,9.13179
35936,9.096604
35957,9.040307
35978,9.054381
35999,8.913638
36020,8.657954
36041,8.812772
36062,8.754128
36083,8.718943
36104,8.655608
36125,8.716597
36146,8.653263
36167,8.700177
36188,8.690794
36209,8.596965
36230,8.639189
36251,8.7424
36272,8.735363
36293,8.618076
36314,8.589928
36335,8.620422
36356,8.784623
36377,8.770549
36398,8.62746
36419,8.547705
36440,8.500791
36461,8.657954
36482,8.864378
36503,8.672029
36524,8.571162
36545,8.686103
36566,8.688448
36587,8.758821
36608,8.714252
36629,8.688448
36650,8.672029
36671,8.613385
36692,8.648571
36713,8.573507
36734,8.6603
36755,8.688448
36776,8.672029
36797,8.683757
36818,8.620422
36839,8.500791
36860,8.543014
36881,8.519556
36902,8.446838
36923,8.491407
36944,8.411653
36965,8.432764
36986,8.411653
37007,8.360046
37028,8.141894
37049,8.235723
37070,8.200537
37091,8.153623
37112,8.202883
37133,8.191154
37154,8.292021
37175,8.240415
37196,8.125474
37217,7.909667
37238,7.963619
37259,8.123129
37280,8.14424
37301,8.46795
37322,8.735363
37343,8.758821
37364,8.878452
37385,9.091913
37406,9.256114
37427,9.502416
37448,9.605627
37469,9.657233
37490,10.05366
37511,10.07477
37532,10.12169
37553,10.31169
37574,10.36095
37595,10.31638
37616,10.40083
37637,10.68935
37658,10.80899
37679,10.78787
37700,10.82071
37721,10.89343
37742,10.97319
37763,10.98726
37784,10.92627
37805,11.09282
37826,11.22887
37847,11.2922
37868,11.50332
37889,11.379
37910,11.39073
37931,11.55727
37952,11.49628
37973,11.39542
37994,11.59246
38015,11.6511
38036,11.68629
38057,12.0053
38078,11.86691
38099,11.69332
38120,11.69332
38141,11.70505
38162,11.82468
38183,11.86691
38204,11.74258
38225,11.83641
38246,11.66518
38267,11.62764
38288,11.59246
38309,11.56196
38330,11.61122
38351,11.50566
38372,11.51036
38393,11.42826
38414,11.34616
38435,11.40245
38456,11.34616
38477,11.35788
38498,11.34146
38519,11.32035
38540,11.20776
38561,11.2148
38582,11.2664
38603,11.16319
38624,11.16084
38645,11.09517
38666,11.05294
38687,11.03417
38708,11.09985
38729,11.05529
38750,10.8817
38771,10.77849
38792,10.74565
38813,10.70577
38834,10.78553
38855,10.78318
38876,10.6917
38897,10.48528
38918,10.51108
38939,10.40083
38960,10.37033
38981,10.24836
39002,10.19675
39023,10.31638
39044,10.15218
39065,10.16626
39086,9.995018
39107,10.20613
39128,10.31169
39149,10.25305
39170,10.307
39191,10.17564
39212,10.23663
39233,10.26947
39254,10.3633
39275,10.34219
39296,10.27416
39317,10.24601
39338,10.31404
39359,10.2507
39380,10.1428
39401,9.985635
39422,9.966869
39443,9.884768
39464,9.842546
39485,9.748716
39506,9.718222
39527,9.612664
39548,9.605627
39569,9.50007
39590,9.539948
39611,9.382783
39632,9.446118
39653,9.387475
39674,9.253768
39695,9.206854
39716,9.117716
39737,9.00043
39758,9.077839
39779,8.993393
39800,9.002776
39821,8.883143
39842,8.737708
39863,8.782278
39884,9.014504
39905,8.866723
39926,8.718943
39947,8.737708
39968,8.655608
39989,8.575853
40010,8.646226
40031,8.657954
40052,8.669683
40073,8.585237
40094,8.535976
40115,8.56647
40136,8.547705
40157,8.510174
40178,8.521902
40199,8.559433
40220,8.512519
40241,8.587582
40262,8.547705
40283,8.397578
40304,8.41869
40325,8.561779
40346,8.561779
40367,8.550051
40388,8.564125
40409,8.550051
40430,8.571162
40451,8.465604
40472,8.561779
40493,8.465604
40514,8.503136
40535,8.36943
40556,8.503136
40577,8.594619
40598,8.589928
40619,8.409307
40640,8.444492
40661,8.45153
40682,8.446838
40703,8.374122
40724,8.219303
40745,8.425727
40766,8.444492
40787,8.336589
40808,8.292021
40829,8.266218
40850,8.28733
40871,8.747091
40892,8.894873
40913,8.470296
40934,8.625113
40955,8.838574
40976,8.620422
40997,8.679066
41018,8.733017
41039,8.543014
41060,8.768204
41081,8.995738
41102,8.894873
41123,8.697831
41144,8.932404
41165,9.061419
41186,8.95117
41207,9.467229
41228,9.694765
41249,9.577478
41270,9.478958
41291,9.514144
41312,9.546985
41333,9.711185
41354,9.844892
41375,9.891806
41396,9.896498
41417,9.87304
41438,10.0302
41459,10.25539
41480,10.40552
41501,10.42663
41522,10.29527
41543,10.45947
41564,10.6096
41585,10.56972
41606,10.60491
41627,10.87467
41648,10.96615
41669,10.98726
41690,10.98492
41711,10.97553
41732,10.8301
41753,10.76207
41774,11.00603
41795,11.13739
41816,11.05998
41837,11.01775
41858,11.04356
41879,10.96849
41900,11.02714
41921,10.98961
41942,11.07405
41963,11.128
41984,11.24295
42005,11.30862
42026,11.30628
42047,11.23825
42068,11.20541
42089,11.32504
42110,11.34616
42131,11.44468
42152,11.47752
42173,11.51505
42194,11.48221
42215,11.38838
42236,11.32974
42257,11.4306
42278,11.42357
42299,11.28751
42320,11.31801
42341,11.20072
42362,11.1843
42383,11.12097
42404,11.1585
42425,11.17726
42446,11.1585
42467,11.15381
42488,11.13035
42509,11.11862
42530,11.25233
42551,11.24529
42572,11.22887
42593,11.24529
42614,11.21949
42635,11.27813
42656,11.2101
42677,11.22183
42698,11.34381
42719,11.24295
42740,11.43999
42761,11.19134
42782,11.01072
42803,11.0764
42824,10.96849
42845,10.80664
42866,10.64009
42887,10.66355
42908,10.72688
42929,10.59083
42950,10.40083
42971,10.33046
42992,10.3633
43013,10.25539
43034,10.25539
43055,10.17329
43076,10.3328
43097,10.4149
43118,10.29996
43139,10.28354
43160,10.31638
43181,10.2812
43202,10.12872
43223,10.24601
43244,10.18737
43265,9.976252
43286,9.880077
43307,9.697111
43328,9.849584
43349,9.680691
43370,9.502416
43391,9.467229
43412,9.392166
43433,9.272534
43454,9.122408
43475,9.267843
43496,9.105988
43517,8.890181
43538,9.054381
43559,8.93475
43580,8.819809
43601,8.765858
43622,8.801044
43643,8.740054
43664,8.862032
43685,8.93475
43706,8.894873
43727,8.777586
43748,8.697831
43769,8.604002
43790,8.589928
43811,8.564125
43832,8.53363
43853,8.557088
43874,8.650917
43895,8.53363
43916,8.486716
43937,8.404615
43958,8.388196
43979,8.491407
44000,8.45153
44021,8.392887
44042,8.406961
44063,8.381159
44084,8.514865
44105,8.526593
44126,8.56647
44147,8.580544
44168,8.707214
44189,8.622768
44210,8.700177
44231,8.723634
44252,8.702522
44273,8.817463
44294,8.779932
44315,8.852649
44336,8.904256
44357,8.808081
44378,8.815118
44399,8.885489
44420,8.993393
44441,8.930058
44462,8.801044
44483,8.812772
44504,8.864378
44525,8.93475
44546,8.866723
44567,8.596965
44588,8.650917
44609,8.580544
44630,8.465604
44651,8.493753
44672,8.707214
44693,8.655608
44714,8.683757
44735,8.636843
44756,8.371776
44777,8.437455
44798,8.489061
44819,8.53363
44840,8.604002
44861,8.56647
44882,8.521902
44903,8.686103
44924,8.714252
44945,8.589928
44966,8.641534
44987,8.545359
45008,8.615731
45029,8.873761
45050,8.84092
45071,8.969935
45092,9.096604
45113,9.213891
45134,9.063765
45155,9.075493
45176,9.181051
45197,9.413278
45218,9.354634
45239,9.678345
45260,9.631431
45281,9.748716
45302,9.830817
45323,9.999709
45344,9.973906
45365,10.08416
45386,10.09119
45407,10.0607
45428,10.0044
45449,10.07712
45470,10.39145
45491,10.25539
45512,10.13576
45533,10.35157
45554,10.51342
45575,10.17329
45596,10.18737
45617,10.44305
45638,10.29527
45659,10.43601
45680,10.32811
45701,10.37737
45722,10.2812
45743,10.36095
45764,10.42194
45785,10.31169
45806,10.36799
45827,10.31404
45848,10.44071
45869,10.46885
45890,10.56972
45911,10.6096
45932,10.6917
45953,10.57207
45974,10.73861
45995,10.79491
46016,10.81837
46037,10.96615
46058,10.78084
46079,10.7996
46100,10.84417
46121,10.94504
46142,10.83948
46163,10.83479
46184,10.74565
46205,10.72923
46226,10.80664
46247,10.75034
46268,10.68935
46289,10.77849
46310,10.78553
46331,10.77145
46352,10.79256
46373,10.7738
46394,10.74565
46415,10.87232
46436,10.87936
46457,10.95442
46478,10.98257
46499,11.00837
46520,11.08109
46541,11.06232
46562,11.07171
46583,11.08109
46604,11.16319
46625,11.16319
46646,11.21245
46667,11.28751
46688,11.28048
46709,11.30393
46730,11.21245
46751,11.17961
46772,11.10689
46793,11.07171
46814,10.97084
46835,10.82071
46856,10.76442
46877,10.72454
46898,10.69404
46919,10.65182
46940,10.64947
46961,10.61664
46982,10.52281
47003,10.45009
47024,10.47355
47045,10.46885
47066,10.45244
47087,10.48997
47108,10.5838
47129,10.57207
47150,10.50873
47171,10.64478
47192,10.63306
47213,10.54861
47234,10.54157
47255,10.59318
47276,10.60725
47297,10.48293
47318,10.59787
47339,10.44774
47360,10.33515
47381,10.22021
47402,10.26712
47423,10.19206
47444,10.0044
47465,9.751062
47486,9.551676
47507,9.48834
47528,9.352288
47549,9.373401
47570,9.204508
47591,9.183396
47612,9.014504
47633,9.007467
47654,9.012158
47675,9.037962
47696,9.035616
47717,8.995738
47738,8.937096
47759,8.878452
47780,8.84092
47801,8.965244
47822,8.857341
47843,8.937096
47864,8.880798
47885,8.885489
47906,8.634497
47927,8.716597
47948,8.892527
47969,8.836229
47990,8.721289
48011,8.744746
48032,8.756474
48053,8.79166
48074,8.723634
48095,8.730671
48116,8.754128
48137,8.754128
48158,8.72598
48179,8.775241
48200,8.728326
48221,8.854995
48242,8.944133
48263,9.00043
48284,8.869069
48305,8.995738
48326,8.948824
48347,8.979319
48368,8.932404
48389,8.878452
48410,8.833883
48431,8.854995
48452,8.812772
48473,8.779932
48494,8.67672
48515,8.615731
48536,8.620422
48557,8.648571
48578,8.615731
48599,8.550051
48620,8.503136
48641,8.554742
48662,8.575853
48683,8.594619
48704,8.491407
48725,8.528939
48746,8.36943
48767,8.512519
48788,8.477333
48809,8.56647
48830,8.519556
48851,8.505482
48872,8.535976
48893,8.514865
48914,8.611039
48935,8.873761
48956,8.899564
48977,8.974627
48998,9.002776
49019,9.127099
49040,9.014504
49061,8.932404
49082,9.054381
49103,8.890181
49124,8.686103
49145,8.803389
49166,8.833883
49187,8.669683
49208,8.672029
49229,8.789314
49250,8.747091
49271,8.64388
49292,8.648571
49313,8.639189
49334,8.747091
49355,8.611039
49376,8.604002
49397,8.79166
49418,8.714252
49439,8.84092
49460,8.911292
49481,8.918329
49502,8.904256
49523,9.023888
49544,9.141173
49565,9.181051
49586,9.284263
49607,9.284263
49628,9.415624
49649,9.457847
49670,9.415624
49691,9.678345
49712,9.765137
49733,9.607973
49754,9.584516
49775,9.631431
49796,9.643159
49817,9.701802
49838,9.680691
49859,9.786248
49880,10.07243
49901,10.17329
49922,10.10527
49943,10.19206
49964,10.34453
49985,10.30231
50006,10.38206
50027,10.47355
50048,10.51342
50069,10.40552
50090,10.56503
50111,10.5533
50132,10.62602
50153,10.73627
50174,10.67293
50195,10.59787
50216,10.63306
50237,10.69874
50258,10.77849
50279,10.79022
50300,10.67293
50321,10.75269
50342,10.88405
50363,11.22887
50384,11.11862
50405,10.90751
50426,10.93565
50447,11.02479
50468,11.06701
50489,11.23591
50510,11.1843
50531,11.23356
50552,11.18196
50573,11.52443
50594,11.58073
50615,11.54554
50636,11.61122
50657,11.39073
50678,11.37196
50699,11.31566
50720,11.1022
50741,10.9943
50762,10.80664
50783,10.76676
50804,10.70577
50825,10.51342
50846,10.48762
50867,10.45947
50888,10.38206
50909,10.48528
50930,10.44774
50951,10.54861
50972,10.51108
50993,10.54626
51014,10.6917
51035,10.6096
51056,10.81837
51077,10.79256
51098,10.81602
51119,10.98961
51140,10.87936
51161,11.128
51182,10.98961
51203,11.06467
51224,11.13035
51245,11.0201
51266,11.16788
51287,11.12566
51308,10.91923
51329,10.97788
51350,10.82541
51371,10.71985
51392,10.68935
51413,10.61664
51434,10.4712
51455,10.46651
51476,10.32576
51497,10.26243
51518,10.31404
51539,10.26243
51560,10.05366
51581,10.03255
51602,10.02082
51623,10.03489
51644,9.971561
51665,9.98798
51686,9.800323
51707,9.683037
51728,9.643159
51749,9.744025
51770,9.77452
51791,9.619701
51812,9.476612
51836,9.408587
51861,9.380438
51882,9.115371
51903,9.028579
51924,9.113025
51945,9.03327
51966,8.664991
51987,8.608693
52008,8.608693
52029,8.573507
52050,8.470296
52071,8.470296
52092,8.313132
52113,8.425727
52134,8.446838
52155,8.270909
52176,8.083251
52197,8.282638
52218,8.406961
52239,8.397578
52260,8.233377
52281,8.12782
52302,8.30844
52323,8.322515
52344,8.165352
52365,8.022263
52386,8.005842
52407,8.076214
52428,8.087942
52449,8.109054
52470,8.104362
52491,8.055102
52512,8.022263
52533,8.216957
52554,8.212266
52575,8.174734
52596,8.130166
52617,8.200537
52638,8.296712
52659,8.317823
52680,8.252144
52701,8.2756
52722,8.41869
52743,8.392887
52764,8.355355
52785,8.355355
52806,8.376467
52827,8.519556
52848,8.460913
52869,8.496099
52890,8.535976
52911,8.604002
52932,8.503136
52953,8.611039
52974,8.545359
52995,8.505482
53016,8.322515
53037,8.238069
53058,8.212266
53079,8.216957
53100,8.078559
53121,7.940162
53142,7.973002
53163,7.832259
53184,7.778307
53205,7.928433
53226,7.879173
53247,7.907322
53268,7.949544
53289,8.078559
53310,8.223994
53331,8.294367
53352,8.324861
53373,8.360046
53394,8.594619
53415,8.688448
53436,8.871415
53457,9.040307
53478,9.15994
53500,9.310066
53521,9.373401
53542,9.380438
53563,9.542293
53584,9.643159
53605,9.85662
53626,9.835509
53647,9.828471
53668,9.978598
53689,10.19206
53710,10.22021
53731,10.10996
53752,10.21786
53773,10.30935
53794,10.52515
53815,10.61664
53836,10.6917
53857,10.55799
53878,10.55799
53899,10.5275
53920,10.66121
53941,10.80899
53962,10.90047
53983,10.938
54004,10.95911
54025,10.95677
54046,10.94738
54067,11.00134
54088,11.00134
54109,11.12097
54130,11.22418
54151,11.07171
54172,11.18196
54193,11.28986
54214,11.22418
54235,11.27344
54256,11.43764
54277,11.47752
54298,11.53147
54319,11.54085
54340,11.61591
54361,11.64641
54382,11.70036
54403,11.65579
54424,11.68159
54445,11.64406
54466,11.80826
54487,11.7895
54508,11.71678
54529,11.87864
54550,11.74727
54571,11.72382
54592,11.64172
54613,11.64641
54634,11.47517
54655,11.41418
54676,11.26406
54697,11.24295
54718,11.26171
54739,11.1022
54760,11.10455
54781,11.13035
54802,10.95911
54823,10.94973
54844,10.97788
54865,10.94035
54886,10.86997
54907,10.938
54928,10.88405
54949,10.89109
54970,11.01775
54991,10.93331
55012,10.89812
55033,11.01306
55054,11.14208
55075,11.02714
55096,11.00837
55117,10.98257
55138,10.94269
55159,10.81602
55180,10.82541
55201,10.69404
55222,10.75972
55243,10.55799
55264,10.37737
55285,10.38675
55306,10.31169
55327,10.18737
55348,10.12403
55369,10.16391
55390,10.00206
55411,9.924646
55432,9.729951
55453,9.741679
55474,9.676
55495,9.518835
55516,9.502416
55537,9.558713
55558,9.568096
55579,9.267843
55600,9.202163
55621,9.410933
55642,9.333523
55663,9.251423
55684,9.169322
55705,9.138828
55726,9.225619
55747,9.216236
55768,9.056727
55789,9.023888
55810,9.044999
55831,8.974627
55852,8.927712
55873,9.012158
55894,9.030925
55915,8.937096
55936,8.744746
55957,8.817463
55978,8.822155
55999,8.845612
56020,8.796351
56041,8.763512
56062,8.782278
56083,8.730671
56104,8.763512
56125,8.803389
56146,8.770549
56167,8.775241
56188,8.639189
56209,8.664991
56230,8.716597
56251,8.735363
56272,8.608693
56293,8.531285
56314,8.594619
56335,8.585237
56356,8.611039
56377,8.479678
56398,8.456222
56419,8.430418
56440,8.505482
56461,8.517211
56482,8.378813
56503,8.357701
56524,8.381159
56545,8.430418
56566,8.381159
56587,8.362392
56608,8.294367
56629,8.266218
56650,8.254489
56671,8.503136
56692,8.514865
56713,8.479678
56734,8.517211
56755,8.489061
56776,8.594619
56797,8.528939
56818,8.56647
56839,8.514865
56860,8.611039
56881,8.704868
56902,8.669683
56923,8.648571
56944,8.620422
56965,8.646226
56986,8.632151
57007,8.559433
57028,8.618076
57049,8.681411
57070,8.782278
57091,8.751783
57112,8.709559
57133,8.744746
57154,8.869069
57175,9.066111
57196,9.127099
57217,9.155248
57238,9.277225
57259,9.551676
57280,9.471921
57301,9.469575
57322,9.558713
57343,9.56575
57364,9.58217
57385,9.629085
57406,9.772174
57427,9.847238
57448,9.666616
57469,9.797977
57490,9.926992
57511,10.04897
57532,9.990326
57553,9.844892
57574,9.87304
57595,9.858966
57616,10.03489
57637,9.950449
57658,9.844892
57679,9.805015
57700,9.948103
57721,10.1428
57742,10.04897
57763,10.05835
57784,10.10996
57805,10.06539
57826,10.14984
57847,10.26478
57868,10.37503
57889,10.26008
57910,10.36564
57931,10.38675
57952,10.38206
57973,10.45009
57994,10.30935
58015,10.2812
58036,10.40552
58057,10.47589
58078,10.55096
58099,10.61429
58120,10.72219
58141,10.78318
58162,10.8301
58183,10.65886
58204,10.78553
58225,10.97319
58246,10.94973
58267,10.96615
58288,10.97788
58309,10.98022
58330,10.98022
58351,11.08343
58372,11.15615
58393,11.12566
58414,11.21245
58435,11.31566
58456,11.35085
58477,11.39073
58498,11.39307
58519,11.43295
58540,11.49628
58561,11.40949
58582,11.379
58603,11.36961
58624,11.28048
58645,11.12566
58666,11.20776
58687,11.13504
58708,11.09751
58729,10.98961
58750,10.95207
58771,10.87467
58792,10.84886
58813,10.84417
58834,11.04825
58855,11.09282
58876,11.0459
58897,11.10924
58918,11.08813
58939,11.06467
58960,10.938
58981,10.93331
59002,11.02245
59023,11.10924
59044,11.07874
59065,11.03183
59086,11.05998
59107,11.01072
59128,10.98961
59149,10.98961
59170,11.02245
59191,10.90985
59212,10.83244
59233,10.86997
59254,10.82775
59275,10.6659
59296,10.66824
59317,10.61194
59338,10.57676
59359,10.60491
59380,10.56034
59401,10.40787
59422,10.2507
59443,10.36564
59464,10.3328
59485,10.307
59506,10.28354
59527,10.29762
59548,10.16626
59569,9.952795
59590,9.835509
59611,9.868348
59632,9.767483
59653,9.593899
59674,9.640813
59695,9.697111
59716,9.64785
59737,9.66427
59758,9.539948
59779,9.30772
59800,9.019196
59821,8.894873
59842,8.709559
59863,8.953515
59884,9.061419
59905,9.089567
59926,8.953515
59947,8.960552
59968,8.918329
59989,9.009813
60010,8.747091
60031,8.392887
60052,8.231031
60073,8.367084
60094,8.505482
60115,8.413999
60136,8.163006
60157,8.186462
60178,8.299058
60199,8.364738
60220,8.22634
60241,8.235723
60262,8.247452
60283,8.280293
60304,8.320169
60325,8.273255
60346,8.261526
60367,8.371776
60388,8.409307
60409,8.404615
60430,8.442147
60451,8.479678
60472,8.430418
60493,8.46795
60514,8.552396
60535,8.526593
60556,8.557088
60577,8.601656
60598,8.700177
60619,8.789314
60640,8.765858
60661,8.728326
60682,8.608693
60703,8.632151
60724,8.625113
60745,8.662645
60766,8.765858
60787,8.794006
60808,8.770549
60829,8.751783
60850,8.683757
60871,8.655608
60892,8.578199
60913,8.564125
60934,8.608693
60955,8.608693
60976,8.446838
60997,8.594619
61018,8.557088
61039,8.392887
61060,8.345972
61081,8.416345
61102,8.535976
61123,8.543014
61144,8.066831
61165,8.284984
61186,8.30844
61207,8.56647
61228,8.392887
61249,8.163006
61270,8.479678
61291,8.524248
61312,8.718943
61333,8.646226
61354,8.777586
61375,9.042653
61396,8.969935
61417,8.981664
61438,9.15994
61459,9.239694
61480,9.361671
61501,9.591553
61522,9.537601
61543,9.427352
61564,9.793285
61585,9.908226
61606,9.837853
61627,9.844892
61648,10.117
61669,10.22255
61690,10.2249
61711,10.25539
61732,10.51108
61753,10.65886
61774,10.62836
61795,10.66121
61816,10.90985
61837,10.93331
61858,10.92862
61879,11.11627
61900,11.12097
61921,11.28282
61942,11.2664
61963,11.35319
61984,11.40949
62005,11.50332
62026,11.54085
62047,11.4611
62068,11.6253
62089,11.59011
62110,11.43999
62131,11.65345
62152,12.03345
62173,11.86222
62194,11.98654
62215,11.75666
62236,11.8153
62257,11.87864
62278,11.90678
62299,11.88333
62320,11.93728
62341,11.89975
62362,11.92555
62383,12.07802
62404,12.01703
62425,11.94666
62446,11.96074
62467,11.90913
62488,11.87395
62509,11.87395
62530,11.8716
62551,11.77777
62572,11.74258
62593,11.73555
62614,11.75431
62635,11.73555
62656,11.58777
62677,11.45171
62698,11.39307
62719,11.32035
62740,11.19368
62761,11.1843
62782,11.14208
62803,11.12097
62824,11.04825
62845,10.96615
62866,10.87936
62887,10.79256
62908,10.75269
62929,10.73158
62950,10.67528
62971,10.56738
62992,10.6096
63013,10.56268
63034,10.46885
63055,10.50404
63076,10.33515
63097,10.27885
63118,10.23897
63139,10.23428
63160,10.24366
63181,10.14045
63202,10.09588
63223,10.01144
63244,9.903535
63265,9.964523
63286,9.741679
63307,9.704147
63328,9.638468
63349,9.413278
63370,9.436735
63391,9.338214
63412,9.317103
63433,9.227965
63454,9.305374
63475,9.293646
63496,9.237348
63517,9.281918
63538,9.321795
63559,9.206854
63580,9.235003
63601,9.197471
63622,9.265497
63643,9.272534
63664,9.202163
63685,9.227965
63706,9.2092
63727,9.005121
63748,9.026234
63769,9.141173
63790,8.991047
63811,9.08253
63832,9.061419
63853,8.955861
63874,8.941787
63895,8.939441
63916,8.866723
63937,8.810426
63958,8.79166
63979,8.709559
64000,8.72598
64021,8.749437
64042,8.669683
64063,8.681411
64084,8.613385
64105,8.585237
64126,8.449184
64147,8.543014
64168,8.43511
64189,8.432764
64210,8.355355
64231,8.324861
64252,8.331898
64273,8.292021
64294,8.327207
64315,8.289675
64336,8.240415
64357,8.252144
64378,8.277946
64399,8.238069
64420,8.195846
64441,8.146585
64462,8.050411
64483,8.14424
64504,8.191154
64525,8.097325
64546,7.977693
64567,8.048065
64588,8.223994
64609,8.085596
64630,8.069177
64651,8.216957
64672,8.322515
64693,8.360046
64714,8.345972
64735,8.458567
64756,8.463259
64777,8.786969
64798,8.779932
64819,8.7424
64840,8.833883
64861,8.911292
64882,8.986356
64903,9.028579
64924,9.08253
64945,9.176359
64966,9.314757
64987,9.464884
65008,9.41797
65029,9.521181
65050,9.619701
65071,9.765137
65092,9.833163
65113,9.943413
65134,9.966869
65155,10.0607
65176,10.22255
65197,10.28589
65218,10.29058
65239,10.02786
65260,10.21552
65281,10.42194
65302,10.23194
65323,10.10996
65344,10.4149
65365,10.68466
65386,10.25305
65407,10.30465
65428,10.21552
65449,10.27416
65470,10.307
65491,10.11934
65512,9.943413
65533,10.09823
65554,10.1123
65575,9.997364
65596,9.851928
65617,9.877731
65638,10.05132
65659,9.941067
65680,10.03489
65701,9.849584
65722,10.06773
65743,10.09354
65764,10.18502
65785,10.34922
65806,10.37503
65827,10.39145
65848,10.4712
65869,10.68935
65890,10.98022
65911,11.10455
65932,11.2406
65953,11.20072
65974,11.34616
65995,11.38134
66016,11.35788
66037,11.4869
66058,11.43295
66079,11.31801
66100,11.50332
66121,11.53851
66142,11.57369
66163,11.55962
66184,11.54789
66205,11.53616
66226,11.52443
66247,11.57135
66268,11.62295
66289,11.67925
66310,11.71209
66331,11.71678
66352,11.75197
66373,11.82234
66394,11.80826
66415,11.75197
66436,11.77777
66457,11.7074
66478,11.77073
66499,11.4869
66520,11.41887
66541,11.07874
66562,10.91689
66583,10.72454
66604,10.44774
66625,10.41021
66646,10.36564
66667,10.18971
66688,9.952795
66709,9.797977
66730,9.875386
66751,9.894152
66772,9.87304
66793,9.678345
66814,9.858966
66835,9.969215
66856,9.952795
66877,9.959831
66898,10.02551
66919,10.03489
66940,10.08181
66961,10.20613
66982,10.2812
67003,10.28354
67024,10.45244
67045,10.48058
67066,10.34688
67087,10.47589
67108,10.34922
67129,10.53453
67150,10.42429
67171,10.26008
67192,10.307
67213,10.17798
67234,10.33984
67255,10.24601
67276,9.969215
67297,9.736988
67318,9.851928
67339,9.840199
67360,9.678345
67381,9.563404
67402,9.575133
67423,9.58217
67444,9.403895
67465,9.450809
67486,9.410933
67507,9.244386
67528,9.312411
67549,9.394512
67570,9.333523
67591,9.13179
67612,9.272534
67633,9.364017
67654,9.002776
67675,9.061419
67696,9.129445
67717,8.873761
67738,8.620422
67759,8.770549
67780,8.920675
67801,8.568816
67822,8.512519
67843,8.604002
67864,8.521902
67885,8.388196
67906,8.486716
67927,8.568816
67948,8.439801
67969,8.519556
67990,8.446838
68011,8.521902
68032,8.620422
68053,8.559433
68074,8.641534
68095,8.681411
68116,8.599311
68137,8.550051
68158,8.568816
68179,8.573507
68200,8.46795
68221,8.40227
68242,8.263872
68263,8.38585
68284,8.310786
68305,8.317823
68326,8.301403
68347,8.383504
68368,8.376467
68389,8.355355
68410,8.439801
68431,8.439801
68452,8.383504
68473,8.277946
68494,8.334244
68515,8.310786
68536,8.423381
68557,8.299058
68578,8.303749
68599,8.437455
68620,8.378813
68641,8.357701
68662,8.374122
68683,8.38585
68704,8.446838
68725,8.416345
68746,8.355355
68767,8.261526
68788,8.378813
68809,8.498445
68830,8.390541
68851,8.181771
68872,8.099671
68893,8.200537
68914,8.437455
68935,8.186462
68956,8.146585
68977,8.146585
68998,8.301403
69019,8.611039
69040,8.561779
69061,8.465604
69082,8.667336
69103,8.812772
69124,8.653263
69145,8.803389
69166,9.113025
69187,9.09895
69208,9.138828
69229,9.281918
69250,9.364017
69271,9.335869
69292,9.544639
69313,9.575133
69334,9.50007
69355,9.453156
69376,9.64785
69397,9.624393
69418,9.711185
69439,9.851928
69460,9.889461
69481,9.786248
69502,9.699456
69523,9.833163
69544,10.07243
69565,10.08416
69586,10.20144
69607,10.24836
69628,10.3328
69649,10.46182
69670,10.6354
69691,10.83479
69712,10.98257
69733,10.91454
69754,11.11627
69775,11.29924
69796,11.26875
69817,11.31566
69838,11.05998
69859,11.10455
69880,11.16788
69901,11.128
69922,11.09985
69943,11.19603
69964,11.10689
69985,11.14208
70006,11.07874
70027,11.18196
70048,11.24529
70069,11.26171
70090,11.24998
70111,11.34616
70132,11.33912
70153,11.33677
70174,11.46579
70195,11.45406
70216,11.55727
70237,11.5948
70258,11.64641
70279,11.71444
70300,11.78715
70321,11.75431
70342,11.80123
70363,11.90678
70384,11.96777
70405,11.75431
70426,11.5432
70447,11.27109
70468,11.18899
70489,10.938
70510,10.75269
70531,10.57207
70552,10.4712
70573,10.33984
70594,10.29996
70615,10.12403
70636,10.07712
70657,10.07946
70678,10.03255
70699,10.09354
70720,10.10761
70741,10.19206
70762,10.32811
70783,10.35391
70804,10.43601
70825,10.47824
70846,10.50873
70867,10.5791
70888,10.65651
70909,10.6659
70930,10.59552
70951,10.51108
70972,10.56034
70993,10.60725
71014,10.54392
71035,10.6354
71056,10.53453
71077,10.39614
71098,10.22725
71119,10.22255
71140,10.13811
71161,9.966869
71182,9.854274
71203,9.765137
71224,9.680691
71245,9.612664
71266,9.654888
71287,9.706493
71308,9.495378
71329,9.359325
71350,9.284263
71371,9.347597
71392,9.246731
71413,9.251423
71434,9.213891
71455,9.054381
71476,8.967589
71497,8.967589
71518,8.98401
71539,8.908947
71560,8.995738
71581,8.758821
71602,8.580544
71623,8.505482
71644,8.639189
71665,8.650917
71686,8.585237
71707,8.299058
71728,8.364738
71749,8.252144
71770,8.113746
71791,8.123129
71812,8.008188
71833,8.041028
71854,8.06214
71875,8.17708
71896,8.191154
71917,8.20992
71938,8.202883
71959,8.1114
71980,8.214611
72001,8.212266
72022,8.202883
72043,8.188808
72064,8.174734
72085,8.087942
72106,8.165352
72127,8.06214
72148,7.991767
72169,7.982385
72190,7.865098
72211,7.820529
72232,7.841641
72253,7.923741
72274,7.940162
72295,7.961274
72316,8.113746
72337,8.172389
72358,8.341281
72379,8.30844
72400,8.329552
72421,8.437455
72442,8.538322
72463,8.662645
72484,8.664991
72505,8.770549
72526,8.831537
72547,8.939441
72568,9.056727
72589,9.091913
72610,9.002776
72631,9.087222
72652,9.113025
72673,9.211545
72694,8.890181
72715,9.044999
72736,9.27488
72757,9.239694
72778,8.953515
72799,9.136482
72820,9.155248
72841,9.199817
72862,9.185742
72883,8.911292
72904,8.908947
72925,8.932404
72946,8.979319
72967,9.054381
72988,9.03327
73009,9.068456
73030,9.091913
73051,9.145865
73072,9.246731
73093,9.171668
73114,9.260805
73135,9.35698
73156,9.436735
73177,9.467229
73198,9.410933
73219,9.448463
73240,9.50007
73261,9.366363
73282,9.117716
73303,9.392166
73324,9.931683
73345,9.788594
73366,9.727605
73387,9.744025
73408,9.823779
73429,9.610318
73450,10.04662
73471,9.969215
73492,10.18737
73513,10.39145
73534,10.41021
73555,10.52046
73576,10.46885
73597,10.51811
73618,10.64009
73639,10.74096
73660,10.92627
73681,11.06701
73702,11.05294
73723,10.93331
73744,10.87701
73765,10.95677
73786,10.94035
73807,10.93096
73828,10.93331
73849,11.03417
73870,10.89812
73891,10.97084
73912,10.87936
73933,10.938
73954,11.00368
73975,11.04356
73996,11.17257
74017,11.10924
74038,11.20307
74059,11.2922
74080,11.30393
74101,11.30862
74122,11.34616
74143,11.45875
74164,11.58073
74185,11.65345
74206,11.57369
74227,11.61122
74248,11.72616
74269,11.66518
74290,11.65579
74311,11.62295
74332,11.43999
74353,11.30862
74374,11.2148
74395,11.03183
74416,10.92158
74437,10.81368
74458,10.59083
74479,10.46651
74500,10.40552
74521,10.29058
74542,10.15453
74563,10.15687
74584,10.14045
74605,10.16391
74626,10.11934
74647,10.12169
74668,10.11934
74689,10.24601
74710,10.20613
74731,10.2507
74752,10.13342
74773,10.24132
74794,10.24601
74815,10.19441
74836,10.2765
74857,10.34219
74878,10.3328
74899,10.1991
74920,10.22255
74941,10.09354
74962,10.14514
74983,10.10996
75004,10.07243
75025,10.0044
75046,9.929338
75067,9.87304
75088,10.00206
75109,9.840199
75130,9.948103
75151,9.863657
75172,9.863657
75193,9.957487
75214,9.819089
75235,9.736988
75256,9.624393
75277,9.694765
75298,9.694765
75319,9.631431
75340,9.607973
75361,9.556367
75382,9.457847
75403,9.640813
75424,9.591553
75445,9.523527
75466,9.481303
75487,9.535255
75508,9.504761
75529,9.457847
75550,9.474266
75571,9.394512
75592,9.279572
75613,9.225619
75634,9.2092
75655,9.382783
75676,9.218582
75697,9.014504
75718,8.930058
75739,8.948824
75760,8.920675
75781,8.885489
75802,8.93475
75823,8.906601
75844,8.702522
75865,8.754128
75886,8.615731
75907,8.646226
75928,8.629806
75949,8.53363
75970,8.46795
75991,8.421036
76012,8.38585
76033,8.348318
76054,8.249798
76075,8.273255
76096,8.284984
76117,8.14424
76138,8.16066
76159,8.195846
76180,8.195846
76201,8.052756
76222,8.038682
76243,8.155969
76264,8.22634
76285,8.261526
76306,8.116092
76327,8.221649
76348,8.294367
76369,8.362392
76390,8.388196
76411,8.179425
76432,8.388196
76453,8.535976
76474,8.704868
76495,8.655608
76516,8.453876
76537,8.430418
76558,8.608693
76579,8.733017
76600,8.7424
76621,8.690794
76642,8.723634
76663,8.918329
76684,8.819809
76705,8.679066
76726,8.683757
76747,8.589928
76768,8.416345
76789,8.392887
76810,8.395233
76831,8.648571
76852,8.672029
76873,8.353009
76894,8.392887
76915,8.561779
76936,8.704868
76957,8.667336
76978,8.552396
76999,8.714252
77020,8.838574
77041,8.90191
77062,8.969935
77083,9.09895
77104,9.288955
77125,9.08253
77146,9.056727
77167,9.096604
77188,9.204508
77209,9.476612
77230,9.455501
77251,9.195126
77272,9.35698
77293,9.755754
77314,9.868348
77335,9.90588
77356,9.936375
77377,10.09119
77398,10.20613
77419,10.24601
77440,10.26243
77461,10.48762
77482,10.47589
77503,10.62836
77524,10.52281
77545,10.53688
77566,10.61194
77587,10.71046
77608,10.748
77629,10.88639
77650,10.8301
77671,10.74565
77692,10.90751
77713,10.97319
77734,10.87232
77755,10.83713
77776,10.83713
77797,10.90985
77818,10.89109
77839,10.86059
77860,10.79022
77881,10.78553
77902,10.83948
77923,10.80195
77944,10.71985
77965,10.66355
77986,10.72219
78007,10.64713
78028,10.77614
78049,10.72688
78070,10.69404
78091,10.77145
78112,10.80195
78133,10.91923
78154,10.95207
78175,10.98022
78196,10.99664
78217,11.08813
78238,10.83948
78259,11.03652
78280,11.03183
78301,11.00134
78322,10.89109
78343,10.7738
78364,10.73392
78385,10.59318
78406,10.59318
78427,10.49466
78448,10.46885
78469,10.37268
78490,10.43367
78511,10.32342
78532,10.37503
78553,10.35626
78574,10.307
78595,10.38441
78616,10.35157
78637,10.44774
78658,10.50873
78679,10.55565
78700,10.53453
78721,10.5275
78742,10.53923
78763,10.54861
78784,10.53453
78805,10.5533
78826,10.62133
78847,10.62836
78868,10.60022
78889,10.62133
78910,10.56268
78931,10.52281
78952,10.50404
78973,10.50639
78994,10.46416
79015,10.28823
79036,10.17329
79057,10.09354
79078,10.06539
79099,10.117
79120,10.0607
79141,10.07243
79162,10.03489
79183,10.01613
79204,10.07008
79225,9.98329
79246,10.15922
79267,10.15453
79288,10.14984
79309,10.19441
79330,10.25539
79351,10.24601
79372,10.30231
79393,10.26712
79414,10.47355
79435,10.45244
79456,10.54392
79477,10.43367
79498,10.51108
79519,10.51342
79540,10.20848
79561,10.17095
79582,10.17564
79603,10.23194
79624,10.03255
79645,9.926992
79666,9.849584
79687,9.795631
79708,9.701802
79729,9.579824
79750,9.485995
79771,9.246731
79792,9.399203
79813,9.373401
79834,9.312411
79855,9.232656
79876,9.101295
79897,9.263151
79918,9.232656
79939,9.089567
79960,8.885489
79981,8.798697
80002,8.831537
80023,8.836229
80044,8.695485
80065,8.641534
80086,8.629806
80107,8.482024
80128,8.411653
80149,8.280293
80170,8.223994
80191,8.38585
80212,8.343626
80233,8.221649
80254,8.14424
80275,8.090288
80296,8.050411
80317,7.968311
80338,7.923741
80359,8.005842
80380,8.059793
80401,7.961274
80422,7.923741
80443,7.944853
80464,8.069177
80485,8.083251
80506,8.109054
80527,8.071522
80548,7.942507
80569,8.057447
80590,8.242761
80611,8.17708
80632,8.066831
80653,8.010533
80674,8.069177
80695,8.06214
80716,8.015225
80737,8.045719
80758,8.139548
80779,8.139548
80800,8.003496
80821,8.048065
80842,8.064485
80863,8.123129
80884,8.313132
80905,8.294367
80926,8.22634
80947,8.292021
80968,8.528939
80989,8.390541
81010,8.353009
81031,8.53363
81052,8.709559
81073,8.69314
81094,8.944133
81115,9.042653
81136,9.15994
81157,9.265497
81178,9.256114
81199,9.415624
81220,9.591553
81241,9.558713
81262,9.654888
81283,9.544639
81304,9.687728
81325,10.05132
81346,10.1428
81367,9.868348
81388,9.795631
81409,10.08885
81430,10.16626
81451,10.15453
81472,10.13811
81493,10.21317
81514,10.44305
81535,10.36564
81556,10.57207
81577,10.10527
81598,10.76442
81619,10.79491
81640,10.3328
81661,10.38206
81682,10.69639
81703,10.79022
81724,10.77145
81745,10.53453
81766,10.49231
81787,10.68466
81808,10.71985
81829,10.68466
81850,10.61898
81871,10.67059
81892,10.67997
81913,10.70812
81934,10.71985
81955,10.67762
81976,10.68935
81997,10.80664
82018,10.90047
82039,10.96849
82060,11.04825
82081,10.96849
82102,11.12097
82123,11.20307
82144,11.1843
82165,11.21949
82186,11.22887
82207,11.24529
82228,11.2922
82249,11.25936
82270,11.17961
82291,11.25467
82312,11.18196
82333,11.13739
82354,11.11393
82375,11.00603
82396,11.02714
82417,10.93565
82438,10.92862
82459,10.95207
82480,10.94035
82501,10.89578
82522,10.93565
82543,10.89812
82564,10.91689
82585,10.92862
82606,11.01072
82627,11.01072
82648,10.85355
82669,10.76442
82690,10.97084
82711,10.98726
82732,10.96615
82753,10.92627
82774,10.86294
82795,10.92862
82816,10.82541
82837,10.85824
82858,10.90516
82879,10.7738
82900,10.75738
82921,10.70343
82942,10.62602
82963,10.54392
82984,10.51577
83005,10.45009
83026,10.45244
83047,10.41021
83068,10.39145
83089,10.27885
83110,10.15218
83131,10.23194
83152,10.37737
83173,10.22959
83194,10.21552
83215,10.28354
83236,10.18971
83257,10.23428
83278,10.26947
83299,10.32342
83320,10.29527
83341,10.25305
83362,10.21317
83383,10.2765
83404,10.24366
83425,10.34922
83446,10.17329
83467,10.12638
83488,9.98798
83509,9.971561
83530,10.05835
83551,9.952795
83572,9.683037
83593,9.760445
83614,9.79094
83635,9.539948
83656,9.600936
83677,9.551676
83698,9.455501
83719,9.249077
83740,9.211545
83761,9.227965
83782,9.09895
83803,9.042653
83824,9.002776
83845,8.913638
83866,8.801044
83887,8.805735
83908,8.883143
83929,8.653263
83950,8.521902
83971,8.662645
83992,8.7424
84013,8.561779
84034,8.564125
84055,8.580544
84076,8.526593
84097,8.571162
84118,8.493753
84139,8.505482
84160,8.470296
84181,8.524248
84202,8.38585
84223,8.453876
84244,8.517211
84265,8.421036
84286,8.406961
84307,8.259181
84328,8.256835
84349,8.292021
84370,8.231031
84391,8.20992
84412,8.30844
84433,8.531285
84454,8.740054
84475,8.571162
84496,8.399924
84517,8.343626
84538,8.364738
84559,8.425727
84580,8.36943
84601,8.507828
84622,8.561779
84643,8.482024
84664,8.362392
84685,8.350664
84706,8.282638
84727,8.280293
84748,8.223994
84769,8.235723
84790,8.36943
84811,8.219303
84832,8.30844
84853,8.409307
84874,8.2756
84895,8.179425
84916,8.404615
84937,8.273255
84958,8.170043
84979,8.116092
85000,8.336589
85021,8.498445
85042,8.376467
85063,8.353009
85084,8.636843
85105,8.758821
85126,8.723634
85147,8.615731
85168,8.998084
85189,9.246731
85210,9.279572
85231,9.232656
85252,9.281918
85273,9.464884
85294,9.554022
85315,9.561059
85336,9.781557
85357,9.77452
85378,9.732296
85399,9.924646
85420,10.07946
85441,9.955141
85462,9.908226
85483,10.05132
85504,10.13342
85525,10.49466
85546,10.70577
85567,10.45713
85588,10.33515
85609,10.84652
85630,10.73392
85651,10.63775
85672,10.54157
85693,10.68935
85714,10.85121
85735,10.84886
85756,11.04356
85777,10.90516
85798,10.87232
85819,10.83948
85840,10.8817
85861,11.05529
85882,11.0506
85903,10.89343
85924,10.90516
85945,11.02479
85966,10.98022
85987,11.18665
86008,11.07171
86029,11.02714
86050,11.41653
86071,11.27578
86092,11.27344
86113,11.17257
86134,11.20307
86155,11.36492
86176,11.36492
86197,11.40715
86218,11.30628
86239,11.23591
86260,11.22887
86281,11.19368
86302,11.06936
86323,10.92627
86344,10.84417
86365,10.63306
86386,10.60256
86407,10.49935
86428,10.59318
86449,10.46885
86470,10.61898
86491,10.6917
86512,10.73627
86533,10.78553
86554,10.86528
86575,10.94973
86596,11.00603
86617,10.92158
86638,10.83713
86659,10.7996
86680,10.81133
86701,10.87701
86722,10.938
86743,10.92627
86764,10.86763
86785,10.88874
86806,10.81602
86827,10.76207
86848,10.59083
86869,10.64009
86890,10.61664
86911,10.57676
86932,10.71516
86953,10.61664
86974,10.44774
86995,10.40787
87016,10.5275
87037,10.48997
87058,10.35626
87079,10.32342
87100,10.42663
87121,10.35861
87142,10.26478
87163,10.31873
87184,10.34688
87205,10.37503
87226,10.22255
87247,10.32811
87268,10.35626
87289,10.2812
87310,10.12169
87331,10.23663
87352,10.30231
87373,10.34219
87394,10.15687
87415,10.06305
87436,10.00206
87457,9.694765
87478,9.800323
87499,9.887115
87520,9.671308
87541,9.457847
87562,9.514144
87583,9.493032
87604,9.490686
87625,9.408587
87646,9.392166
87667,9.415624
87688,9.263151
87709,9.105988
87730,8.955861
87751,9.026234
87772,9.227965
87793,9.070802
87814,8.838574
87835,9.037962
87856,9.19278
87877,9.030925
87898,8.826846
87919,9.103642
87940,9.068456
87961,8.850304
87982,8.862032
88003,8.72598
88024,8.723634
88045,8.749437
88066,8.681411
88087,8.632151
88108,8.585237
88129,8.53363
88150,8.608693
88171,8.559433
88192,8.465604
88213,8.517211
88234,8.474987
88255,8.629806
88276,8.608693
88297,8.338935
88318,8.40227
88339,8.439801
88360,8.521902
88381,8.453876
88402,8.432764
88423,8.48437
88444,8.503136
88465,8.550051
88486,8.460913
88507,8.437455
88528,8.406961
88549,8.528939
88570,8.540668
88591,8.360046
88612,8.191154
88633,8.191154
88654,8.139548
88675,8.130166
88696,7.963619
88717,7.900285
88738,8.033991
88759,8.026954
88780,8.132511
88801,7.904976
88822,7.977693
88843,8.102016
88864,8.113746
88885,8.130166
88906,8.038682
88927,8.22634
88948,8.357701
88969,8.296712
88990,8.430418
89011,8.611039
89032,8.662645
89053,8.709559
89074,8.6603
89095,8.782278
89116,8.969935
89137,9.028579
89158,9.124753
89179,9.030925
89200,9.25846
89221,9.530564
89242,9.373401
89263,9.58217
89284,9.819089
89305,9.814397
89326,9.706493
89347,9.814397
89368,9.950449
89389,9.821435
89410,9.837853
89431,9.98329
89452,9.955141
89473,10.02082
89494,10.06539
89515,10.1428
89536,10.44305
89557,10.497
89578,10.32342
89599,10.25305
89620,10.49935
89641,10.307
89662,10.35861
89683,10.33749
89704,10.48528
89725,10.61194
89746,10.55565
89767,10.64244
89788,10.6096
89809,10.67997
89830,10.66824
89851,10.67059
89872,10.56268
89893,10.65417
89914,10.73627
89935,10.96849
89956,10.88639
89977,10.95207
89998,11.04825
90019,11.08109
90040,11.17257
90061,11.1327
90082,11.06936
90103,11.28048
90124,11.24763
90145,11.25936
90166,11.21949
90187,11.23825
90208,11.08343
90229,11.06232
90250,11.00603
90271,11.06936
90292,11.01306
90313,11.04825
90334,11.03183
90355,11.03887
90376,11.04825
90397,11.05998
90418,11.01775
90439,10.91689
90460,11.01306
90481,11.00837
90502,10.99195
90523,11.01072
90544,11.06467
90565,11.10689
90586,11.04825
90607,11.12331
90628,11.13035
90649,11.14677
90670,11.1327
90691,11.11862
90712,11.05294
90733,11.02714
90754,10.93331
90775,10.8817
90796,10.85121
90817,10.64009
90838,10.54861
90859,10.55565
90880,10.50169
90901,10.22725
90922,10.18033
90943,10.15218
90964,10.2249
90985,10.15453
91006,10.10058
91027,10.13107
91048,10.15687
91069,10.15922
91090,10.24366
91111,10.2507
91132,10.39145
91153,10.41959
91174,10.46651
91195,10.52984
91216,10.57207
91237,10.53453
91258,10.61194
91279,10.66121
91300,10.67528
91321,10.67997
91342,10.79022
91363,10.75503
91384,10.64713
91405,10.70812
91426,10.67997
91447,10.56503
91468,10.3891
91489,10.27416
91510,10.11465
91531,10.14045
91552,10.06305
91573,9.929338
91594,9.840199
91615,9.809706
91636,9.744025
91657,9.744025
91678,9.622047
91699,9.50007
91720,9.403895
91741,9.460192
91762,9.462538
91783,9.195126
91804,9.084876
91825,9.195126
91846,9.094258
91867,8.892527
91888,8.786969
91909,8.620422
91930,8.552396
91951,8.53363
91972,8.238069
91993,8.277946
92014,8.299058
92035,8.202883
92056,8.132511
92077,8.050411
92098,7.989422
92119,7.937816
92140,7.958928
92161,8.01757
92182,7.867445
92203,7.895593
92224,7.963619
92245,7.872136
92266,7.937816
92287,8.090288
92308,8.163006
92329,8.188808
92350,8.076214
92371,7.975348
92392,8.059793
92413,8.005842
92434,7.947199
92455,7.773615
92476,7.881518
92497,8.008188
92518,8.008188
92539,7.940162
92560,7.982385
92581,8.097325
92602,8.059793
92623,8.14424
92644,8.153623
92665,8.289675
92686,8.343626
92707,8.535976
92728,8.535976
92749,8.679066
92770,8.679066
92791,8.707214
92812,8.794006
