8825,8.151278
8846,8.022263
8867,8.12782
8888,8.132511
8909,7.90263
8930,7.785344
8951,8.141894
8972,8.170043
8993,8.118437
9014,8.437455
9035,8.625113
9056,8.594619
9077,8.871415
9098,9.047344
9119,9.145865
9140,9.246731
9161,9.448463
9182,9.638468
9203,9.56575
9224,9.828471
9245,9.98798
9266,9.901189
9287,10.15453
9308,10.25774
9329,10.14045
9350,10.29058
9371,10.5838
9392,10.48997
9413,10.50169
9434,10.60725
9455,10.79491
9476,10.94973
9497,10.93096
9518,10.91454
9539,11.05294
9560,11.33443
9581,11.23825
9602,11.19134
9623,11.36023
9644,11.53616
9665,11.73086
9686,11.81061
9707,12.08975
9728,12.07802
9749,12.21877
9770,12.12728
9791,12.06629
9812,11.65579
9833,11.51505
9854,11.22183
9875,10.89812
9896,10.82306
9917,10.73861
9938,10.69404
9959,10.63775
9980,10.67762
10001,10.748
10022,10.78318
10043,10.92393
10064,10.95207
10085,10.92862
10106,11.04121
10127,11.03183
10148,11.02714
10169,11.08578
10190,11.08813
10211,11.09751
10232,11.1843
10253,11.57135
10274,11.42357
10295,11.32739
10316,11.45641
10337,11.35319
10358,11.28517
10379,11.23356
10400,11.03183
10421,10.79256
10442,10.61664
10463,10.30231
10484,10.10058
10505,10.01378
10526,9.858966
10547,9.671308
10568,9.776865
10589,9.629085
10610,9.509453
10631,9.467229
10652,9.415624
10673,9.446118
10694,9.396858
10715,9.373401
10736,9.408587
10757,9.474266
10778,9.364017
10799,9.537601
10820,9.638468
10841,9.481303
10862,9.450809
10883,9.432044
10904,9.551676
10925,9.385129
10946,9.319448
10967,9.385129
10988,9.364017
11009,9.239694
11030,9.220928
11051,9.141173
11072,8.932404
11093,8.796351
11114,8.772895
11135,8.79166
11156,8.728326
11177,8.505482
11198,8.585237
11219,8.444492
11240,8.510174
11261,8.601656
11282,8.625113
11303,8.524248
11324,8.639189
11345,8.535976
11366,8.486716
11387,8.453876
11408,8.56647
11429,8.432764
11450,8.404615
11471,8.256835
11492,8.317823
11513,8.254489
11535,8.240415
11556,8.216957
11577,8.289675
11598,8.306095
11619,8.259181
11640,8.36943
11661,8.348318
11682,8.40227
11703,8.367084
11724,8.383504
11745,8.376467
11766,8.334244
11787,8.416345
11808,8.378813
11829,8.364738
11850,8.474987
11871,8.458567
11892,8.561779
11913,8.608693
11934,8.613385
11955,8.711905
11976,8.770549
11997,8.869069
12018,8.8245
12039,8.883143
12060,8.756474
12081,8.639189
12102,8.482024
12123,8.284984
12144,8.174734
12165,8.216957
12186,8.102016
12207,7.843987
12228,7.773615
12249,7.710281
12270,7.653983
12291,7.564846
12312,7.663366
12333,7.550771
12354,7.433485
12375,7.417065
12396,7.201258
12417,7.140269
12438,7.083972
12459,7.184838
12480,7.067552
12501,7.203603
12522,7.442868
12543,7.360767
12564,7.295087
12585,7.276321
12606,7.271629
12627,7.212986
12648,7.119158
12669,7.447559
12690,7.454596
12711,8.031645
12732,8.085596
12753,7.991767
12774,7.956582
12795,8.252144
12816,8.148932
12837,8.392887
12858,8.64388
12879,8.98401
12900,9.368709
12921,9.371055
12942,9.413278
12963,9.572787
12984,9.835509
13005,9.87304
13026,9.605627
13047,9.575133
13068,9.751062
13089,9.563404
13110,9.535255
13131,9.624393
13152,9.706493
13173,9.661925
13194,9.612664
13215,9.535255
13236,9.464884
13257,9.56575
13278,9.50007
13299,9.464884
13320,9.429698
13341,9.408587
13362,9.481303
13383,9.551676
13404,9.626739
13425,9.34056
13446,9.668962
13467,9.821435
13488,9.955141
13509,10.19441
13530,10.56034
13551,10.67059
13572,11.04121
13593,11.57369
13614,11.32974
13635,11.11158
13656,10.70577
13677,10.01144
13698,9.521181
13719,9.204508
13740,8.826846
13761,8.622768
13782,8.606348
13803,8.578199
13824,8.575853
13845,8.667336
13866,8.704868
13887,8.897219
13908,9.171668
13929,9.272534
13950,9.476612
13971,9.711185
13992,9.809706
14013,9.755754
14034,9.603281
14055,9.504761
14076,9.542293
14097,9.584516
14118,9.720568
14139,9.776865
14160,9.995018
14181,10.2812
14202,10.37268
14224,10.36799
14245,10.56268
14266,10.43367
14287,10.05132
14308,9.816743
14329,9.408587
14350,9.295992
14371,9.070802
14392,8.737708
14413,8.798697
14434,8.84092
14455,8.697831
14476,8.763512
14497,8.817463
14518,8.79166
14539,8.733017
14560,8.681411
14581,8.718943
14602,8.768204
14623,8.639189
14644,8.723634
14665,8.688448
14686,8.819809
14707,8.611039
14728,8.571162
14749,8.489061
14770,8.550051
14791,8.575853
14812,8.688448
14833,8.683757
14854,8.618076
14875,8.662645
14896,8.711905
14917,8.521902
14938,8.428073
14959,8.531285
14980,8.430418
15001,7.994113
15022,7.970656
15043,7.782998
15064,7.574229
15085,7.501511
15106,7.412374
15127,7.339655
15148,7.508548
15169,7.54608
15190,7.428793
15211,7.564846
15232,7.712626
15253,7.637563
15274,7.515585
15295,7.201258
15316,7.086318
15337,6.776681
15358,6.844707
15379,6.671124
15400,6.682852
15421,6.650012
15442,6.696927
15463,6.811867
15484,6.98076
15505,7.032366
15526,7.044094
15547,7.123849
15568,7.170763
15589,7.220024
15610,7.128541
15631,7.121503
15652,7.126195
15673,7.208295
15694,7.130886
15715,7.04644
15736,7.227061
15757,7.191875
15778,7.349039
15799,7.424102
15820,7.487437
15841,7.733737
15862,7.822875
15883,8.041028
15904,8.228686
15925,8.406961
15946,8.310786
15967,8.179425
15988,7.949544
16009,7.743121
16030,7.625834
16051,7.374842
16072,7.069897
16093,6.919771
16114,6.905696
16135,6.88693
16156,6.776681
16177,6.678161
16198,6.696927
16219,6.760262
16240,6.741496
16261,6.743841
16282,6.729767
16303,6.966685
16324,7.149652
16345,6.863473
16366,7.170763
16387,7.522622
16408,7.356076
16429,7.536696
16450,7.80411
16471,7.839296
16492,8.155969
16513,8.019917
16534,8.388196
16555,8.650917
16576,8.62746
16597,8.836229
16618,8.93475
16639,9.300683
16660,9.38982
16681,9.197471
16702,9.115371
16723,9.188088
16744,9.295992
16765,8.981664
16786,9.03327
16807,8.847958
16828,9.030925
16849,9.239694
16870,8.801044
16891,8.831537
16912,9.134136
16933,9.181051
16954,8.864378
16975,8.906601
16996,9.105988
17017,8.890181
17038,8.873761
17059,8.854995
17080,8.923021
17101,9.148211
17122,9.096604
17143,9.148211
17164,9.197471
17185,9.09895
17206,9.176359
17227,9.103642
17248,9.197471
17269,9.237348
17290,9.202163
17311,9.455501
17332,9.504761
17353,9.403895
17374,9.481303
17395,9.685382
17416,9.659579
17437,9.64785
17458,10.07243
17479,10.04193
17500,10.17564
17521,10.47355
17542,10.67762
17563,10.86763
17584,11.09282
17605,10.98492
17626,10.87701
17647,10.48528
17668,10.07946
17689,9.213891
17710,9.530564
17731,9.288955
17752,9.253768
17773,9.35698
17794,9.174014
17815,9.446118
17836,9.50007
17857,9.617355
17878,9.751062
17899,9.978598
17920,10.14514
17941,10.16156
17962,10.12872
17983,10.17564
18004,10.09119
18025,10.00909
18046,10.16156
18067,10.23897
18088,10.30465
18109,10.60256
18130,10.85824
18151,11.04356
18172,11.15381
18193,11.36258
18214,11.43529
18235,11.24763
18256,10.94035
18277,10.63775
18298,10.41021
18319,10.15922
18340,9.814397
18361,9.56575
18382,9.483649
18403,9.30772
18424,9.284263
18445,9.317103
18466,9.04969
18487,9.01685
18508,9.028579
18529,9.155248
18550,9.117716
18571,8.960552
18592,9.084876
18613,9.052036
18634,9.094258
18655,9.30772
18676,9.399203
18697,9.239694
18718,9.303029
18739,9.295992
18760,9.420315
18781,9.286609
18802,9.317103
18823,9.298337
18844,8.958207
18865,8.796351
18886,8.810426
18907,8.482024
18928,8.510174
18949,8.53363
18970,8.090288
18991,7.937816
19012,7.841641
19033,7.958928
19054,8.048065
19075,7.775961
19096,7.872136
19117,7.987076
19138,8.090288
19159,8.026954
19180,8.026954
19201,8.174734
19222,8.120783
19243,8.015225
19264,8.019917
19285,8.071522
19306,7.893247
19327,7.874481
19348,8.022263
19369,8.036337
19390,8.1935
19411,8.113746
19432,8.094979
19453,8.137203
19474,8.123129
19495,8.109054
19516,8.137203
19537,8.195846
19558,8.221649
19580,8.17708
19602,8.292021
19623,8.256835
19644,8.242761
19665,8.148932
19686,8.214611
19707,8.399924
19728,8.367084
19749,8.179425
19770,8.374122
19791,8.456222
19812,8.404615
19833,8.364738
19854,8.547705
19875,8.730671
19896,8.967589
19917,9.138828
19938,8.723634
19959,8.730671
19980,8.519556
20001,8.216957
20022,8.163006
20043,7.860407
20064,7.888556
20085,7.630526
20106,7.574229
20127,7.515585
20148,7.431139
20169,7.492128
20190,7.433485
20211,7.571883
20232,7.57892
20253,7.560154
20274,7.6446
20295,7.623489
20316,7.527314
20337,7.588303
20358,7.447559
20379,7.379533
20400,7.35373
20421,7.266938
20442,7.271629
20463,7.173109
20484,7.257555
20505,7.346693
20526,7.363113
20547,7.262247
20568,7.506203
20589,7.485091
20610,7.421756
20631,7.574229
20652,7.400644
20673,7.384225
20694,7.365459
20715,7.198912
20736,7.189529
20757,7.0957
20778,7.100392
20799,7.170763
20820,7.306816
20841,7.234098
20862,7.705589
20883,7.907322
20904,8.024608
20925,8.315477
20946,8.517211
20967,8.615731
20988,8.48437
21009,8.845612
21030,8.906601
21051,8.890181
21072,8.927712
21093,8.8245
21114,8.941787
21135,9.148211
21156,8.730671
21177,9.113025
21198,9.206854
21219,9.535255
21240,9.481303
21261,9.195126
21282,9.753407
21303,9.819089
21324,9.718222
21345,9.948103
21366,9.952795
21387,10.16391
21408,10.15922
21429,10.04662
21450,10.18268
21471,10.2507
21492,10.04662
21513,10.29527
21534,10.39848
21555,10.38441
21576,10.27181
21597,10.31873
21618,10.56738
21639,10.60022
21660,10.28823
21681,9.98329
21702,9.992672
21723,9.751062
21744,9.572787
21765,9.324141
21786,9.34056
21807,9.467229
21828,9.617355
21849,9.51649
21870,9.636122
21891,9.654888
21912,9.652542
21933,9.570441
21954,9.638468
21975,9.661925
21996,9.507107
22017,9.596244
22038,9.762791
22059,9.676
22080,9.720568
22101,10.07712
22122,9.941067
22143,10.04428
22164,10.16156
22185,10.29996
22206,10.497
22227,10.6096
22248,10.93096
22269,11.06701
22290,10.84183
22311,10.70812
22332,10.48528
22353,10.27181
22374,10.00206
22395,9.744025
22416,9.546985
22437,9.48834
22458,9.462538
22479,9.380438
22500,9.361671
22521,9.347597
22542,9.483649
22563,9.53291
22584,9.64785
22605,9.708839
22626,9.957487
22647,10.09588
22668,10.16391
22689,10.40083
22710,10.39145
22731,10.38441
22752,10.55096
22773,10.59552
22794,10.72454
22815,10.82775
22836,10.85824
22857,11.02714
22878,10.98726
22899,10.89109
22920,10.96146
22941,10.87701
22962,10.6659
22983,10.4712
23004,10.31638
23025,10.10527
23046,9.85662
23067,9.908226
23088,9.676
23109,9.575133
23130,9.701802
23151,9.521181
23172,9.575133
23193,9.668962
23214,9.603281
23235,9.493032
23256,9.478958
23277,9.420315
23298,9.235003
23319,9.213891
23340,9.260805
23361,9.002776
23382,9.061419
23403,9.122408
23424,8.904256
23445,8.925366
23466,8.953515
23487,9.087222
23508,8.979319
23529,8.772895
23550,8.679066
23571,8.664991
23592,8.592274
23613,8.233377
23634,8.188808
23655,8.069177
23676,7.602377
23697,7.245827
23718,7.4804
23739,7.332618
23760,6.78841
23781,6.664087
23802,7.04644
23823,7.022983
23844,6.969031
23865,7.147306
23886,7.433485
23907,7.677441
23928,7.682132
23949,7.482745
23970,7.327927
23991,7.151998
24012,6.872856
24033,6.75557
24054,6.694582
24075,6.450626
24096,6.483466
24117,6.413094
24138,6.340376
24159,6.373217
24180,6.478774
24201,6.422477
24222,6.558529
24243,6.628901
24264,6.762608
24285,6.847053
24306,6.889277
24327,7.044094
24348,7.055823
24369,7.004217
24390,6.990143
24411,6.999526
24432,7.008908
24453,7.020637
24474,7.015945
24495,7.107429
24516,7.323236
24537,7.471016
24558,7.456942
24579,7.592994
24600,7.536696
24621,7.609415
24642,7.534351
24663,7.28805
24684,7.445214
24705,7.327927
24726,7.25521
24747,7.346693
24768,6.969031
24789,7.114466
24810,7.637563
24831,7.705589
24852,8.134857
24873,7.860407
24894,8.155969
24915,8.268563
24936,8.256835
24957,8.730671
24978,8.744746
24999,8.695485
25020,8.535976
25041,9.077839
25062,8.613385
25083,8.22634
25104,8.941787
25125,9.199817
25146,9.005121
25167,8.887836
25188,9.216236
25209,9.410933
25230,9.66427
25251,9.772174
25272,9.59859
25293,10.0607
25314,9.694765
25335,10.18971
25356,10.10761
25377,9.793285
25398,10.01144
25419,10.32107
25440,10.56972
25461,9.969215
25482,10.30935
25503,10.37268
25524,10.44305
25545,10.35157
25566,10.79726
25587,10.63775
25608,10.56972
25629,10.38441
25650,10.15218
25671,9.802669
25692,9.568096
25713,9.420315
25734,9.319448
25755,9.272534
25776,9.256114
25797,9.493032
25818,9.539948
25839,9.739333
25860,9.795631
25881,9.866002
25902,9.936375
25923,9.941067
25944,10.08416
25965,9.980944
25986,9.835509
26007,9.887115
26028,9.851928
26049,9.929338
26070,10.08416
26091,10.22021
26112,10.36095
26133,10.64478
26154,10.9122
26175,11.16319
26196,11.25233
26217,11.39307
26238,11.30628
26259,11.01541
26280,10.80195
26301,10.44071
26322,10.32342
26343,9.955141
26364,9.687728
26385,9.626739
26406,9.61501
26427,9.525873
26448,9.443772
26469,9.425007
26490,9.471921
26511,9.502416
26532,9.485995
26553,9.514144
26574,9.612664
26595,9.884768
26616,9.98798
26637,10.13811
26658,10.25305
26679,10.34219
26700,10.497
26721,10.41725
26742,10.62836
26763,10.65417
26784,10.79256
26805,10.8301
26826,10.77849
26847,10.65886
26868,10.65886
26889,10.5791
26910,10.26008
26931,10.19206
26952,9.812052
26973,9.53291
26994,9.303029
27015,9.202163
27036,8.904256
27057,8.955861
27078,8.897219
27099,8.779932
27120,8.906601
27141,8.798697
27162,8.711905
27183,8.589928
27204,8.432764
27225,8.48437
27246,8.320169
27267,8.282638
27288,8.137203
27309,7.940162
27330,8.033991
27351,7.926087
27372,7.632872
27393,7.424102
27414,7.358422
27435,7.252864
27456,6.98076
27477,7.055823
27498,7.020637
27519,6.769645
27540,6.959648
27561,7.055823
27582,7.04644
27603,7.008908
27624,7.074589
27645,7.182492
27666,7.306816
27687,7.447559
27708,7.600031
27729,7.752503
27750,8.055102
27771,8.1114
27792,8.033991
27813,7.95189
27834,7.965965
27855,7.773615
27876,7.703244
27897,7.32089
27918,7.259901
27939,7.231752
27960,7.088663
27981,6.877548
28002,6.781373
28023,6.736804
28044,6.741496
28065,6.847053
28086,6.933845
28107,7.109775
28128,7.140269
28149,7.135578
28170,7.327927
28191,7.489782
28212,7.632872
28233,7.635218
28254,7.682132
28275,7.773615
28296,7.85337
28317,7.961274
28338,8.14424
28359,8.266218
28380,8.444492
28401,8.592274
28422,8.6603
28443,8.843266
28464,9.021542
28485,8.986356
28506,9.026234
28527,8.862032
28548,9.005121
28569,8.871415
28590,8.704868
28611,8.747091
28632,8.829192
28653,8.948824
28674,8.84092
28695,8.48437
28716,8.955861
28737,9.089567
28758,9.091913
28779,8.747091
28800,9.265497
28821,8.711905
28842,9.347597
28863,8.885489
28884,9.155248
28905,9.858966
28926,8.836229
28947,8.735363
28968,9.124753
28989,9.25846
29010,9.345251
29031,8.925366
29052,9.338214
29073,9.059073
29094,9.441426
29115,9.342906
29136,9.13179
29157,9.333523
29178,9.636122
29199,9.450809
29220,9.622047
29241,9.162285
29262,9.314757
29283,9.631431
29304,9.589207
29325,9.546985
29346,9.654888
29367,9.866002
29388,9.842546
29409,9.868348
29430,10.05132
29451,10.45713
29472,10.55096
29493,10.17329
29514,10.0607
29535,10.06305
29556,9.858966
29577,9.671308
29598,9.511798
29619,9.497724
29640,9.462538
29661,9.56575
29682,9.462538
29703,9.528218
29724,9.715877
29745,9.755754
29766,9.847238
29787,9.732296
29808,9.715877
29829,9.797977
29850,9.741679
29871,9.7581
29892,9.697111
29913,9.687728
29934,9.786248
29955,9.941067
29976,10.09354
29997,10.28354
30018,10.48058
30039,10.68466
30060,10.81602
30081,11.19838
30102,11.38603
30123,11.22183
30144,11.09985
30165,10.77849
30186,10.54861
30207,10.36564
30228,10.17329
30249,10.06305
30270,9.980944
30291,9.931683
30312,9.786248
30334,9.671308
30357,9.575133
30378,9.821435
30399,9.969215
30420,9.837853
30441,10.01378
30462,10.17564
30483,10.32576
30504,10.40787
30525,10.62836
30546,10.55799
30567,10.7175
30588,10.82071
30609,10.94504
30630,10.94973
30651,11.0764
30672,11.0506
30693,11.08578
30714,11.10924
30735,10.91923
30756,11.00837
30777,10.65417
30798,10.62367
30819,10.24132
30840,10.07477
30861,9.830817
30882,9.563404
30903,9.371055
30924,9.27488
30945,9.2092
30966,9.206854
30987,9.113025
31008,8.944133
31029,8.946478
31050,8.958207
31071,8.95117
31092,8.817463
31113,8.908947
31134,8.878452
31155,8.730671
31177,8.716597
31198,8.69314
31219,8.540668
31240,8.526593
31261,8.62746
31282,8.341281
31303,8.310786
31324,8.439801
31345,8.395233
31366,8.233377
31387,8.097325
31408,8.052756
31429,7.970656
31450,8.055102
31471,8.003496
31492,7.85337
31513,7.675095
31534,7.66102
31555,7.710281
31576,7.782998
31597,7.865098
31618,7.752503
31639,7.700898
31660,7.88621
31681,8.242761
31702,8.348318
31723,8.179425
31744,7.940162
31765,8.219303
31786,7.989422
31807,7.843987
31828,7.623489
31849,7.576574
31870,7.576574
31891,7.438176
31912,7.349039
31933,7.433485
31954,7.278666
31975,7.40299
31996,7.485091
32017,7.5625
32038,7.651637
32059,7.534351
32080,7.656329
32101,7.740775
32122,7.876827
32143,7.822875
32164,7.722009
32185,7.743121
32206,7.775961
32227,7.928433
32248,7.900285
32269,7.90263
32290,7.80411
32311,7.872136
32332,7.926087
32353,8.050411
32374,8.174734
32395,8.22634
32416,8.172389
32437,8.310786
32458,8.186462
32479,8.146585
32500,8.031645
32521,7.980039
32542,7.733737
32563,7.754849
32584,7.668057
32605,7.766578
32626,7.651637
32647,7.858061
32668,7.646946
32689,7.797072
32710,7.766578
32731,8.137203
32752,8.158315
32773,8.205229
32794,8.470296
32815,8.505482
32836,8.599311
32857,8.615731
32878,8.826846
32899,9.09895
32920,8.953515
32941,9.028579
32962,9.415624
32983,9.378092
33004,9.783903
33025,9.427352
33046,9.725259
33067,9.926992
33088,9.842546
33109,9.976252
33130,10.19441
33151,10.25305
33172,10.10058
33193,10.18268
33214,10.34922
33235,10.4454
33256,10.47589
33277,10.14514
33298,10.307
33319,10.39379
33340,10.34453
33361,10.30935
33382,10.307
33403,10.43601
33424,10.50639
33445,10.50404
33466,10.39379
33487,10.32576
33508,10.32342
33529,10.29058
33550,10.117
33571,10.07712
33592,10.04193
33613,10.01613
33634,9.985635
33655,10.03959
33676,10.02551
33697,10.0044
33718,10.03959
33739,10.03255
33760,10.02786
33781,9.936375
33802,9.957487
33823,9.912917
33844,9.835509
33865,9.875386
33886,9.889461
33907,9.945757
33928,10.1123
33949,10.16391
33970,10.29292
33991,10.4454
34012,10.5533
34033,10.89343
34054,10.95911
34075,10.94973
34096,11.04825
34117,11.14208
34138,10.77614
34159,10.59552
34180,10.48762
34201,10.23897
34222,10.13107
34243,10.04662
34264,9.98798
34285,10.04193
34306,9.966869
34327,10.07712
34348,10.08181
34369,10.2249
34390,10.26008
34411,10.33984
34432,10.48762
34453,10.47824
34474,10.56972
34495,10.75503
34516,10.79256
34537,10.90985
34558,11.01306
34579,11.05763
34600,11.0459
34621,11.12097
34642,11.19368
34663,11.23356
34684,11.33443
34705,11.21714
34726,11.20776
34747,11.15615
34768,10.88405
34789,10.81133
34810,10.58145
34831,10.43367
34852,10.4712
34873,10.24836
34894,10.08885
34915,10.10058
34936,9.938721
34957,9.959831
34978,9.882422
34999,9.915263
35020,9.880077
35041,9.85662
35062,9.80736
35083,9.861312
35104,9.877731
35125,9.826125
35146,9.842546
35167,9.861312
35188,9.819089
35209,9.600936
35230,9.617355
35251,9.619701
35272,9.607973
35293,9.556367
35314,9.528218
35335,9.361671
35356,9.293646
35377,9.380438
35398,9.164631
35419,9.169322
35440,9.122408
35461,8.955861
35482,8.911292
35503,8.98401
35524,8.796351
35545,8.568816
35566,8.622768
35587,8.604002
35608,8.465604
35629,8.390541
35650,8.491407
35671,8.284984
35692,8.205229
35713,8.1935
35734,8.2756
35755,8.14424
35776,8.090288
35797,8.01757
35818,8.015225
35839,7.921396
35860,7.797072
35881,7.806456
35902,7.792381
35923,7.921396
35944,7.848678
35965,7.916704
35986,7.83695
36007,7.83695
36028,7.883864
36049,7.881518
36070,7.822875
36091,7.91905
36112,7.912013
36133,7.998805
36154,7.883864
36175,7.923741
36196,8.01757
36217,8.010533
36238,8.041028
36259,8.036337
36280,8.022263
36301,8.069177
36322,8.338935
36343,8.240415
36364,8.249798
36385,8.186462
36406,8.06214
36427,8.155969
36448,8.036337
36469,7.958928
36490,7.818184
36511,7.773615
36532,7.618797
36553,7.454596
36574,7.534351
36595,7.459288
36616,7.569537
36637,7.646946
36658,7.668057
36679,7.766578
36700,7.949544
36721,8.050411
36742,8.179425
36763,8.233377
36784,8.460913
36805,8.550051
36826,8.56647
36847,8.833883
36868,9.178705
36889,9.373401
36910,9.368709
36931,9.652542
36952,9.842546
36973,9.722914
36994,9.739333
37015,10.26478
37036,10.39145
37057,10.36799
37078,10.35391
37099,10.57676
37120,10.73861
37141,10.67059
37162,10.83479
37183,10.99899
37204,10.76442
37225,10.63775
37246,11.04121
37267,10.96849
37288,11.33677
37309,10.60022
37330,10.87701
37351,11.47283
37372,10.97553
37393,10.75503
37414,10.75503
37435,10.76207
37456,10.8559
37477,10.87232
37498,10.67059
37519,10.71985
37540,10.64244
37561,10.53688
37582,10.56972
37603,10.59552
37624,10.53688
37645,10.50169
37666,10.49935
37687,10.58849
37708,10.61194
37729,10.58614
37750,10.57676
37771,10.46182
37792,10.66121
37813,10.64478
37834,10.68232
37855,10.80899
37876,10.74331
37897,10.84183
37918,11.0506
37939,10.88405
37960,10.90281
37981,10.8559
38002,11.03887
38023,11.02714
38044,11.07171
38065,10.95442
38086,10.79491
38107,10.82775
38128,10.83948
38149,10.74331
38170,10.86763
38191,10.83244
38212,10.90281
38233,10.87232
38254,11.04825
38275,11.1022
38296,11.09751
38317,11.11627
38338,11.08578
38359,11.14912
38380,11.19368
38401,11.30862
38422,11.32974
38443,11.32504
38464,11.33677
38485,11.40011
38506,11.43295
38527,11.38369
38548,11.38603
38569,11.37431
38590,11.49628
38611,11.31566
38632,11.22418
38653,11.20072
38674,11.11158
38695,10.95442
38716,10.84886
38737,10.87936
38758,10.89109
38779,10.82071
38800,10.84652
38821,10.76442
38842,10.73627
38863,10.5791
38884,10.58614
38905,10.497
38926,10.56268
38947,10.49466
38968,10.46885
38989,10.50873
39010,10.5275
39031,10.51811
39052,10.46182
39073,10.45947
39094,10.3891
39115,10.25305
39136,10.307
39157,10.35157
39178,10.26008
39199,10.26243
39220,9.889461
39241,10.22959
39262,9.858966
39283,9.584516
39304,9.943413
39325,9.711185
39346,9.53291
39367,9.476612
39388,9.474266
39409,9.40624
39430,9.453156
39451,9.298337
39472,9.246731
39493,9.185742
39514,9.190434
39535,9.103642
39556,9.117716
39577,9.073148
39598,9.09895
39619,8.946478
39640,8.953515
39661,8.913638
39682,8.939441
39703,8.843266
39724,8.629806
39745,8.618076
39766,8.594619
39787,8.507828
39808,8.338935
39829,8.390541
39850,8.528939
39871,8.409307
39892,8.343626
39913,8.355355
39934,8.552396
39955,8.491407
39976,8.507828
39997,8.317823
40018,8.554742
40039,8.641534
40060,8.589928
40081,8.585237
40102,8.531285
40123,8.6603
40144,8.636843
40165,8.620422
40186,8.664991
40207,8.664991
40228,8.528939
40249,8.53363
40270,8.53363
40291,8.547705
40312,8.512519
40333,8.38585
40354,8.399924
40375,8.505482
40396,8.486716
40417,8.425727
40438,8.395233
40459,8.449184
40480,8.322515
40501,8.428073
40522,8.526593
40543,8.596965
40564,8.568816
40585,8.442147
40606,8.585237
40627,8.592274
40648,8.655608
40669,8.655608
40690,8.683757
40711,8.744746
40732,8.850304
40753,8.890181
40774,8.817463
40795,8.876106
40816,8.768204
40837,8.730671
40858,8.908947
40879,8.871415
40900,8.789314
40921,8.794006
40942,8.751783
40963,8.756474
40984,8.618076
41005,8.801044
41026,8.969935
41047,8.878452
41068,8.918329
41089,8.899564
41110,8.998084
41131,9.197471
41152,9.077839
41173,9.178705
41194,9.375746
41215,9.514144
41236,9.544639
41257,9.51649
41278,9.809706
41299,9.694765
41320,9.863657
41341,10.01144
41362,9.997364
41383,9.847238
41404,10.02082
41425,10.39614
41446,10.2765
41467,10.1686
41488,10.2507
41509,10.40083
41530,10.24132
41551,10.30935
41572,10.2507
41593,10.58145
41614,10.51811
41635,10.4454
41656,10.37737
41677,10.42663
41698,10.76207
41719,10.55096
41740,10.53453
41761,10.53453
41782,10.48058
41803,10.59787
41824,10.73392
41845,10.76442
41866,10.77849
41887,10.74565
41908,10.68701
41929,10.6659
41950,10.80429
41971,10.73627
41992,10.68935
42013,10.68232
42034,10.87467
42055,10.8301
42076,10.83713
42097,10.72219
42118,10.73627
42139,10.62836
42160,10.77145
42181,10.87467
42202,10.90516
42223,10.87232
42244,10.89109
42265,10.96615
42286,11.17726
42307,11.12097
42328,11.16084
42349,11.13035
42370,11.23825
42391,11.37665
42412,11.36258
42433,11.25233
42454,11.32504
42475,11.39073
42496,11.34381
42517,11.33443
42538,11.39073
42559,11.35554
42580,11.36492
42601,11.128
42622,11.1585
42643,11.16554
42664,11.23356
42685,11.22183
42706,11.23356
42727,11.10455
42748,11.15381
42769,11.10689
42790,11.03652
42811,11.09751
42832,11.12097
42853,11.02245
42874,11.06467
42895,11.05998
42916,11.00368
42937,10.92393
42958,11.00837
42979,10.95677
43000,10.9122
43021,10.87701
43042,10.94504
43063,10.95911
43084,10.79491
43105,10.81837
43126,10.77614
43147,10.80899
43168,10.85355
43189,10.75972
43210,10.83713
43231,10.73627
43252,10.68935
43273,10.76207
43294,10.76676
43315,10.6659
43336,10.68466
43357,10.5838
43378,10.56972
43399,10.55565
43420,10.48058
43441,10.42663
43462,10.3328
43483,10.07946
43504,9.943413
43525,9.884768
43546,9.851928
43567,9.741679
43588,9.626739
43609,9.572787
43630,9.504761
43651,9.23031
43672,9.218582
43693,9.148211
43714,8.941787
43735,8.847958
43756,8.796351
43777,8.733017
43798,8.596965
43819,8.444492
43840,8.43511
43861,8.505482
43882,8.421036
43903,8.083251
43924,8.228686
43945,8.442147
43966,8.336589
43987,8.102016
44008,8.353009
44029,8.388196
44050,8.329552
44071,8.254489
44092,8.331898
44113,8.446838
44134,8.388196
44155,8.1114
44176,8.148932
44197,8.214611
44218,8.041028
44239,8.080905
44260,7.991767
44281,8.010533
44302,7.860407
44323,7.790035
44344,7.745467
44365,7.743121
44386,7.768924
44407,7.714972
44428,7.722009
44449,7.689169
44470,7.719663
44491,7.724355
44512,7.675095
44533,7.780652
44554,7.865098
44575,7.890902
44596,7.926087
44617,8.019917
44638,7.975348
44659,7.973002
44680,8.102016
44701,8.146585
44722,8.22634
44743,8.263872
44764,8.228686
44785,8.374122
44806,8.395233
44827,8.313132
44848,8.247452
44869,8.261526
44890,8.259181
44911,8.205229
44932,8.14424
44953,8.212266
44974,8.289675
44995,8.378813
45016,8.219303
45037,8.360046
45058,8.777586
45079,8.784623
45100,8.770549
45121,9.150557
45142,9.239694
45163,9.668962
45184,9.373401
45205,9.439081
45226,9.842546
45247,9.823779
45268,9.760445
45289,9.964523
45310,9.969215
45331,9.952795
45352,10.07946
45373,10.17095
45394,10.307
45415,10.41021
45436,10.22021
45457,10.42898
45478,10.60256
45499,10.53688
45520,10.42898
45541,10.64947
45562,10.81133
45583,10.56972
45604,10.5838
45625,10.51577
45646,10.65417
45667,10.78787
45688,10.74331
45709,10.55799
45730,10.51342
45751,10.64947
45772,10.6659
45793,10.72688
45814,10.68935
45835,10.65182
45856,10.76676
45877,10.83948
45898,10.75503
45919,10.54626
45940,10.73158
45961,10.65417
45982,10.60022
46003,10.61194
46024,10.64947
46045,10.65651
46066,10.59318
46087,10.62602
46108,10.76676
46129,10.62836
46150,10.70108
46171,10.83244
46192,10.68701
46213,10.71985
46234,10.78318
46255,10.82775
46276,10.90751
46297,10.98257
46318,11.06701
46339,11.15615
46360,11.11393
46381,11.32739
46402,11.77542
46423,11.39776
46444,11.13035
46465,11.07171
46486,10.98492
46507,10.98022
46528,10.87232
46549,10.86763
46570,10.79256
46591,10.5533
46612,10.5275
46633,10.49935
46654,10.41021
46675,10.54392
46696,10.53219
46717,10.46651
46738,10.5275
46759,10.54392
46780,10.59318
46801,10.63071
46822,10.70812
46843,10.76442
46864,10.89343
46885,10.86997
46906,10.87467
46927,10.89343
46948,10.88874
46969,10.87467
46990,10.938
47011,10.88639
47032,11.01541
47053,10.98726
47074,10.87936
47095,10.84417
47116,10.83713
47137,10.71985
47158,10.71516
47179,10.64947
47200,10.42898
47221,10.27885
47242,10.35626
47263,10.19675
47284,10.21317
47305,10.15687
47326,10.18971
47347,10.03724
47368,10.07243
47389,10.1991
47410,10.01613
47431,9.868348
47452,9.87304
47473,9.854274
47494,9.690074
47515,9.572787
47536,9.690074
47557,9.734642
47578,9.476612
47599,9.570441
47620,9.683037
47641,9.378092
47662,9.235003
47683,9.213891
47704,9.068456
47725,8.852649
47746,8.681411
47767,8.683757
47788,8.62746
47809,8.601656
47830,8.568816
47851,8.395233
47872,8.247452
47893,8.371776
47914,8.353009
47935,8.383504
47956,8.294367
47977,8.336589
47998,8.266218
48019,8.364738
48040,8.38585
48061,8.465604
48082,8.430418
48103,8.392887
48124,8.292021
48145,8.273255
48166,8.146585
48187,8.170043
48208,8.139548
48229,8.216957
48250,8.141894
48271,7.987076
48292,8.050411
48313,8.033991
48334,7.998805
48355,8.06214
48376,8.052756
48397,8.069177
48418,8.141894
48439,8.256835
48460,8.263872
48481,8.186462
48502,8.273255
48523,8.181771
48544,8.282638
48565,8.381159
48586,8.238069
48607,8.191154
48628,8.231031
48649,8.376467
48670,8.432764
48691,8.550051
48712,8.580544
48733,8.535976
48754,8.510174
48775,8.538322
48796,8.491407
48817,8.409307
48838,8.413999
48859,8.28733
48880,8.109054
48901,8.263872
48922,8.17708
48943,8.125474
48964,8.031645
48985,7.940162
49006,8.207574
49027,8.092634
49048,8.270909
49069,8.01757
49090,8.22634
49111,8.416345
49132,8.254489
49153,8.327207
49174,8.505482
49195,8.735363
49216,8.782278
49237,8.862032
49258,8.906601
49279,9.122408
49300,9.30772
49321,9.359325
49342,9.579824
49363,9.715877
49384,9.697111
49405,9.957487
49426,9.898843
49447,9.901189
49468,10.13342
49489,10.37033
49510,10.32576
49531,10.29996
49552,10.46416
49573,10.5838
49594,10.25539
49615,10.17564
49636,10.37503
49657,10.73627
49678,10.68701
49699,10.3891
49720,10.31873
49741,10.3891
49762,10.63775
49783,10.60256
49804,10.48762
49825,10.55096
49846,10.56972
49867,10.67528
49888,10.65886
49909,10.68701
49930,10.69639
49951,10.73158
49972,10.84417
49993,10.90281
50014,10.82071
50035,10.72454
50056,10.75269
50077,10.82541
50098,10.85121
50119,10.84886
50140,10.92627
50161,10.84183
50182,10.78553
50203,11.00368
50224,11.00134
50245,11.14677
50266,11.14912
50287,11.05763
50308,11.13739
50329,11.22183
50350,11.24998
50371,11.28282
50392,11.40715
50413,11.47517
50434,11.41887
50455,11.36492
50476,11.33912
50497,11.15146
50518,11.09751
50539,11.13035
50560,10.98492
50581,10.95677
50602,10.89578
50623,10.90047
50644,10.90516
50665,10.83948
50686,10.73158
50707,10.76207
50728,10.72688
50749,10.70812
50770,10.82306
50791,10.84417
50812,10.8301
50833,10.92862
50854,10.92158
50875,10.96146
50896,11.02714
50917,10.9638
50938,10.92862
50959,11.12097
50980,11.16554
51001,11.10924
51022,11.19368
51043,11.14912
51064,11.02948
51085,11.128
51106,11.04825
51127,10.91923
51148,10.93565
51169,10.77614
51190,10.77145
51211,10.64947
51232,10.69874
51253,10.64244
51274,10.50169
51295,10.39614
51316,10.28354
51337,10.28589
51358,10.12638
51379,10.1991
51400,10.19441
51421,10.03724
51442,10.10996
51463,10.0865
51484,9.959831
51505,9.957487
51526,9.903535
51547,9.767483
51568,9.629085
51589,9.624393
51610,9.474266
51631,9.48834
51652,9.539948
51673,9.546985
51694,9.507107
51715,9.349943
51736,9.293646
51757,8.993393
51778,9.084876
51799,9.169322
51820,9.012158
51844,8.862032
51869,8.754128
51890,8.754128
51911,8.833883
51932,8.700177
51953,8.540668
51974,8.423381
51995,8.561779
52016,8.439801
52037,8.334244
52058,8.46795
52079,8.737708
52100,8.40227
52121,8.113746
52142,8.268563
52163,8.050411
52184,7.930779
52205,8.041028
52226,7.881518
52247,7.860407
52268,7.736084
52289,7.768924
52310,7.782998
52331,7.747812
52352,7.712626
52373,7.714972
52394,7.665711
52415,7.642255
52436,7.665711
52457,7.698552
52478,7.691514
52499,7.632872
52520,7.602377
52541,7.722009
52562,7.815838
52583,7.888556
52604,7.933125
52625,7.977693
52646,8.052756
52667,8.099671
52688,8.123129
52709,8.188808
52730,8.268563
52751,8.158315
52772,8.123129
52793,8.069177
52814,8.167697
52835,8.048065
52856,8.080905
52877,8.123129
52898,8.214611
52919,8.022263
52940,8.228686
52961,8.376467
52982,8.123129
53003,8.345972
53024,8.564125
53045,8.801044
53066,8.847958
53087,8.650917
53108,8.866723
53129,9.338214
53150,9.206854
53171,9.08253
53192,9.373401
53213,9.640813
53234,9.657233
53255,9.680691
53276,9.894152
53297,10.13107
53318,9.929338
53339,9.802669
53360,9.962177
53381,10.10292
53402,10.28823
53423,9.973906
53444,10.02786
53465,10.21083
53486,10.30465
53508,10.07243
53529,9.80736
53550,9.934029
53571,10.18268
53592,10.10527
53613,9.98329
53634,10.117
53655,10.17564
53676,10.14514
53697,10.09119
53718,10.00206
53739,9.941067
53760,10.20613
53781,10.35157
53802,10.307
53823,10.19675
53844,10.24366
53865,10.10996
53886,10.19441
53907,10.22021
53928,10.40317
53949,10.38675
53970,10.36799
53991,10.23428
54012,10.28823
54033,10.26712
54054,10.37033
54075,10.24601
54096,10.24601
54117,10.26478
54138,10.28354
54159,10.18502
54180,10.1123
54201,10.13576
54222,10.37737
54243,10.40552
54264,10.45009
54285,10.52281
54306,10.59552
54327,10.73158
54348,10.88405
54369,10.87467
54390,11.04121
54411,10.95911
54432,10.97553
54453,10.99664
54474,10.86763
54495,10.73392
54516,10.52281
54537,10.54861
54558,10.41256
54579,10.40083
54600,10.44071
54621,10.41959
54642,10.44071
54663,10.497
54684,10.56972
54705,10.61429
54726,10.70108
54747,10.80429
54768,10.79726
54789,10.84886
54810,10.8817
54831,10.8817
54852,10.84652
54873,10.94973
54894,11.0201
54915,11.06936
54936,11.14442
54957,11.17257
54978,11.1327
54999,11.13739
55020,11.23591
55041,11.26171
55062,11.15146
55083,11.02479
55104,10.87701
55125,10.75269
55146,10.6659
55167,10.50169
55188,10.51811
55209,10.38441
55230,10.28589
55251,10.2765
55272,10.18033
55293,10.17564
55314,10.2249
55335,10.23897
55356,10.38206
55377,10.37033
55398,10.35861
55419,10.37268
55440,10.42663
55461,10.57441
55482,10.59552
55503,10.70577
55524,10.76442
55545,10.70812
55566,10.80429
55587,10.79726
55608,10.64244
55629,10.65417
55650,10.53453
55671,10.42194
55692,10.38675
55713,10.29058
55734,10.13342
55755,9.861312
55776,9.654888
55797,9.666616
55818,9.504761
55839,9.138828
55860,9.075493
55881,9.216236
55902,8.930058
55923,8.641534
55944,8.857341
55965,8.826846
55986,8.470296
56007,8.317823
56028,8.395233
56049,8.320169
56070,8.200537
56091,8.083251
56112,7.829913
56133,7.921396
56154,8.080905
56175,8.085596
56196,7.614106
56217,7.630526
56238,7.914359
56259,7.719663
56280,7.668057
56301,7.839296
56322,7.794726
56343,7.933125
56364,7.888556
56385,7.865098
56406,7.890902
56427,7.961274
56448,7.963619
56469,8.048065
56490,7.963619
56511,8.158315
56532,8.20992
56553,8.137203
56574,8.069177
56595,8.043374
56616,8.268563
56637,8.280293
56658,8.153623
56679,8.102016
56700,8.223994
56721,8.378813
56742,8.292021
56763,8.146585
56784,8.113746
56805,8.104362
56826,8.214611
56847,8.348318
56868,8.242761
56889,8.205229
56910,8.367084
56931,8.404615
56952,8.350664
56973,8.62746
56994,8.589928
57015,8.625113
57036,8.545359
57057,8.733017
57078,8.923021
57099,9.028579
57120,9.084876
57141,9.101295
57162,9.110679
57183,9.225619
57204,9.403895
57225,9.504761
57246,9.497724
57267,9.610318
57288,9.610318
57309,9.528218
57330,9.610318
57351,9.814397
57372,9.945757
57393,9.79094
57414,9.795631
57435,9.910572
57456,10.08885
57477,10.21083
57498,10.18737
57519,10.32576
57540,10.23663
57561,10.12638
57582,10.16626
57603,10.5791
57624,10.56503
57645,10.4149
57666,10.38441
57687,10.56972
57708,10.79726
57729,10.72923
57750,10.55565
57771,10.68232
57792,10.86059
57813,10.94973
57834,10.90516
57855,10.82775
57876,10.92393
57897,10.97319
57918,10.92393
57939,10.83713
57960,10.92862
57981,10.83244
58002,10.83948
58023,10.88874
58044,10.88405
58065,10.84652
58086,10.81602
58107,10.88405
58128,10.90751
58149,10.80899
58170,10.75269
58191,10.84183
58212,10.9638
58233,10.98492
58254,11.01541
58275,10.98257
58296,10.89343
58317,11.00134
58338,11.14677
58359,11.17023
58380,11.12566
58401,10.99664
58422,11.0459
58443,11.04825
58464,11.01306
58485,11.01775
58506,10.91454
58527,11.0201
58548,11.01775
58569,11.02245
58590,10.97788
58611,10.98257
58632,10.90281
58653,10.9943
58674,10.98961
58695,11.02245
58716,11.00134
58737,11.03183
58758,11.03183
58779,11.03887
58800,10.98492
58821,10.95442
58842,11.03417
58863,11.05529
58884,10.94269
58905,10.97553
58926,10.85824
58947,10.85824
58968,10.748
58989,10.74331
59010,10.67997
59031,10.52984
59052,10.43601
59073,10.33749
59094,10.44071
59115,10.4149
59136,10.45009
59157,10.37033
59178,10.23428
59199,10.18268
59220,10.22725
59241,10.43601
59262,10.42663
59283,10.35861
59304,10.31169
59325,10.42663
59346,10.497
59367,10.59318
59388,10.57441
59409,10.56738
59430,10.65182
59451,10.71281
59472,10.77849
59493,10.67293
59514,10.78318
59535,10.71516
59556,10.66824
59577,10.6354
59598,10.71281
59619,10.72923
59640,10.63306
59661,10.48528
59682,10.3328
59703,10.08885
59724,10.05601
59745,9.934029
59766,9.823779
59787,9.732296
59808,9.511798
59829,9.617355
59850,9.579824
59871,9.474266
59892,9.312411
59913,9.150557
59934,9.190434
59955,8.991047
59976,8.993393
59997,8.98401
60018,8.756474
60039,8.672029
60060,8.958207
60081,8.831537
60102,8.716597
60123,8.571162
60144,8.79166
60165,8.904256
60186,9.084876
60207,9.066111
60228,8.714252
60249,8.838574
60270,8.953515
60291,8.826846
60312,8.930058
60333,8.845612
60354,8.662645
60375,8.894873
60396,8.72598
60417,8.657954
60438,8.653263
60459,8.589928
60480,8.552396
60501,8.740054
60522,8.611039
60543,8.594619
60564,8.594619
60585,8.477333
60606,8.672029
60627,8.56647
60648,8.460913
60669,8.439801
60690,8.442147
60711,8.535976
60732,8.500791
60753,8.477333
60774,8.282638
60795,8.263872
60816,8.313132
60837,8.371776
60858,8.240415
60879,8.294367
60900,8.266218
60921,8.345972
60942,8.28733
60963,8.216957
60984,8.036337
61005,8.22634
61026,8.289675
61047,8.240415
61068,8.207574
61089,8.221649
61110,8.242761
61131,8.313132
61152,8.280293
61173,8.289675
61194,8.259181
61215,8.474987
61236,8.604002
61257,8.690794
61278,8.704868
61299,8.615731
61320,8.653263
61341,8.740054
61362,8.803389
61383,8.843266
61404,8.969935
61425,8.826846
61446,8.8245
61467,9.120062
61488,9.164631
61509,9.145865
61530,9.181051
61551,9.364017
61572,9.427352
61593,9.345251
61614,9.429698
61635,9.919954
61656,10.06773
61677,10.16626
61698,10.22959
61719,10.2812
61740,10.2812
61761,10.26947
61782,10.14514
61803,10.24366
61824,10.42898
61845,10.30231
61866,10.40552
61887,10.56268
61908,10.49231
61929,10.46416
61950,10.52046
61971,10.5275
61992,10.75503
62013,10.748
62034,10.74096
62055,10.68466
62076,10.75972
62097,10.92393
62118,11.14442
62139,10.99195
62160,10.94973
62181,11.23825
62202,11.17023
62223,11.20072
62244,11.22887
62265,11.36961
62286,11.32035
62307,11.2969
62328,11.06467
62349,11.16084
62370,11.16084
62391,11.16554
62412,11.13973
62433,11.25702
62454,10.91923
62475,11.02245
62496,11.01306
62517,11.09517
62538,11.17492
62559,11.28517
62580,11.32504
62601,11.31801
62622,11.53616
62643,11.32035
62664,11.30628
62685,11.23591
62706,11.28986
62727,11.0459
62748,11.46344
62769,11.49863
62790,11.34616
62811,11.24529
62832,11.18665
62853,11.13973
62874,10.98726
62895,10.98257
62916,11.00837
62937,10.85121
62958,10.81837
62979,10.72923
63000,10.73392
63021,10.68466
63042,10.74331
63063,10.59787
63084,10.61898
63105,10.62836
63126,10.67762
63147,10.64713
63168,10.7738
63189,10.76207
63210,10.73627
63231,10.84183
63252,10.81368
63273,10.7996
63294,10.82541
63315,10.9638
63336,11.01541
63357,10.91689
63378,10.99899
63399,11.12097
63420,11.0506
63441,11.06701
63462,11.13739
63483,11.0201
63504,11.04356
63525,11.03417
63546,10.97319
63567,10.91454
63588,11.00837
63609,10.99195
63630,10.83479
63651,10.80899
63672,10.88405
63693,10.69639
63714,10.55565
63735,10.62133
63756,10.5275
63777,10.28354
63798,10.08181
63819,9.957487
63840,9.962177
63861,9.704147
63882,9.586862
63903,9.521181
63924,9.403895
63945,9.279572
63966,9.01685
63987,9.059073
64008,8.892527
64029,8.749437
64050,8.650917
64071,8.615731
64092,8.324861
64113,8.20992
64134,8.313132
64155,8.109054
64176,7.90263
64197,7.712626
64218,7.923741
64239,8.008188
64260,8.256835
64281,7.815838
64302,7.806456
64323,7.872136
64344,8.005842
64365,8.022263
64386,8.207574
64407,7.989422
64428,8.033991
64449,8.038682
64470,7.994113
64491,7.937816
64512,7.822875
64533,7.6446
64554,7.736084
64575,7.829913
64596,7.813492
64617,7.677441
64638,7.639909
64659,7.663366
64680,7.890902
64701,7.996459
64722,7.743121
64743,7.77127
64764,7.707935
64785,7.963619
64806,7.980039
64827,7.848678
64848,7.822875
64869,7.881518
64890,8.031645
64911,8.132511
64932,7.958928
64953,7.93547
64974,8.066831
64995,8.200537
65016,8.12782
65037,8.181771
65058,8.188808
65079,8.181771
65100,8.137203
65121,8.033991
65142,8.256835
65163,8.099671
65184,7.973002
65205,8.109054
65226,8.118437
65247,8.003496
65268,7.949544
65289,8.043374
65310,8.212266
65331,8.36943
65352,8.296712
65373,8.360046
65394,8.613385
65415,8.765858
65436,8.918329
65457,9.25846
65478,9.326486
65499,9.328832
65520,9.335869
65541,9.692419
65562,9.727605
65583,9.683037
65604,9.760445
65625,9.849584
65646,9.950449
65667,9.985635
65688,10.08181
65709,10.2249
65730,10.27885
65751,10.25539
65772,10.33046
65793,10.24601
65814,10.33046
65835,10.30935
65856,10.39379
65877,10.50169
65898,10.50873
65919,10.56034
65940,10.46885
65961,10.6096
65982,10.6354
66003,10.75503
66024,10.64009
66045,10.56268
66066,10.73392
66087,10.7738
66108,10.88639
66129,10.87232
66150,10.88639
66171,10.75738
66192,10.75034
66213,10.83948
66234,10.73158
66255,10.83713
66276,10.748
66297,10.87936
66318,10.87701
66339,10.94738
66360,11.05998
66381,11.07874
66402,11.20776
66423,11.28517
66444,11.36961
66465,11.41184
66486,11.51974
66507,11.5432
66528,11.5948
66549,11.74024
66570,11.83172
66591,11.85987
66612,11.99592
66633,11.98654
66654,12.08741
66675,12.05222
66696,12.20704
66717,12.18593
66738,12.17654
66759,11.95605
66780,11.78715
66801,11.70505
66822,11.55727
66843,11.33443
66864,11.14208
66885,10.95677
66906,10.93565
66927,10.78553
66948,10.76442
66969,10.56972
66990,10.57441
67011,10.59083
67032,10.52984
67053,10.47824
67074,10.56503
67095,10.67059
67116,10.71516
67137,10.64713
67158,10.66824
67179,10.58849
67200,10.60725
67221,10.60256
67242,10.72454
67263,10.76442
67284,10.62602
67305,10.70108
67326,10.61898
67347,10.56503
67368,10.51811
67389,10.41256
67410,10.32107
67431,10.04193
67452,9.941067
67473,9.668962
67494,9.474266
67515,9.373401
67536,9.455501
67557,9.176359
67578,9.162285
67599,8.965244
67620,8.944133
67641,8.826846
67662,8.747091
67683,8.611039
67704,8.521902
67725,8.507828
67746,8.716597
67767,8.582891
67788,8.472641
67809,8.355355
67830,8.397578
67851,8.327207
67872,8.188808
67893,8.299058
67914,8.238069
67935,8.188808
67956,8.245107
67977,8.383504
67998,8.350664
68019,8.324861
68040,8.254489
68061,8.273255
68082,8.299058
68103,8.353009
68124,8.474987
68145,8.453876
68166,8.589928
68187,8.625113
68208,8.657954
68229,8.604002
68250,8.585237
68271,8.733017
68292,8.718943
68313,8.512519
68334,8.601656
68355,8.632151
68376,8.634497
68397,8.535976
68418,8.416345
68439,8.367084
68460,8.399924
68481,8.355355
68502,8.245107
68523,8.151278
68544,8.200537
68565,8.245107
68586,8.238069
68607,8.120783
68628,8.071522
68649,8.113746
68670,8.17708
68691,8.270909
68712,8.120783
68733,8.019917
68754,7.977693
68775,7.937816
68796,8.001151
68817,8.043374
68838,7.926087
68859,7.987076
68880,7.930779
68901,7.940162
68922,7.977693
68943,7.987076
68964,7.860407
68985,7.705589
69006,7.717318
69027,7.865098
69048,7.719663
69069,7.916704
69090,7.574229
69111,7.503857
69132,7.618797
69153,7.797072
69174,8.238069
69195,8.170043
69216,8.0293
69237,7.991767
69258,8.53363
69279,8.615731
69300,8.707214
69321,8.779932
69342,8.937096
69363,9.25846
69384,9.474266
69405,9.659579
69426,9.690074
69447,9.779211
69468,10.0044
69489,10.24366
69510,10.47589
69531,10.43601
69552,10.67293
69573,10.80899
69594,10.91454
69615,10.95911
69636,11.15615
69657,11.33912
69678,11.49628
69699,11.54789
69720,11.72382
69741,11.88567
69762,11.77777
69783,12.14605
69804,12.31494
69825,12.2821
69846,12.38766
69867,12.41346
69888,12.52606
69909,12.64803
69930,12.73952
69951,12.67618
69972,12.59408
69993,12.43692
70014,12.35951
70035,12.29383
70056,12.12259
70077,12.05926
70098,12.00296
70119,11.85283
70140,11.79184
70161,11.61357
70182,11.56196
70203,11.58777
70224,11.569
70245,11.59715
70266,11.55493
70287,11.55727
70308,11.43529
70329,11.42357
70350,11.39073
70371,11.55727
70392,11.51036
70413,11.51036
70434,11.45171
70455,11.49628
70476,11.40715
70497,11.43999
70518,11.35788
70539,11.32035
70560,11.28282
70581,11.17726
70602,11.23825
70623,11.07405
70644,10.92627
70665,10.77145
70686,10.62602
70707,10.43367
70728,10.49466
70749,10.29996
70770,10.31404
70791,10.0865
70812,10.07946
70833,10.11465
70854,9.943413
70875,9.924646
70896,9.955141
70917,10.02317
70938,9.9223
70959,9.835509
70980,9.788594
71001,9.840199
71022,9.699456
71043,9.629085
71064,9.685382
71085,9.755754
71106,9.593899
71127,9.469575
71148,9.446118
71169,9.408587
71190,9.352288
71211,9.249077
71232,9.227965
71253,9.073148
71274,9.080185
71295,9.056727
71316,9.002776
71337,8.843266
71358,8.679066
71379,8.679066
71400,8.648571
71421,8.711905
71442,8.578199
71463,8.345972
71484,8.327207
71505,8.526593
71526,8.41869
71547,8.442147
71568,8.306095
71589,8.357701
71610,8.299058
71631,8.252144
71652,8.080905
71673,8.125474
71694,8.057447
71715,8.005842
71736,7.982385
71757,8.012879
71778,7.944853
71799,8.01757
71820,7.928433
71841,7.926087
71862,7.846333
71883,7.848678
71904,7.881518
71925,7.904976
71946,7.820529
71967,7.88621
71988,8.076214
72009,7.989422
72030,7.994113
72051,7.937816
72072,7.970656
72093,7.893247
72114,7.85337
72135,7.792381
72156,7.893247
72177,7.921396
72198,7.956582
72219,7.947199
72240,7.944853
72261,8.055102
72282,7.926087
72303,7.839296
72324,7.865098
72345,7.975348
72366,7.90263
72387,7.822875
72408,7.91905
72429,7.940162
72450,7.714972
72471,7.968311
72492,7.900285
72513,8.102016
72534,8.048065
72555,8.097325
72576,8.296712
72597,8.521902
72618,8.758821
72639,8.955861
72660,9.096604
72681,8.937096
72702,9.13179
72723,9.354634
72744,9.523527
72765,9.643159
72786,9.823779
72807,9.816743
72828,9.896498
72849,10.1123
72870,10.22021
72891,10.41021
72912,10.67528
72933,10.90985
72954,10.66824
72975,10.89343
72996,11.17257
73017,10.92158
73038,11.11158
73059,11.30393
73080,11.36492
73101,11.25936
73122,11.32974
73143,11.49394
73164,11.49159
73185,11.30393
73206,11.28986
73227,11.27578
73248,11.32504
73269,11.24295
73290,11.14677
73311,11.17726
73332,11.17726
73353,11.2101
73374,11.14442
73395,11.1585
73416,11.00134
73437,10.89578
73458,10.83479
73479,10.95911
73500,10.99195
73521,10.94973
73542,10.90281
73563,10.96849
73584,10.91923
73605,10.90047
73626,11.01306
73647,10.94504
73668,10.95442
73689,10.98492
73710,11.0201
73731,11.09047
73752,11.02714
73773,11.03183
73794,11.10455
73815,11.21714
73836,11.17023
73857,11.12566
73878,11.13739
73899,11.12331
73920,11.13973
73941,11.19838
73962,11.16788
73983,11.16084
74004,11.09517
74025,11.07874
74046,11.06232
74067,10.97788
74088,10.9122
74109,10.98492
74130,10.80429
74151,10.82306
74172,10.7996
74193,10.64713
74214,10.55565
74235,10.44774
74256,10.50873
74277,10.4454
74298,10.54392
74319,10.47589
74340,10.46651
74361,10.48762
74382,10.47589
74403,10.41021
74424,10.51108
74445,10.51577
74466,10.57207
74487,10.62367
74508,10.57676
74529,10.54157
74550,10.59787
74571,10.53923
74592,10.60491
74613,10.70108
74634,10.65417
74655,10.59552
74676,10.65886
74697,10.75269
74718,10.65417
74739,10.69874
74760,10.72923
74781,10.82071
74802,10.70343
74823,10.73158
74844,10.73158
74865,10.67059
74886,10.65417
74907,10.66355
74928,10.6917
74949,10.55565
74970,10.3891
74991,10.24366
75012,10.20144
75033,10.09119
75054,9.910572
75075,9.828471
75096,9.837853
75117,9.570441
75138,9.556367
75159,9.378092
75180,9.15994
75201,9.227965
75222,9.047344
75243,8.899564
75264,8.915984
75285,8.847958
75306,8.730671
75327,8.702522
75348,8.812772
75369,8.672029
75390,8.446838
75411,8.317823
75432,8.292021
75453,8.367084
75474,8.421036
75495,8.238069
75516,8.313132
75537,8.500791
75558,8.608693
75579,8.491407
75600,8.432764
75621,8.48437
75642,8.430418
75663,8.315477
75684,8.223994
75705,8.212266
75726,8.214611
75747,8.1114
75768,7.980039
75789,7.933125
75810,7.954236
75831,7.88621
75852,7.790035
75873,7.806456
75894,7.775961
75915,7.736084
75936,7.813492
75957,7.811147
75978,7.73843
75999,7.799418
76020,7.801764
76041,7.754849
76062,7.893247
76083,7.890902
76104,7.862752
76125,7.916704
76146,7.91905
76167,8.172389
76188,8.292021
76209,8.270909
76230,8.261526
76251,8.411653
76272,8.395233
76293,8.395233
76314,8.547705
76335,8.618076
76356,8.599311
76377,8.634497
76398,8.571162
76419,8.601656
76440,8.503136
76461,8.292021
76482,8.294367
76503,8.489061
76524,8.571162
76545,8.615731
76566,8.620422
76587,8.639189
76608,8.69314
76629,8.768204
76650,8.833883
76671,8.852649
76692,8.869069
76713,9.054381
76734,9.239694
76755,9.443772
76776,9.455501
76797,9.443772
76818,9.610318
76839,9.858966
76860,9.941067
76881,10.01378
76902,10.15687
76923,10.20144
76944,10.10996
76965,10.43367
76986,10.63775
77007,10.72219
77028,10.41959
77049,10.67293
77070,10.71046
77091,10.47824
77112,10.7175
77133,10.78318
77154,10.65417
77175,10.68466
77196,10.73158
77217,10.75503
77238,10.64009
77259,10.65182
77280,10.69874
77301,10.7738
77322,10.75738
77343,10.6659
77364,10.53453
77385,10.66824
77406,10.72219
77427,10.71281
77448,10.90047
77469,10.71516
77490,10.66121
77511,10.81837
77532,10.80899
77553,10.89343
77574,10.87936
77595,11.00603
77616,11.14208
77637,11.05294
77658,11.01072
77679,11.03887
77700,11.04356
77721,11.1327
77742,11.28517
77763,11.30862
77784,11.2969
77805,11.4048
77826,11.51036
77847,11.45641
77868,11.54789
77889,11.5127
77910,11.64876
77931,11.6253
77952,11.52678
77973,11.45875
77994,11.45406
78015,11.31332
78036,11.19368
78057,11.18899
78078,11.11862
78099,10.97084
78120,10.91454
78141,10.95677
78162,10.87936
78183,10.79491
78204,10.87701
78225,10.95442
78246,10.81133
78267,10.81133
78288,10.72454
78309,10.78318
78330,10.89343
78351,10.86763
78372,10.81602
78393,10.83713
78414,10.95677
78435,10.99195
78456,11.10455
78477,11.00134
78498,10.95677
78519,10.94035
78540,10.88639
78561,10.94035
78582,10.90516
78603,10.9638
78624,10.748
78645,10.64478
78666,10.60022
78687,10.61898
78708,10.57207
78729,10.49231
78750,10.43132
78771,10.35626
78792,10.28823
78813,10.2765
78834,10.12638
78855,10.17095
78876,9.959831
78897,9.821435
78918,9.558713
78939,9.697111
78960,9.443772
78981,9.413278
79002,9.394512
79023,9.089567
79044,9.127099
79065,9.056727
79086,8.937096
79107,8.862032
79128,8.770549
79149,8.864378
79170,8.775241
79191,8.697831
79212,8.669683
79233,8.664991
79254,8.716597
79275,8.688448
79296,8.639189
79317,8.585237
79338,8.653263
79359,8.519556
79380,8.472641
79401,8.53363
79422,8.470296
79443,8.432764
79464,8.465604
79485,8.524248
79506,8.489061
79527,8.430418
79548,8.322515
79569,8.322515
79590,8.383504
79611,8.296712
79632,8.170043
79653,8.181771
79674,8.198192
79695,8.008188
79716,8.024608
79737,7.963619
79758,7.965965
79779,7.883864
79800,7.881518
79821,7.862752
79842,7.883864
79863,7.794726
79884,7.731392
79905,7.888556
79926,7.846333
79947,7.773615
79968,7.66102
79989,7.686823
80010,7.851024
80031,7.85337
80052,7.717318
80073,7.768924
80094,7.832259
80115,8.083251
80136,7.879173
80157,7.921396
80178,7.893247
80199,8.052756
80220,8.132511
80241,8.120783
80262,8.113746
80283,8.207574
80304,8.261526
80325,8.139548
80346,8.266218
80367,8.245107
80388,7.930779
80409,8.198192
80430,8.374122
80451,8.550051
80472,8.432764
80493,8.439801
80514,8.744746
80535,8.927712
80556,9.084876
80577,9.120062
80598,9.047344
80619,9.094258
80640,9.396858
80661,9.530564
80682,9.556367
80703,9.779211
80724,9.821435
80745,9.971561
80766,9.894152
80787,10.02786
80808,10.2812
80829,10.22255
80850,10.26478
80871,10.58145
80892,10.77145
80913,10.53688
80934,10.40317
80955,10.6354
80976,10.77614
80997,10.6096
81018,10.59083
81039,10.67059
81060,10.55096
81081,10.45947
81102,10.48058
81123,10.44071
81144,10.33046
81165,10.32342
81186,10.33515
81207,10.47355
81228,10.37972
81249,10.52046
81270,10.53923
81291,10.48997
81312,10.55565
81333,10.55096
81354,10.72454
81375,10.6659
81396,10.5838
81417,10.50873
81438,10.56738
81459,10.5791
81480,10.70577
81501,10.76911
81522,10.80195
81543,10.94269
81564,11.03183
81585,11.05294
81606,11.20776
81627,11.1585
81648,11.30862
81669,11.36961
81690,11.5127
81711,11.56431
81732,11.6511
81753,11.759
81774,11.76604
81795,11.92086
81816,11.97012
81837,12.06395
81858,12.14605
81879,12.1179
81900,12.0616
81921,11.96543
81942,11.73555
81963,11.62764
81984,11.26875
82005,11.01541
82026,10.8301
82047,10.7175
82068,10.62133
82089,10.34453
82110,10.18033
82131,10.18268
82152,10.1123
82173,10.07712
82194,9.896498
82215,9.889461
82236,9.868348
82257,9.910572
82278,9.995018
82299,10.07243
82320,10.02082
82341,10.12872
82362,10.26478
82383,10.18502
82404,10.15922
82425,10.19675
82446,10.04897
82467,10.18268
82488,10.1991
82509,10.14749
82530,10.07946
82551,10.09823
82572,9.971561
82593,9.992672
82614,9.882422
82635,9.866002
82656,9.814397
82677,9.713531
82698,9.617355
82719,9.633776
82740,9.476612
82761,9.387475
82782,9.507107
82803,9.544639
82824,9.699456
82845,9.352288
82866,9.378092
82887,9.455501
82908,9.281918
82929,9.138828
82950,9.199817
82971,9.303029
82992,9.105988
83013,9.136482
83034,8.979319
83055,8.801044
83076,8.754128
83097,8.815118
83118,8.801044
83139,8.6603
83160,8.510174
83181,8.599311
83202,8.667336
83223,8.474987
83244,8.453876
83265,8.442147
83286,8.310786
83307,8.238069
83328,8.20992
83349,8.299058
83370,8.14424
83391,8.353009
83412,8.024608
83433,8.263872
83454,8.596965
83475,8.416345
83496,8.458567
83517,8.653263
83538,8.695485
83559,8.472641
83580,8.259181
83601,8.263872
83622,8.249798
83643,8.245107
83664,8.097325
83685,7.933125
83706,7.933125
83727,7.947199
83748,7.998805
83769,7.841641
83790,7.895593
83811,7.773615
83832,7.916704
83853,7.937816
83874,7.888556
83895,7.989422
83916,7.883864
83937,7.893247
83958,7.757195
83979,7.632872
84000,7.858061
84021,7.80411
84042,7.977693
84063,8.012879
84084,7.989422
84105,7.998805
84126,8.069177
84147,8.076214
84168,8.097325
84189,8.14424
84210,8.01757
84231,8.031645
84252,7.996459
84273,8.087942
84294,7.780652
84315,7.729046
84336,7.571883
84357,7.569537
84378,7.618797
84399,7.388916
84420,7.602377
84441,7.719663
84462,7.750158
84483,8.041028
84504,8.17708
84525,8.113746
84546,8.141894
84567,8.252144
84588,8.491407
84609,8.716597
84630,8.772895
84651,8.557088
84672,8.789314
84693,8.944133
84714,9.105988
84735,9.124753
84756,9.392166
84777,9.812052
84798,10.02082
84819,10.17329
84840,10.45244
84861,10.74096
84882,10.91923
84903,11.23591
84924,11.38838
84945,11.33208
84966,11.43764
84987,11.63703
85008,11.50566
85029,11.37665
85050,11.49159
85071,11.31097
85092,11.16084
85113,11.27813
85134,11.41418
85155,11.31566
85176,11.20776
85197,11.16788
85218,11.1022
85239,11.0764
85260,10.90281
85281,10.79256
85302,10.75738
85323,10.71281
85344,10.55799
85365,10.55565
85386,10.48058
85407,10.44774
85428,10.33749
85449,10.31873
85470,10.3328
85491,10.44305
85512,10.43836
85533,10.45478
85554,10.43132
85575,10.50169
85596,10.57441
85617,10.70343
85638,10.68466
85659,10.72688
85680,10.75034
85701,10.89109
85722,10.95442
85743,11.06232
85764,11.03417
85785,11.03887
85806,11.0506
85827,11.18196
85848,11.20541
85869,11.2922
85890,11.20776
85911,11.09047
85932,10.92393
85953,10.94504
85974,10.81602
85995,10.75034
86016,10.72454
86037,10.86763
86058,10.89109
86079,10.93331
86100,10.748
86121,10.89343
86142,10.87467
86163,10.86997
86184,10.78553
86205,10.83479
86226,10.86528
86247,10.93096
86268,10.94504
86289,10.98726
86310,10.79491
86331,10.78084
86352,10.748
86373,10.8301
86394,10.65417
86415,10.75269
86436,10.6096
86457,10.53923
86478,10.59787
86499,10.54392
86520,10.59787
86541,10.46182
86562,10.45244
86583,10.33046
86604,10.37972
86625,10.5275
86646,10.46885
86667,10.38441
86688,10.4149
86709,10.40083
86730,10.35157
86751,10.44071
86772,10.42429
86793,10.3328
86814,10.39614
86835,10.35861
86856,10.24132
86877,10.19206
86898,10.33984
86919,10.24601
86940,10.24601
86961,10.14514
86982,10.18737
87003,10.10058
87024,10.00675
87045,9.957487
87066,10.01613
87087,10.1123
87108,10.04428
87129,9.931683
87150,9.962177
87171,9.753407
87192,9.523527
87213,9.495378
87234,9.432044
87255,9.349943
87276,9.305374
87297,9.25846
87318,9.01685
87339,8.735363
87360,8.543014
87381,8.460913
87402,8.409307
87423,8.367084
87444,8.256835
87465,8.273255
87486,8.322515
87507,8.310786
87528,8.277946
87549,8.252144
87570,8.284984
87591,8.17708
87612,8.240415
87633,8.181771
87654,8.268563
87675,8.313132
87696,8.188808
87717,8.381159
87738,8.277946
87759,8.331898
87780,8.191154
87801,8.2756
87822,8.294367
87843,8.444492
87864,8.423381
87885,8.463259
87906,8.432764
87927,8.524248
87948,8.564125
87969,8.618076
87990,8.596965
88011,8.655608
88032,8.674374
88053,8.646226
88074,8.754128
88095,8.777586
88116,8.747091
88137,8.794006
88158,8.777586
88179,8.883143
88200,8.965244
88221,8.871415
88242,8.84092
88263,8.803389
88284,8.829192
88305,8.796351
88326,8.754128
88347,8.646226
88368,8.622768
88389,8.704868
88410,8.615731
88431,8.547705
88452,8.568816
88473,8.578199
88494,8.646226
88515,8.688448
88536,8.526593
88557,8.72598
88578,8.519556
88599,8.599311
88620,8.810426
88641,8.843266
88662,8.744746
88683,8.782278
88704,8.913638
88725,9.047344
88746,9.042653
88767,9.054381
88788,9.352288
88809,9.561059
88830,9.558713
88851,9.457847
88872,9.53291
88893,9.877731
88914,9.964523
88935,9.943413
88956,9.978598
88977,10.13107
88998,10.16156
89019,10.03255
89040,10.12169
89061,10.32811
89082,10.29996
89103,10.03255
89124,10.1123
89145,10.35391
89166,10.28354
89187,10.18971
89208,10.18737
89229,10.33749
89250,10.36095
89271,10.0607
89292,10.29292
89313,10.30465
89334,10.19206
89355,10.07008
89376,10.03255
89397,10.15218
89418,10.29527
89439,10.20144
89460,10.13342
89481,9.98798
89502,10.07243
89523,10.33749
89544,10.33515
89565,10.16391
89586,10.13811
89607,10.25774
89628,10.41959
89649,10.40787
89670,10.12872
89691,10.07243
89712,10.39614
89733,10.43367
89754,10.37737
89775,10.28823
89796,10.24366
89817,10.36095
89838,10.3891
89859,10.38441
89880,10.23428
89901,10.32342
89922,10.39145
89943,10.3633
89964,10.32342
89985,10.31404
90006,10.30465
90027,10.32576
90048,10.32342
90069,10.32576
90090,10.46651
90111,10.37972
90132,10.53453
90153,10.64009
90174,10.59083
90195,10.66121
90216,10.68466
90237,10.70108
90258,10.87232
90279,10.86997
90300,11.09517
90321,10.94269
90342,10.96146
90363,11.03887
90384,11.05998
90405,11.16319
90426,11.18196
90447,11.20072
90468,11.24295
90489,11.25702
90510,11.27578
90531,11.2664
90552,11.28986
90573,11.34146
90594,11.35319
90615,11.40715
90636,11.2922
90657,11.25467
90678,11.21714
90699,11.04121
90720,11.11158
90741,11.02479
90762,10.96615
90783,10.94973
90804,10.85355
90825,10.81368
90846,10.71281
90867,10.70108
90888,10.74565
90909,10.67528
90930,10.63306
90951,10.65886
90972,10.61664
90993,10.51342
91014,10.60256
91035,10.68232
91056,10.58614
91077,10.62836
91098,10.63071
91119,10.64244
91140,10.66824
91161,10.51342
91182,10.44774
91203,10.48997
91224,10.49466
91245,10.45947
91266,10.33749
91287,10.34688
91308,10.3328
91329,10.33984
91350,10.32342
91371,10.3891
91392,10.31873
91413,10.26947
91434,10.33046
91455,10.30231
91476,10.33984
91497,10.40787
91518,10.43132
91539,10.42194
91560,10.31638
91581,10.23194
91602,10.18971
91623,10.10292
91644,10.13107
91665,9.943413
91686,9.880077
91707,9.847238
91728,9.690074
91749,9.539948
91770,9.448463
91791,9.483649
91812,9.460192
91833,9.425007
91854,9.349943
91875,9.253768
91896,9.312411
91917,9.105988
91938,8.95117
91959,8.704868
91980,8.8245
92001,8.777586
92022,8.596965
92043,8.430418
92064,8.376467
92085,8.350664
92106,8.409307
92127,8.268563
92148,8.231031
92169,8.099671
92190,7.975348
92211,8.06214
92232,8.080905
92253,8.057447
92274,8.073868
92295,8.134857
92316,8.259181
92337,8.231031
92358,8.181771
92379,8.205229
92400,8.364738
92421,8.397578
92442,8.390541
92463,8.345972
92484,8.30844
92505,8.294367
92526,8.413999
92547,8.425727
92568,8.453876
92589,8.409307
92610,8.463259
92631,8.528939
92652,8.594619
92673,8.559433
92694,8.510174
92715,8.526593
92736,8.561779
92757,8.646226
92778,8.690794
92799,8.669683
92820,8.747091
