8830,10.59083
8851,10.57207
8872,10.77614
8893,11.07874
8914,10.72219
8935,10.83479
8956,10.81133
8977,10.84417
8998,10.79256
9019,10.84417
9040,10.81368
9061,10.78318
9082,10.62367
9103,10.60256
9124,10.57441
9145,10.46651
9166,10.497
9187,10.5275
9208,10.59787
9229,10.57441
9250,10.55799
9271,10.56503
9292,10.73392
9313,10.80664
9334,10.94269
9355,10.89812
9376,10.92862
9397,10.71516
9418,10.72688
9439,10.71281
9460,10.6659
9481,10.67528
9502,10.6659
9523,10.65651
9544,10.53219
9565,10.3633
9586,10.26008
9607,10.03255
9628,10.0865
9649,9.997364
9670,9.969215
9691,9.959831
9712,9.948103
9733,10.10996
9754,9.882422
9775,9.797977
9796,9.908226
9817,9.936375
9838,9.772174
9859,9.835509
9880,9.978598
9901,10.04193
9922,9.943413
9943,10.01144
9964,10.18737
9985,10.3633
10006,10.11465
10027,10.10527
10048,10.12169
10069,10.20379
10090,9.828471
10111,9.734642
10132,9.919954
10153,9.976252
10174,9.952795
10195,9.882422
10216,9.786248
10237,9.880077
10258,9.837853
10279,9.753407
10300,9.783903
10321,9.837853
10342,9.685382
10363,9.563404
10384,9.617355
10405,9.643159
10426,9.448463
10447,9.539948
10468,9.58217
10489,9.502416
10510,9.457847
10531,9.554022
10552,9.59859
10573,9.507107
10594,9.434389
10615,9.432044
10636,9.591553
10657,9.425007
10678,9.176359
10699,9.272534
10720,9.178705
10741,9.277225
10762,9.105988
10783,9.136482
10804,9.150557
10825,8.878452
10846,8.991047
10867,9.129445
10888,9.117716
10909,8.995738
10930,8.918329
10951,8.906601
10972,8.852649
10993,8.636843
11014,8.695485
11035,8.702522
11056,8.650917
11077,8.655608
11098,8.721289
11119,8.608693
11140,8.568816
11161,8.754128
11182,8.822155
11203,8.810426
11224,8.915984
11245,8.932404
11266,9.023888
11287,9.026234
11308,9.218582
11329,9.199817
11350,9.223273
11371,9.300683
11392,9.246731
11413,9.216236
11434,9.199817
11455,9.267843
11476,9.317103
11497,9.352288
11518,9.359325
11539,9.364017
11560,9.319448
11581,9.335869
11602,9.375746
11623,9.38982
11644,9.432044
11665,9.408587
11686,9.368709
11707,9.521181
11728,9.51649
11749,9.511798
11770,9.48834
11791,9.441426
11812,9.439081
11833,9.467229
11854,9.464884
11875,9.457847
11896,9.40624
11917,9.371055
11938,9.399203
11959,9.380438
11980,9.425007
12001,9.364017
12022,9.394512
12043,9.338214
12064,9.246731
12085,9.15994
12106,9.237348
12127,9.157594
12148,9.162285
12169,9.122408
12190,8.960552
12211,9.021542
12232,8.93475
12253,8.906601
12274,8.777586
12295,8.775241
12316,8.683757
12337,8.557088
12358,8.493753
12379,8.568816
12400,8.472641
12421,8.444492
12442,8.355355
12463,8.348318
12484,8.38585
12505,8.392887
12526,8.40227
12547,8.350664
12568,8.477333
12589,8.381159
12610,8.585237
12631,8.794006
12652,8.815118
12673,8.829192
12694,8.859686
12715,8.908947
12736,9.09895
12757,9.023888
12778,9.08253
12799,9.246731
12820,9.34056
12841,9.380438
12862,9.450809
12883,9.511798
12904,9.495378
12925,9.59859
12946,9.85662
12967,9.889461
12988,9.875386
13009,9.797977
13030,9.866002
13051,9.908226
13072,9.847238
13093,9.652542
13114,9.607973
13135,9.751062
13156,9.704147
13177,9.481303
13198,9.485995
13219,9.652542
13240,9.626739
13261,9.41797
13282,9.570441
13303,9.77452
13324,9.821435
13345,9.704147
13366,9.769828
13387,9.868348
13408,9.98329
13429,9.969215
13450,9.779211
13471,9.910572
13492,10.06539
13513,10.25305
13534,10.27885
13555,10.31873
13576,10.51811
13597,10.53453
13618,10.47589
13639,10.62367
13660,10.70108
13681,10.68935
13702,10.5791
13723,10.80899
13744,10.86528
13765,10.98257
13786,10.97553
13807,10.85121
13828,10.90516
13849,10.91923
13870,10.89343
13891,10.91923
13912,10.81368
13933,10.72923
13954,10.77614
13975,10.6917
13996,10.66121
14017,10.58145
14038,10.5838
14059,10.62133
14080,10.55096
14101,10.50169
14122,10.61664
14143,10.6917
14164,10.61664
14185,10.65886
14206,10.62133
14228,10.81837
14249,10.82306
14270,11.07874
14291,11.09985
14312,11.07405
14333,11.24529
14354,11.38603
14375,11.24763
14396,11.06936
14417,11.04825
14438,10.9638
14459,10.88874
14480,10.83479
14501,10.78787
14522,10.78084
14543,10.62367
14564,10.68701
14585,10.72454
14606,10.74331
14627,10.78318
14648,10.93331
14669,10.98492
14690,11.0764
14711,11.11627
14732,11.19603
14753,11.2101
14774,11.21245
14795,11.22418
14816,11.33912
14837,11.3227
14858,11.34381
14879,11.31801
14900,11.33677
14921,11.33443
14942,11.20776
14963,10.98257
14984,10.87936
15005,10.78787
15026,10.68466
15047,10.57676
15068,10.4454
15089,10.26712
15110,10.17798
15131,9.997364
15152,9.945757
15173,9.894152
15194,9.861312
15215,9.952795
15236,9.948103
15257,9.823779
15278,9.7581
15299,9.985635
15320,10.00675
15341,10.10761
15362,10.0302
15383,10.14749
15404,10.03489
15425,10.24132
15446,10.10996
15467,9.950449
15488,9.973906
15509,9.973906
15530,10.03489
15551,10.00675
15572,9.800323
15593,9.80736
15614,9.685382
15635,9.692419
15656,9.729951
15677,9.478958
15698,9.514144
15719,9.56575
15740,9.481303
15761,9.310066
15782,9.324141
15803,9.319448
15824,9.331178
15845,9.223273
15866,9.220928
15887,9.25846
15908,9.288955
15929,9.354634
15950,9.246731
15971,9.213891
15992,9.178705
16013,9.237348
16034,9.284263
16055,9.366363
16076,9.373401
16097,9.425007
16118,9.380438
16139,9.401549
16160,9.413278
16181,9.34056
16202,9.326486
16223,9.232656
16244,9.270188
16265,9.281918
16286,9.235003
16307,9.166977
16328,9.115371
16349,9.124753
16370,9.035616
16391,8.95117
16412,9.030925
16433,9.150557
16454,9.23031
16475,9.087222
16496,8.937096
16517,9.084876
16538,9.174014
16559,9.15994
16580,9.171668
16601,9.148211
16622,9.13179
16643,9.220928
16664,9.15994
16685,9.260805
16706,9.321795
16727,9.385129
16748,9.385129
16769,9.246731
16790,9.27488
16811,9.227965
16832,9.15994
16853,9.181051
16874,9.223273
16895,9.185742
16916,9.232656
16937,9.007467
16958,8.988701
16979,9.113025
17000,9.070802
17021,9.122408
17042,9.080185
17063,9.2092
17084,9.174014
17105,9.110679
17126,9.176359
17147,9.199817
17168,9.08253
17189,9.141173
17210,9.145865
17231,9.096604
17252,9.277225
17273,9.385129
17294,9.314757
17315,9.331178
17336,9.298337
17357,9.345251
17378,9.286609
17399,9.237348
17420,9.244386
17441,9.155248
17462,9.103642
17483,8.937096
17504,9.08253
17525,8.979319
17546,8.965244
17567,8.906601
17588,8.899564
17609,8.84092
17630,8.747091
17651,8.786969
17672,8.819809
17693,8.843266
17714,8.838574
17735,8.883143
17756,8.923021
17777,8.857341
17798,9.03327
17819,8.969935
17840,8.887836
17861,9.019196
17882,8.962898
17903,8.890181
17924,8.976973
17945,8.962898
17966,9.002776
17987,8.897219
18008,8.883143
18029,8.93475
18050,8.927712
18071,8.768204
18092,8.864378
18113,8.90191
18134,8.890181
18155,8.688448
18176,8.883143
18197,8.817463
18218,8.871415
18239,8.843266
18260,9.005121
18281,8.944133
18302,8.981664
18323,9.206854
18344,9.185742
18365,9.387475
18386,9.394512
18407,9.319448
18428,9.413278
18449,9.469575
18470,9.542293
18491,9.523527
18512,9.467229
18533,9.605627
18554,9.80736
18575,9.840199
18596,9.765137
18617,9.661925
18638,9.718222
18659,9.863657
18680,9.833163
18701,9.678345
18722,9.9223
18743,9.926992
18764,9.741679
18785,9.715877
18806,9.840199
18827,9.929338
18848,9.795631
18869,9.812052
18890,9.941067
18911,9.945757
18932,9.866002
18953,9.854274
18974,9.858966
18995,9.901189
19016,10.01378
19037,10.0865
19058,10.23194
19079,10.29292
19100,10.2249
19121,10.28589
19142,10.16156
19163,10.31169
19184,10.39614
19205,10.50169
19226,10.43367
19247,10.64713
19268,10.43367
19289,10.50873
19310,10.71985
19331,10.54861
19352,10.4454
19373,10.44071
19394,10.46885
19415,10.48997
19436,10.49231
19457,10.57441
19478,10.53923
19499,10.43367
19520,10.51108
19541,10.43132
19562,10.53453
19584,10.54626
19606,10.45713
19627,10.52515
19648,10.48528
19669,10.3891
19690,10.31169
19711,10.31169
19732,10.38206
19753,10.56972
19774,10.30935
19795,10.50404
19816,10.26478
19837,10.29058
19858,10.31404
19879,10.34453
19900,10.28823
19921,10.23428
19942,10.2249
19963,10.34219
19984,10.21317
20005,10.2765
20026,10.18033
20047,10.15218
20068,10.18737
20089,10.19441
20110,10.10996
20131,10.15218
20152,10.13811
20173,10.0865
20194,10.08416
20215,10.12872
20236,10.16156
20257,10.1686
20278,10.1686
20299,10.22725
20320,10.10761
20341,10.05366
20362,10.15922
20383,10.2249
20404,10.2765
20425,10.36095
20446,10.31638
20467,10.3633
20488,10.34688
20509,10.38206
20530,10.38441
20551,10.32342
20572,10.35626
20593,10.43367
20614,10.37737
20635,10.34453
20656,10.29762
20677,10.30935
20698,10.27416
20719,10.30465
20740,10.27181
20761,10.27416
20782,10.32576
20803,10.4149
20824,10.46885
20845,10.48997
20866,10.45009
20887,10.4149
20908,10.44305
20929,10.51577
20950,10.53219
20971,10.47589
20992,10.48997
21013,10.56972
21034,10.58614
21055,10.5838
21076,10.50639
21097,10.56034
21118,10.52281
21139,10.56034
21160,10.50873
21181,10.56034
21202,10.48762
21223,10.4149
21244,10.34688
21265,10.33515
21286,10.23194
21307,10.28823
21328,10.17329
21349,10.15922
21370,9.971561
21391,10.06305
21412,10.10527
21433,10.09588
21454,10.1123
21475,10.06773
21496,10.15922
21517,10.07477
21538,10.03255
21559,10.10761
21580,10.09588
21601,10.03959
21622,10.06539
21643,10.04662
21664,10.04193
21685,9.997364
21706,10.04428
21727,9.978598
21748,10.01613
21769,10.00206
21790,9.915263
21811,10.07946
21832,10.04193
21853,10.05366
21874,9.861312
21895,9.973906
21916,10.04428
21937,9.997364
21958,10.01848
21979,9.908226
22000,9.957487
22021,9.966869
22042,9.992672
22063,10.00909
22084,9.866002
22105,9.978598
22126,10.07243
22147,10.04662
22168,9.9223
22189,10.05601
22210,10.02082
22231,10.10292
22252,10.16156
22273,10.10292
22294,10.29058
22315,10.22021
22336,10.12638
22357,10.12638
22378,10.1686
22399,10.29058
22420,10.1123
22441,10.1123
22462,10.01613
22483,10.23897
22504,10.20379
22525,9.938721
22546,10.00206
22567,10.1123
22588,9.966869
22609,9.847238
22630,9.722914
22651,9.875386
22672,9.830817
22693,9.59859
22714,9.429698
22735,9.476612
22756,9.563404
22777,9.525873
22798,9.403895
22819,9.354634
22840,9.568096
22861,9.528218
22882,9.401549
22903,9.227965
22924,9.34056
22945,9.535255
22966,9.525873
22987,9.338214
23008,9.382783
23029,9.368709
23050,9.436735
23071,9.317103
23092,9.155248
23113,9.312411
23134,9.410933
23155,9.359325
23176,9.225619
23197,9.13179
23218,9.213891
23239,9.176359
23260,9.197471
23281,9.246731
23302,9.171668
23323,9.27488
23344,9.176359
23365,9.213891
23386,9.176359
23407,9.218582
23428,9.23031
23449,9.197471
23470,9.312411
23491,9.216236
23512,9.293646
23533,9.27488
23554,9.284263
23575,9.185742
23596,9.284263
23617,9.195126
23638,9.225619
23659,9.260805
23680,9.23031
23701,9.213891
23722,9.136482
23743,9.333523
23764,9.256114
23785,9.253768
23806,9.113025
23827,9.202163
23848,9.171668
23869,9.120062
23890,9.138828
23911,9.13179
23932,9.096604
23953,9.012158
23974,9.122408
23995,9.066111
24016,9.105988
24037,9.04969
24058,9.059073
24079,9.070802
24100,9.014504
24121,9.059073
24142,9.047344
24163,9.089567
24184,8.993393
24205,9.012158
24226,8.981664
24247,9.03327
24268,8.967589
24289,9.077839
24310,9.113025
24331,9.042653
24352,8.930058
24373,8.948824
24394,8.979319
24415,8.930058
24436,9.026234
24457,8.960552
24478,8.98401
24499,8.887836
24520,8.920675
24541,8.906601
24562,8.962898
24583,8.915984
24604,8.93475
24625,9.030925
24646,9.014504
24667,8.845612
24688,8.974627
24709,8.944133
24730,8.944133
24751,8.836229
24772,8.948824
24793,8.981664
24814,9.066111
24835,8.822155
24856,8.885489
24877,9.030925
24898,9.164631
24919,9.056727
24940,9.145865
24961,9.239694
24982,9.188088
25003,9.197471
25024,9.115371
25045,9.312411
25066,9.50007
25087,9.509453
25108,9.495378
25129,9.633776
25150,9.636122
25171,9.633776
25192,9.591553
25213,9.626739
25234,9.563404
25255,9.687728
25276,9.952795
25297,9.840199
25318,9.919954
25339,10.01848
25360,10.03959
25381,9.973906
25402,10.04662
25423,10.10527
25444,10.16391
25465,10.05366
25486,10.18971
25507,10.17564
25528,10.13342
25549,10.14045
25570,10.0865
25591,10.1428
25612,10.27416
25633,10.09588
25654,10.01378
25675,9.957487
25696,9.854274
25717,9.969215
25738,9.964523
25759,9.978598
25780,9.964523
25801,9.882422
25822,9.908226
25843,9.896498
25864,9.969215
25885,9.957487
25906,10.04428
25927,10.09354
25948,10.01144
25969,10.12872
25990,10.17095
26011,10.08416
26032,10.2507
26053,10.20848
26074,10.2765
26095,10.20848
26116,10.25774
26137,10.23897
26158,10.17095
26179,10.39848
26200,10.46416
26221,10.57676
26242,10.43601
26263,10.32576
26284,10.26478
26305,10.34922
26326,10.29762
26347,10.31873
26368,10.25774
26389,10.24601
26410,10.22959
26431,9.945757
26452,10.58614
26473,10.47355
26494,10.1428
26515,10.29996
26536,10.34922
26557,10.2765
26578,10.33749
26599,10.43601
26620,10.37268
26641,10.44305
26662,10.52281
26683,10.56738
26704,10.48293
26725,10.60491
26746,10.69874
26767,10.73392
26788,10.60491
26809,10.42429
26830,10.98492
26851,10.53219
26872,10.70343
26893,10.65886
26914,10.8559
26935,10.59552
26956,10.75034
26977,10.56034
26998,10.61429
27019,10.66355
27040,10.59552
27061,10.59318
27082,10.69874
27103,10.66824
27124,10.64244
27145,10.63775
27166,10.65651
27187,10.6659
27208,10.67059
27229,10.62133
27250,10.63775
27271,10.72219
27292,10.76207
27313,10.71046
27334,10.78787
27355,10.73861
27376,10.73627
27397,10.67997
27418,10.66121
27439,10.72923
27460,10.82306
27481,10.78553
27502,10.71281
27523,10.7175
27544,10.54626
27565,10.62133
27586,10.62367
27607,10.5275
27628,10.50873
27649,10.46182
27670,10.4454
27691,10.54626
27712,10.45713
27733,10.51108
27754,10.41959
27775,10.44071
27796,10.52046
27817,10.65417
27838,10.56268
27859,10.67762
27880,10.76207
27901,10.69404
27922,10.70577
27943,10.73861
27964,10.74331
27985,10.80195
28006,10.85355
28027,10.84417
28048,10.76676
28069,10.748
28090,10.74096
28111,10.83479
28132,10.82541
28153,10.75972
28174,10.70343
28195,10.60725
28216,10.62602
28237,10.59552
28258,10.50404
28279,10.2812
28300,10.35391
28321,10.30935
28342,10.25305
28363,10.07243
28384,10.08416
28405,9.962177
28426,9.896498
28447,9.755754
28468,9.896498
28489,9.943413
28510,9.788594
28531,9.605627
28552,9.643159
28573,9.753407
28594,9.652542
28615,9.713531
28636,9.652542
28657,9.572787
28678,9.403895
28699,9.455501
28720,9.483649
28741,9.2092
28762,9.141173
28783,9.164631
28804,9.101295
28825,9.077839
28846,8.955861
28867,8.927712
28888,9.005121
28909,8.908947
28930,8.873761
28951,8.887836
28972,8.864378
28993,8.998084
29014,8.955861
29035,9.019196
29056,8.979319
29077,9.00043
29098,8.98401
29119,9.188088
29140,9.178705
29161,9.122408
29182,9.035616
29203,9.047344
29224,9.019196
29245,9.066111
29266,8.972281
29287,8.95117
29308,8.897219
29329,8.878452
29350,8.843266
29371,8.8245
29392,8.707214
29413,8.67672
29434,8.686103
29455,8.683757
29476,8.768204
29497,8.639189
29518,8.641534
29539,8.634497
29560,8.749437
29581,8.683757
29602,8.587582
29623,8.700177
29644,8.718943
29665,8.737708
29686,8.908947
29707,8.918329
29728,9.108333
29749,8.967589
29770,8.976973
29791,8.923021
29812,8.944133
29833,8.894873
29854,8.801044
29875,8.721289
29896,8.662645
29917,8.679066
29938,8.838574
29959,8.794006
29980,8.669683
30001,8.664991
30022,8.580544
30043,8.56647
30064,8.611039
30085,8.528939
30106,8.491407
30127,8.653263
30148,8.697831
30169,8.737708
30190,8.765858
30211,8.810426
30232,8.747091
30253,8.763512
30274,8.751783
30295,8.829192
30316,8.90191
30339,9.044999
30362,9.030925
30383,9.077839
30404,9.061419
30425,8.965244
30446,8.854995
30467,9.101295
30488,8.880798
30509,8.784623
30530,8.817463
30551,8.873761
30572,8.850304
30593,8.923021
30614,8.850304
30635,8.869069
30656,8.960552
30677,8.98401
30698,9.115371
30719,9.087222
30740,9.232656
30761,9.211545
30782,9.094258
30803,9.087222
30824,9.176359
30845,9.059073
30866,9.169322
30887,9.145865
30908,9.239694
30929,9.091913
30950,9.164631
30971,9.539948
30992,9.570441
31013,9.568096
31034,9.476612
31055,9.706493
31076,9.929338
31097,9.849584
31118,9.718222
31139,9.85662
31160,9.85662
31182,9.624393
31203,9.626739
31224,9.685382
31245,9.765137
31266,9.629085
31287,9.56575
31308,9.631431
31329,9.830817
31350,9.891806
31371,9.77452
31392,9.814397
31413,9.931683
31434,10.03959
31455,10.21317
31476,10.31169
31497,10.3328
31518,10.41021
31539,10.47824
31560,10.56034
31581,10.5533
31602,10.57441
31623,10.54392
31644,10.44071
31665,10.45478
31686,10.45009
31707,10.51342
31728,10.49466
31749,10.36799
31770,10.51577
31791,10.39145
31812,10.28823
31833,10.22021
31854,10.26243
31875,10.29292
31896,10.34453
31917,10.36564
31938,10.23663
31959,10.20848
31980,10.1686
32001,10.14749
32022,10.23428
32043,10.34453
32064,10.49231
32085,10.75972
32106,10.79726
32127,10.77145
32148,10.7738
32169,10.84886
32190,10.88639
32211,10.7175
32232,10.73861
32253,10.62367
32274,10.68701
32295,10.52515
32316,10.59083
32337,10.53923
32358,10.54157
32379,10.47355
32400,10.53453
32421,10.52984
32442,10.5533
32463,10.60256
32484,10.72923
32505,10.64947
32526,10.64713
32547,10.71046
32568,10.67528
32589,10.71516
32610,10.79022
32631,10.8559
32652,10.75503
32673,10.8817
32694,10.90751
32715,10.92158
32736,10.95677
32757,10.98492
32778,10.96615
32799,10.8559
32820,10.90047
32841,10.72688
32862,10.64947
32883,10.6096
32904,10.51342
32925,10.51108
32946,10.28823
32967,10.20379
32988,10.18033
33009,10.10527
33030,10.01378
33051,10.06539
33072,10.1428
33093,10.01848
33114,10.14045
33135,10.17095
33156,10.1991
33177,10.21083
33198,10.17095
33219,10.27885
33240,10.2765
33261,10.23897
33282,10.33984
33303,10.34453
33324,10.35391
33345,10.37972
33366,10.31873
33387,10.19441
33408,10.20848
33429,10.20848
33450,10.17564
33471,10.18033
33492,10.27885
33513,10.37033
33534,10.2765
33555,10.09354
33576,10.04428
33597,10.2249
33618,10.1123
33639,9.943413
33660,10.00909
33681,10.05132
33702,9.971561
33723,10.00909
33744,9.917608
33765,9.870694
33786,9.793285
33807,9.837853
33828,9.844892
33849,9.748716
33870,9.809706
33891,9.765137
33912,9.85662
33933,9.938721
33954,9.837853
33975,9.877731
33996,10.09119
34017,10.19441
34038,10.07712
34059,10.08181
34080,10.1428
34101,10.1686
34122,10.1991
34143,10.07946
34164,10.09588
34185,10.05835
34206,10.10996
34227,10.00909
34248,9.98798
34269,9.999709
34290,9.931683
34311,9.894152
34332,9.830817
34353,9.687728
34374,9.870694
34395,9.7581
34416,9.626739
34437,9.657233
34458,9.640813
34479,9.54933
34500,9.441426
34521,9.30772
34542,9.403895
34563,9.24204
34584,9.171668
34605,9.021542
34626,8.887836
34647,8.857341
34668,8.700177
34689,8.688448
34710,8.585237
34731,8.632151
34752,8.557088
34773,8.56647
34794,8.702522
34815,8.679066
34836,8.777586
34857,8.786969
34878,8.894873
34899,8.801044
34920,8.817463
34941,8.763512
34962,8.925366
34983,8.981664
35004,9.037962
35025,9.026234
35046,8.937096
35067,9.014504
35088,8.972281
35109,9.009813
35130,9.061419
35151,8.995738
35172,9.009813
35193,9.037962
35214,8.927712
35235,9.005121
35256,9.073148
35277,9.012158
35298,8.948824
35319,8.988701
35340,8.993393
35361,9.012158
35382,8.892527
35403,8.880798
35424,8.965244
35445,8.915984
35466,8.960552
35487,8.976973
35508,9.162285
35529,9.105988
35550,9.066111
35571,9.066111
35592,8.955861
35613,8.866723
35634,8.965244
35655,8.915984
35676,9.035616
35697,9.052036
35718,8.883143
35739,9.073148
35760,9.03327
35781,8.918329
35802,8.897219
35823,8.923021
35844,8.763512
35865,8.847958
35886,8.98401
35907,8.925366
35928,8.784623
35949,8.817463
35970,8.84092
35991,8.711905
36012,8.636843
36033,8.716597
36054,8.765858
36075,8.796351
36096,8.878452
36117,8.913638
36138,8.770549
36159,8.90191
36180,8.937096
36201,8.913638
36222,8.723634
36243,8.808081
36264,9.134136
36285,9.178705
36306,9.047344
36327,9.176359
36348,9.394512
36369,9.220928
36390,9.061419
36411,9.021542
36432,9.525873
36453,9.528218
36474,9.403895
36495,9.324141
36516,9.546985
36537,9.544639
36558,9.558713
36579,9.739333
36600,9.713531
36621,9.898843
36642,9.875386
36663,9.797977
36684,9.931683
36705,9.9223
36726,9.866002
36747,10.05366
36768,9.959831
36789,9.802669
36810,9.882422
36831,9.90588
36852,10.04428
36873,10.07008
36894,10.03724
36915,10.18033
36936,10.13576
36957,10.0607
36978,10.01378
36999,9.952795
37020,9.861312
37041,10.12403
37062,10.30935
37083,10.3328
37104,10.29527
37125,10.24836
37146,10.45009
37167,10.6096
37188,10.46651
37209,10.45244
37230,10.6096
37251,10.62367
37272,10.53219
37293,10.53219
37314,10.53219
37335,10.78787
37356,10.84886
37377,10.48528
37398,10.54392
37419,10.66824
37440,10.67293
37461,10.55096
37482,10.62133
37503,10.52515
37524,10.53453
37545,10.64009
37566,10.56972
37587,10.43836
37608,10.46651
37629,10.42429
37650,10.30935
37671,10.37737
37692,10.34688
37713,10.36095
37734,10.307
37755,10.30465
37776,10.2812
37797,10.40787
37818,10.38441
37839,10.34688
37860,10.31169
37881,10.39848
37902,10.44071
37923,10.41725
37944,10.42898
37965,10.41256
37986,10.33046
38007,10.37268
38028,10.38441
38049,10.40787
38070,10.43132
38091,10.36095
38112,10.29527
38133,10.38206
38154,10.28823
38175,10.22725
38196,10.26712
38217,10.28823
38238,10.34688
38259,10.32107
38280,10.34453
38301,10.35861
38322,10.31638
38343,10.30935
38364,10.26947
38385,10.37033
38406,10.40083
38427,10.34688
38448,10.40787
38469,10.40317
38490,10.44774
38511,10.49935
38532,10.46885
38553,10.40083
38574,10.51577
38595,10.51811
38616,10.61664
38637,10.68701
38658,10.47824
38679,10.48997
38700,10.49466
38721,10.5533
38742,10.4712
38763,10.60491
38784,10.54861
38805,10.46182
38826,10.47589
38847,10.4454
38868,10.42429
38889,10.58849
38910,10.42663
38931,10.51108
38952,10.64478
38973,10.73861
38994,10.72454
39015,10.73861
39036,10.65417
39057,10.73627
39078,10.73392
39099,10.75972
39120,10.90516
39141,10.95207
39162,10.94738
39183,10.93096
39204,11.01072
39225,10.97553
39246,10.95677
39267,10.98257
39288,10.90047
39309,10.76911
39330,10.79491
39351,10.61664
39372,10.78787
39393,10.89109
39414,10.57207
39435,10.64478
39456,10.59787
39477,10.57207
39498,10.51108
39519,10.37972
39540,10.46885
39561,10.38675
39582,10.37737
39603,10.33046
39624,10.1123
39645,10.21083
39666,10.08416
39687,10.26243
39708,10.25305
39729,10.17095
39750,10.16626
39771,10.26008
39792,10.23897
39813,10.17798
39834,10.07477
39855,9.919954
39876,10.01378
39897,10.05601
39918,10.04662
39939,9.980944
39960,10.01613
39981,9.936375
40002,9.896498
40023,9.744025
40044,9.732296
40065,9.502416
40086,9.387475
40107,9.387475
40128,9.303029
40149,9.077839
40170,8.847958
40191,8.728326
40212,8.718943
40233,8.653263
40254,8.538322
40275,8.707214
40296,8.763512
40317,8.995738
40338,9.063765
40359,8.906601
40380,8.930058
40401,9.129445
40422,9.115371
40443,9.091913
40464,8.932404
40485,9.044999
40506,8.995738
40527,9.021542
40548,9.059073
40569,8.95117
40590,8.887836
40611,8.930058
40632,8.754128
40653,8.6603
40674,8.587582
40695,8.611039
40716,8.67672
40737,8.498445
40758,8.463259
40779,8.564125
40800,8.625113
40821,8.618076
40842,8.479678
40863,8.474987
40884,8.493753
40905,8.655608
40926,8.611039
40947,8.79166
40968,8.923021
40989,8.859686
41010,8.913638
41031,9.054381
41052,8.937096
41073,8.995738
41094,8.979319
41115,8.939441
41136,8.845612
41157,8.843266
41178,8.883143
41199,8.915984
41220,8.925366
41241,8.843266
41262,8.819809
41283,8.988701
41304,9.056727
41325,8.899564
41346,9.030925
41367,9.040307
41388,9.157594
41409,9.162285
41430,9.216236
41451,9.281918
41472,9.281918
41493,9.305374
41514,9.256114
41535,9.380438
41556,9.378092
41577,9.382783
41598,9.359325
41619,9.30772
41640,9.408587
41661,9.396858
41682,9.34056
41703,9.342906
41724,9.227965
41745,9.235003
41766,9.218582
41787,9.174014
41808,9.143519
41829,8.991047
41850,9.030925
41871,8.915984
41892,8.796351
41913,8.796351
41934,8.808081
41955,8.681411
41976,8.697831
41997,8.714252
42018,8.702522
42039,8.620422
42060,8.629806
42081,8.667336
42102,8.730671
42123,8.84092
42144,8.798697
42165,8.857341
42186,8.974627
42207,9.09895
42228,9.026234
42249,8.937096
42270,9.052036
42291,9.263151
42312,9.263151
42333,9.211545
42354,9.25846
42375,9.244386
42396,9.195126
42417,9.220928
42438,9.279572
42459,9.317103
42480,9.345251
42501,9.460192
42522,9.345251
42543,9.509453
42564,9.460192
42585,9.657233
42606,9.821435
42627,9.80736
42648,9.612664
42669,9.610318
42690,9.833163
42711,9.870694
42732,9.692419
42753,9.591553
42774,9.760445
42795,9.690074
42816,9.727605
42837,9.962177
42858,9.854274
42879,9.945757
42900,10.06773
42921,10.21317
42942,10.15687
42963,10.1123
42984,10.37033
43005,10.47355
43026,10.50873
43047,10.49466
43068,10.41725
43089,10.34688
43110,10.37268
43131,10.37033
43152,10.34688
43173,10.43601
43194,10.43132
43215,10.29527
43236,10.25539
43257,10.29527
43278,10.46651
43299,10.37737
43320,10.32107
43341,10.52515
43362,10.59318
43383,10.39379
43404,10.37972
43425,10.37737
43446,10.36095
43467,10.42429
43488,10.39614
43509,10.46651
43530,10.56268
43551,10.5791
43572,10.56738
43593,10.61194
43614,10.59552
43635,10.57207
43656,10.59083
43677,10.62836
43698,10.58614
43719,10.72923
43740,10.57676
43761,10.56503
43782,10.59787
43803,10.6917
43824,10.55565
43845,10.51342
43866,10.59318
43887,10.5791
43908,10.46416
43929,10.49466
43950,10.60256
43971,10.61429
43992,10.497
44013,10.62836
44034,10.68232
44055,10.69639
44076,10.77614
44097,10.748
44118,10.78787
44139,10.83244
44160,10.93565
44181,10.96849
44202,10.82306
44223,10.84183
44244,10.7175
44265,10.68935
44286,10.67293
44307,10.64478
44328,10.50169
44349,10.61898
44370,10.68701
44391,10.56268
44412,10.66824
44433,10.59552
44454,10.65417
44475,10.60491
44496,10.61664
44517,10.64947
44538,10.64478
44559,10.64009
44580,10.6354
44601,10.64478
44622,10.56738
44643,10.57676
44664,10.62133
44685,10.51108
44706,10.53688
44727,10.52281
44748,10.46416
44769,10.45713
44790,10.45244
44811,10.34922
44832,10.35391
44853,10.24836
44874,10.24132
44895,10.12638
44916,10.23663
44937,10.06773
44958,9.997364
44979,9.814397
45000,9.877731
45021,9.866002
45042,10.00206
45063,9.847238
45084,9.727605
45105,9.685382
45126,9.699456
45147,9.657233
45168,9.727605
45189,9.694765
45210,9.779211
45231,9.779211
45252,9.858966
45273,9.844892
45294,9.919954
45315,9.934029
45336,9.90588
45357,9.962177
45378,9.851928
45399,9.908226
45420,9.870694
45441,9.969215
45462,9.924646
45483,9.941067
45504,10.11934
45525,10.08416
45546,10.09588
45567,10.05601
45588,10.18737
45609,10.24836
45630,10.19675
45651,10.38206
45672,10.56268
45693,10.41256
45714,10.39379
45735,10.38675
45756,10.43367
45777,10.57676
45798,10.56738
45819,10.54861
45840,10.52984
45861,10.72688
45882,10.79726
45903,10.87467
45924,10.83479
45945,10.67762
45966,10.55565
45987,10.31169
46008,10.10058
46029,10.23428
46050,10.12403
46071,9.9223
46092,9.90588
46113,9.870694
46134,9.607973
46155,9.593899
46176,9.420315
46197,9.364017
46218,9.382783
46239,9.150557
46260,9.138828
46281,9.087222
46302,9.09895
46323,8.826846
46344,8.62746
46365,8.639189
46386,8.629806
46407,8.559433
46428,8.493753
46449,8.362392
46470,8.439801
46491,8.392887
46512,8.313132
46533,8.28733
46554,8.397578
46575,8.733017
46596,8.859686
46617,8.552396
46638,8.695485
46659,8.777586
46680,8.789314
46701,8.695485
46722,8.754128
46743,8.854995
46764,8.878452
46785,8.8245
46806,8.920675
46827,8.728326
46848,8.716597
46869,8.779932
46890,8.737708
46911,8.782278
46932,8.768204
46953,8.847958
46974,8.885489
46995,8.871415
47016,8.955861
47037,8.871415
47058,8.98401
47079,8.894873
47100,8.958207
47121,9.005121
47142,8.988701
47163,9.176359
47184,9.199817
47205,9.183396
47226,9.251423
47247,9.310066
47268,9.385129
47289,9.321795
47310,9.371055
47331,9.239694
47352,9.378092
47373,9.246731
47394,9.129445
47415,8.897219
47436,9.075493
47457,9.01685
47478,8.894873
47499,8.927712
47520,8.960552
47541,8.852649
47562,8.920675
47583,8.831537
47604,8.850304
47625,8.850304
47646,8.704868
47667,8.714252
47688,8.695485
47709,8.728326
47730,8.831537
47751,8.770549
47772,8.805735
47793,8.876106
47814,8.857341
47835,8.84092
47856,8.812772
47877,8.862032
47898,8.925366
47919,8.927712
47940,8.758821
47961,8.803389
47982,8.697831
48003,8.611039
48024,8.498445
48045,8.519556
48066,8.430418
48087,8.371776
48108,8.413999
48129,8.512519
48150,8.268563
48171,8.296712
48192,8.606348
48213,8.446838
48234,8.273255
48255,8.397578
48276,8.463259
48297,8.460913
48318,8.629806
48339,8.838574
48360,8.885489
48381,8.993393
48402,9.096604
48423,9.373401
48444,9.54933
48465,9.687728
48486,9.699456
48507,9.781557
48528,10.01378
48549,10.0607
48570,10.04428
48591,10.12403
48612,10.14045
48633,10.13811
48654,10.03489
48675,10.09588
48696,10.34688
48717,10.26243
48738,10.1686
48759,9.934029
48780,10.15922
48801,10.307
48822,10.37268
48843,10.25774
48864,10.26478
48885,10.40552
48906,10.38675
48927,10.42194
48948,10.41959
48969,10.3633
48990,10.41725
49011,10.46416
49032,10.44305
49053,10.26478
49074,10.22959
49095,10.32342
49116,10.43367
49137,10.41959
49158,10.32107
49179,10.16626
49200,10.39614
49221,10.52984
49242,10.38675
49263,10.29292
49284,10.31638
49305,10.38206
49326,10.41256
49347,10.37737
49368,10.27885
49389,10.37972
49410,10.54157
49431,10.4149
49452,10.48293
49473,10.33749
49494,10.34453
49515,10.33046
49536,10.46182
49557,10.48293
49578,10.55565
49599,10.45009
49620,10.49935
49641,10.46651
49662,10.51577
49683,10.41959
49704,10.36799
49725,10.44774
49746,10.44774
49767,10.44305
49788,10.48528
49809,10.55565
49830,10.59083
49851,10.47355
49872,10.51811
49893,10.45478
49914,10.53688
49935,10.64947
49956,10.68232
49977,10.68466
49998,10.70812
50019,10.60491
50040,10.58145
50061,10.72923
50082,10.78084
50103,10.78553
50124,10.68935
50145,10.81133
50166,10.95207
50187,10.90516
50208,10.95442
50229,11.01072
50250,11.06232
50271,11.04356
50292,10.94269
50313,10.99195
50334,11.03183
50355,10.97084
50376,11.08578
50397,11.09517
50418,11.05763
50439,11.02245
50460,11.05998
50481,11.01072
50502,11.0201
50523,10.89109
50544,10.85121
50565,10.93096
50586,10.92627
50607,10.90751
50628,10.89343
50649,10.95677
50670,11.02714
50691,10.8301
50712,10.78318
50733,10.76207
50754,10.76911
50775,10.75034
50796,10.82775
50817,10.87467
50838,10.86763
50859,10.7996
50880,10.65417
50901,10.73627
50922,10.6659
50943,10.66824
50964,10.49935
50985,10.52046
51006,10.38675
51027,10.4149
51048,10.42194
51069,10.47589
51090,10.37737
51111,10.29527
51132,10.50639
51153,10.39379
51174,10.30935
51195,10.21083
51216,10.14514
51237,10.03255
51258,10.01848
51279,9.964523
51300,9.997364
51321,10.06773
51342,9.992672
51363,9.894152
51384,9.736988
51405,9.870694
51426,9.819089
51447,9.809706
51468,9.783903
51489,9.718222
51510,9.87304
51531,9.593899
51552,9.535255
51573,9.481303
51594,9.446118
51615,9.413278
51636,9.272534
51657,9.439081
51678,9.410933
51699,9.34056
51720,9.399203
51741,9.385129
51762,9.310066
51783,9.127099
51804,9.127099
51825,9.188088
51849,9.080185
51874,9.183396
51895,9.227965
51916,9.295992
51937,9.270188
51958,9.364017
51979,9.321795
52000,9.253768
52021,9.399203
52042,9.490686
52063,9.464884
52084,9.420315
52105,9.375746
52126,9.490686
52147,9.535255
52168,9.455501
52189,9.53291
52210,9.53291
52231,9.56575
52252,9.544639
52273,9.58217
52294,9.425007
52315,9.415624
52336,9.439081
52357,9.425007
52378,9.347597
52399,9.279572
52420,9.237348
52441,9.321795
52462,9.305374
52483,9.288955
52504,9.155248
52525,9.169322
52546,9.08253
52567,9.056727
52588,9.171668
52609,9.223273
52630,9.27488
52651,9.364017
52672,9.354634
52693,9.293646
52714,9.321795
52735,9.293646
52756,9.321795
52777,9.206854
52798,9.279572
52819,9.148211
52840,9.235003
52861,9.174014
52882,9.073148
52903,9.181051
52924,9.150557
52945,9.103642
52966,9.005121
52987,8.941787
53008,8.878452
53029,8.918329
53050,8.908947
53071,8.937096
53092,8.953515
53113,8.993393
53134,8.972281
53155,8.937096
53176,8.98401
53197,8.941787
53218,8.939441
53239,9.028579
53260,8.932404
53281,8.897219
53302,8.913638
53323,8.897219
53344,8.995738
53365,9.080185
53386,8.911292
53407,8.955861
53428,8.913638
53449,8.892527
53470,8.894873
53491,8.967589
53513,9.005121
53534,8.862032
53555,8.972281
53576,8.993393
53597,9.002776
53618,8.923021
53639,8.899564
53660,8.962898
53681,9.061419
53702,8.993393
53723,9.042653
53744,9.052036
53765,9.04969
53786,9.073148
53807,9.091913
53828,8.993393
53849,8.873761
53870,8.920675
53891,8.946478
53912,9.002776
53933,9.094258
53954,9.162285
53975,9.293646
53996,9.422661
54017,9.495378
54038,9.443772
54059,9.502416
54080,9.579824
54101,9.600936
54122,9.61501
54143,9.610318
54164,9.59859
54185,9.575133
54206,9.523527
54227,9.59859
54248,9.711185
54269,9.652542
54290,9.502416
54311,9.612664
54332,9.605627
54353,9.657233
54374,9.504761
54395,9.448463
54416,9.495378
54437,9.568096
54458,9.53291
54479,9.53291
54500,9.603281
54521,9.765137
54542,9.762791
54563,9.657233
54584,9.617355
54605,9.671308
54626,9.729951
54647,9.645505
54668,9.683037
54689,9.797977
54710,9.797977
54731,9.781557
54752,9.685382
54773,9.812052
54794,9.950449
54815,10.0044
54836,10.07712
54857,10.05835
54878,10.04662
54899,10.09354
54920,9.992672
54941,10.09823
54962,10.1686
54983,10.0607
55004,10.10058
55025,10.07946
55046,10.08416
55067,10.1686
55088,10.36799
55109,10.24132
55130,10.15218
55151,10.22255
55172,10.33984
55193,10.35861
55214,10.2765
55235,10.307
55256,10.30465
55277,10.20144
55298,10.4454
55319,10.46651
55340,10.5275
55361,10.46885
55382,10.56738
55403,10.59083
55424,10.52046
55445,10.54861
55466,10.6096
55487,10.70577
55508,10.70108
55529,10.77145
55550,10.71516
55571,10.80899
55592,10.76442
55613,10.84652
55634,10.80195
55655,10.8559
55676,10.91454
55697,10.94035
55718,11.05294
55739,11.02245
55760,10.96849
55781,11.02714
55802,11.00837
55823,10.98257
55844,10.9638
55865,10.86763
55886,10.83713
55907,10.7996
55928,10.82541
55949,10.78553
55970,10.65886
55991,10.59787
56012,10.64713
56033,10.58614
56054,10.58614
56075,10.58849
56096,10.60256
56117,10.69874
56138,10.58849
56159,10.61429
56180,10.5533
56201,10.61429
56222,10.65182
56243,10.66121
56264,10.64009
56285,10.59552
56306,10.5533
56327,10.61664
56348,10.61429
56369,10.51577
56390,10.55799
56411,10.50639
56432,10.45244
56453,10.44071
56474,10.31638
56495,10.34688
56516,10.49935
56537,10.3633
56558,10.39379
56579,10.44774
56600,10.54157
56621,10.43132
56642,10.4454
56663,10.40317
56684,10.36095
56705,10.38206
56726,10.36799
56747,10.39848
56768,10.38675
56789,10.25774
56810,10.24601
56831,10.37737
56852,10.42429
56873,10.34922
56894,10.44071
56915,10.45478
56936,10.50639
56957,10.48293
56978,10.47824
56999,10.34453
57020,10.39614
57041,10.37268
57062,10.37972
57083,10.40552
57104,10.41959
57125,10.33046
57146,10.32342
57167,10.39379
57188,10.31638
57209,10.27181
57230,10.14514
57251,10.12403
57272,10.26947
57293,10.13107
57314,10.02082
57335,10.09119
57356,10.05132
57377,10.07712
57398,10.07477
57419,9.990326
57440,10.04193
57461,9.875386
57482,9.966869
57503,9.887115
57524,9.753407
57545,9.725259
57566,9.607973
57587,9.523527
57608,9.542293
57629,9.368709
57650,9.422661
57671,9.277225
57692,9.094258
57713,9.101295
57734,9.09895
57755,9.014504
57776,9.005121
57797,8.953515
57818,8.979319
57839,8.953515
57860,9.054381
57881,9.075493
57902,9.24204
57923,9.13179
57944,9.171668
57965,9.396858
57986,9.352288
58007,9.41797
58028,9.467229
58049,9.525873
58070,9.593899
58091,9.589207
58112,9.680691
58133,9.781557
58154,9.729951
58175,9.748716
58196,9.713531
58217,9.748716
58238,9.713531
58259,9.490686
58280,9.514144
58301,9.551676
58322,9.422661
58343,9.436735
58364,9.342906
58385,9.30772
58406,9.321795
58427,9.171668
58448,9.310066
58469,9.277225
58490,9.183396
58511,9.171668
58532,9.164631
58553,9.166977
58574,9.270188
58595,9.176359
58616,9.293646
58637,9.251423
58658,9.171668
58679,9.30772
58700,9.321795
58721,9.326486
58742,9.375746
58763,9.40624
58784,9.51649
58805,9.415624
58826,9.401549
58847,9.375746
58868,9.493032
58889,9.401549
58910,9.361671
58931,9.399203
58952,9.446118
58973,9.324141
58994,9.380438
59015,9.312411
59036,9.265497
59057,9.25846
59078,9.218582
59099,9.185742
59120,9.19278
59141,9.157594
59162,9.2092
59183,9.148211
59204,9.143519
59225,9.087222
59246,9.152903
59267,9.120062
59288,9.04969
59309,9.141173
59330,8.976973
59351,9.178705
59372,9.084876
59393,9.24204
59414,9.392166
59435,9.164631
59456,9.080185
59477,9.244386
59498,9.227965
59519,9.246731
59540,9.319448
59561,9.361671
59582,9.24204
59603,9.035616
59624,8.925366
59645,8.854995
59666,8.763512
59687,8.819809
59708,8.672029
59729,8.683757
59750,8.662645
59771,8.704868
59792,8.761166
59813,8.657954
59834,8.707214
59855,8.679066
59876,8.733017
59897,8.740054
59918,8.786969
59939,8.761166
59960,8.747091
59981,8.775241
60002,8.810426
60023,8.789314
60044,8.697831
60065,8.716597
60086,8.667336
60107,8.72598
60128,8.72598
60149,8.730671
60170,8.648571
60191,8.510174
60212,8.482024
60233,8.46795
60254,8.40227
60275,8.198192
60296,8.20992
60317,8.252144
60338,8.174734
60359,8.195846
60380,8.317823
60401,8.338935
60422,8.535976
60443,8.547705
60464,8.657954
60485,8.991047
60506,9.134136
60527,9.218582
60548,9.373401
60569,9.476612
60590,9.436735
60611,9.744025
60632,9.875386
60653,9.795631
60674,9.894152
60695,9.7581
60716,9.833163
60737,10.02082
60758,10.07243
60779,10.03959
60800,9.938721
60821,10.06305
60842,10.11465
60863,10.28589
60884,10.2249
60905,10.29996
60926,10.30465
60947,10.33749
60968,10.38675
60989,10.40787
61010,10.46885
61031,10.50873
61052,10.62836
61073,10.6354
61094,10.70343
61115,10.7738
61136,10.60022
61157,10.60491
61178,10.54626
61199,10.64713
61220,10.58849
61241,10.60256
61262,10.77145
61283,10.59787
61304,10.56738
61325,10.42429
61346,10.46182
61367,10.39145
61388,10.30231
61409,10.2765
61430,10.14514
61451,10.16391
61472,10.45244
61493,10.38441
61514,10.21786
61535,10.13576
61556,10.06773
61577,10.08416
61598,10.15453
61619,10.07712
61640,10.14045
61661,10.26478
61682,10.18033
61703,10.23428
61724,10.18502
61745,10.23663
61766,10.24601
61787,10.22255
61808,10.25539
61829,10.40552
61850,10.51811
61871,10.52515
61892,10.56034
61913,10.64713
61934,10.51811
61955,10.56503
61976,10.6096
61997,10.67293
62018,10.61194
62039,10.62133
62060,10.58849
62081,10.52984
62102,10.50404
62123,10.46651
62144,10.42898
62165,10.4712
62186,10.41021
62207,10.497
62228,10.46651
62249,10.56738
62270,10.56503
62291,10.53453
62312,10.52984
62333,10.57207
62354,10.57676
62375,10.56738
62396,10.56268
62417,10.72688
62438,10.81368
62459,10.78787
62480,10.74331
62501,10.88405
62522,10.77849
62543,10.78787
62564,10.83479
62585,10.76676
62606,10.76207
62627,10.89343
62648,10.748
62669,10.68232
62690,10.60022
62711,10.55096
62732,10.50873
62753,10.58849
62774,10.54157
62795,10.52046
62816,10.47589
62837,10.44774
62858,10.37268
62879,10.45009
62900,10.46651
62921,10.36095
62942,10.3328
62963,10.50404
62984,10.497
63005,10.58145
63026,10.62602
63047,10.56972
63068,10.61429
63089,10.5791
63110,10.55565
63131,10.52984
63152,10.50639
63173,10.45244
63194,10.44305
63215,10.41021
63236,10.21786
63257,10.27885
63278,10.26947
63299,10.24366
63320,10.12403
63341,10.12169
63362,9.969215
63383,9.973906
63404,9.943413
63425,9.915263
63446,9.938721
63467,9.80736
63488,9.830817
63509,9.891806
63530,10.0044
63551,9.948103
63572,10.03724
63593,9.934029
63614,10.07243
63635,10.09119
63656,10.22021
63677,10.17564
63698,10.20144
63719,10.28354
63740,10.39848
63761,10.3633
63782,10.26947
63803,10.37033
63824,10.37737
63845,10.29762
63866,10.31404
63887,10.18737
63908,10.06539
63929,9.966869
63950,9.875386
63971,9.783903
63992,9.699456
64013,9.823779
64034,9.701802
64055,9.657233
64076,9.504761
64097,9.298337
64118,9.286609
64139,9.223273
64160,9.152903
64181,8.918329
64202,8.751783
64223,8.843266
64244,8.803389
64265,8.747091
64286,8.650917
64307,8.669683
64328,8.69314
64349,8.690794
64370,8.941787
64391,8.979319
64412,8.890181
64433,8.960552
64454,9.03327
64475,9.08253
64496,9.014504
64517,9.124753
64538,9.232656
64559,9.227965
64580,9.286609
64601,9.361671
64622,9.432044
64643,9.359325
64664,9.347597
64685,9.239694
64706,9.162285
64727,9.166977
64748,9.2092
64769,9.162285
64790,9.138828
64811,9.188088
64832,9.15994
64853,9.188088
64874,9.096604
64895,9.166977
64916,9.185742
64937,9.169322
64958,9.162285
64979,9.150557
65000,9.246731
65021,9.35698
65042,9.310066
65063,9.354634
65084,9.364017
65105,9.385129
65126,9.361671
65147,9.354634
65168,9.338214
65189,9.333523
65210,9.310066
65231,9.38982
65252,9.279572
65273,9.380438
65294,9.298337
65315,9.317103
65336,9.300683
65357,9.277225
65378,9.183396
65399,9.295992
65420,9.298337
65441,9.30772
65462,9.333523
65483,9.361671
65504,9.335869
65525,9.342906
65546,9.333523
65567,9.300683
65588,9.324141
65609,9.249077
65630,9.335869
65651,9.235003
65672,9.310066
65693,9.34056
65714,9.298337
65735,9.303029
65756,9.310066
65777,9.333523
65798,9.23031
65819,9.2092
65840,9.190434
65861,9.185742
65882,9.019196
65903,9.24204
65924,9.094258
65945,9.066111
65966,9.030925
65987,8.972281
66008,8.869069
66029,8.822155
66050,8.880798
66071,8.794006
66092,8.6603
66113,8.768204
66134,8.714252
66155,8.7424
66176,8.775241
66197,8.730671
66218,8.737708
66239,8.815118
66260,8.728326
66281,8.751783
66302,8.859686
66323,8.880798
66344,9.035616
66365,8.967589
66386,8.965244
66407,8.948824
66428,8.962898
66449,8.986356
66470,8.974627
66491,9.157594
66512,9.030925
66533,8.95117
66554,9.030925
66575,9.235003
66596,9.066111
66617,9.122408
66638,9.2092
66659,9.162285
66680,9.169322
66701,9.349943
66722,9.448463
66743,9.572787
66764,9.589207
66785,9.690074
66806,9.903535
66827,9.941067
66848,9.809706
66869,9.943413
66890,10.00206
66911,9.863657
66932,9.715877
66953,9.683037
66974,9.666616
66995,9.673654
67016,9.762791
67037,9.678345
67058,9.528218
67079,9.434389
67100,9.636122
67121,9.659579
67142,9.525873
67163,9.403895
67184,9.668962
67205,9.79094
67226,9.697111
67247,9.781557
67268,9.980944
67289,10.05601
67310,10.02551
67331,9.980944
67352,10.1123
67373,10.17329
67394,10.22021
67415,10.1991
67436,10.26478
67457,10.25774
67478,10.29058
67499,10.36564
67520,10.26478
67541,10.35861
67562,10.52515
67583,10.57676
67604,10.50873
67625,10.50169
67646,10.61194
67667,10.46416
67688,10.43132
67709,10.52984
67730,10.54157
67751,10.48058
67772,10.51577
67793,10.38206
67814,10.3891
67835,10.22021
67856,10.23897
67877,10.26478
67898,10.29527
67919,10.31873
67940,10.25539
67961,10.30935
67982,10.37503
68003,10.29292
68024,10.40083
68045,10.48762
68066,10.50169
68087,10.64713
68108,10.76911
68129,10.83713
68150,10.83244
68171,10.96849
68192,10.95911
68213,10.97553
68234,11.0459
68255,10.98492
68276,11.04356
68297,11.01775
68318,10.92158
68339,10.78787
68360,10.83948
68381,10.77145
68402,10.76911
68423,10.64478
68444,10.62367
68465,10.69404
68486,10.75034
68507,10.74331
68528,10.73627
68549,10.72688
68570,10.79022
68591,10.74096
68612,10.82071
68633,10.83713
68654,10.89109
68675,10.89812
68696,10.87936
68717,10.8817
68738,10.85824
68759,10.84183
68780,10.78553
68801,10.70108
68822,10.73158
68843,10.79726
68864,10.61194
68885,10.61898
68906,10.65651
68927,10.49231
68948,10.35861
68969,10.33515
68990,10.19206
69011,10.15453
69032,10.07477
69053,10.03959
69074,10.03489
69095,10.06539
69116,10.07712
69137,10.05366
69158,10.07946
69179,10.09823
69200,10.0865
69221,10.21083
69242,10.10527
69263,10.18502
69284,10.21317
69305,10.2812
69326,10.2249
69347,10.28823
69368,10.32107
69389,10.3328
69410,10.21552
69431,10.24601
69452,10.25774
69473,10.19675
69494,10.16156
69515,10.0865
69536,10.08885
69557,10.03724
69578,9.9223
69599,9.868348
69620,9.828471
69641,9.720568
69662,9.786248
69683,9.636122
69704,9.676
69725,9.722914
69746,9.793285
69767,9.659579
69788,9.718222
69809,9.711185
69830,9.54933
69851,9.605627
69872,9.711185
69893,9.821435
69914,9.697111
69935,9.633776
69956,9.631431
69977,9.629085
69998,9.762791
70019,9.694765
70040,9.755754
70061,9.779211
70082,9.917608
70103,9.971561
70124,9.833163
70145,9.755754
70166,9.80736
70187,9.847238
70208,9.823779
70229,9.79094
70250,9.704147
70271,9.610318
70292,9.612664
70313,9.692419
70334,9.591553
70355,9.53291
70376,9.575133
70397,9.643159
70418,9.58217
70439,9.408587
70460,9.509453
70481,9.650196
70502,9.579824
70523,9.591553
70544,9.736988
70565,9.755754
70586,9.736988
70607,9.619701
70628,9.556367
70649,9.50007
70670,9.605627
70691,9.584516
70712,9.652542
70733,9.530564
70754,9.41797
70775,9.474266
70796,9.467229
70817,9.300683
70838,9.127099
70859,9.012158
70880,9.01685
70901,9.073148
70922,8.991047
70943,8.864378
70964,8.751783
70985,8.822155
71006,8.965244
71027,8.906601
71048,8.857341
71069,8.894873
71090,8.98401
71111,8.979319
71132,9.009813
71153,9.108333
71174,9.263151
71195,9.270188
71216,9.281918
71237,9.256114
71258,9.314757
71279,9.213891
71300,9.24204
71321,9.183396
71342,9.284263
71363,9.244386
71384,9.152903
71405,9.169322
71426,9.188088
71447,9.068456
71468,9.070802
71489,9.026234
71510,9.040307
71531,8.932404
71552,8.911292
71573,8.941787
71594,8.93475
71615,8.941787
71636,8.925366
71657,9.030925
71678,9.00043
71699,9.026234
71720,9.026234
71741,9.040307
71762,9.066111
71783,9.005121
71804,9.183396
71825,9.061419
71846,8.960552
71867,8.976973
71888,8.974627
71909,9.028579
71930,8.911292
71951,8.869069
71972,8.7424
71993,8.655608
72014,8.564125
72035,8.552396
72056,8.514865
72077,8.336589
72098,8.411653
72119,8.301403
72140,8.334244
72161,8.317823
72182,8.165352
72203,8.167697
72224,8.315477
72245,8.315477
72266,8.345972
72287,8.444492
72308,8.547705
72329,8.589928
72350,8.634497
72371,8.730671
72392,8.822155
72413,8.864378
72434,8.8245
72455,8.979319
72476,9.068456
72497,9.157594
72518,9.070802
72539,9.143519
72560,9.204508
72581,9.237348
72602,9.199817
72623,9.408587
72644,9.359325
72665,9.117716
72686,9.176359
72707,9.2913
72728,9.256114
72749,9.223273
72770,9.413278
72791,9.239694
72812,9.310066
72833,9.605627
72854,9.711185
72875,9.596244
72896,9.657233
72917,9.657233
72938,9.704147
72959,9.826125
72980,9.779211
73001,9.828471
73022,9.908226
73043,9.941067
73064,9.9223
73085,9.929338
73106,9.98798
73127,10.03255
73148,9.957487
73169,10.17798
73190,10.47589
73211,10.20144
73232,10.1428
73253,10.24366
73274,10.42194
73295,10.40317
73316,10.31404
73337,10.33046
73358,10.49231
73379,10.39848
73400,10.34688
73421,10.51108
73442,10.45947
73463,10.76207
73484,10.76911
73505,10.8817
73526,10.81837
73547,10.82541
73568,10.79256
73589,10.84417
73610,10.86997
73631,10.82775
73652,10.83244
73673,10.74565
73694,10.74096
73715,10.53219
73736,10.42429
73757,10.47589
73778,10.38206
73799,10.29527
73820,10.13811
73841,10.13107
73862,10.14984
73883,9.997364
73904,9.917608
73925,9.997364
73946,10.117
73967,10.13342
73988,10.12169
74009,10.09119
74030,10.05601
74051,10.02082
74072,10.11465
74093,10.14514
74114,10.20613
74135,10.41725
74156,10.43601
74177,10.42898
74198,10.52281
74219,10.43132
74240,10.63071
74261,10.37737
74282,10.28823
74303,10.33749
74324,10.30231
74345,10.23194
74366,10.22959
74387,10.2765
74408,10.27181
74429,10.30935
74450,10.3633
74471,10.31638
74492,10.42194
74513,10.41725
74534,10.39379
74555,10.48058
74576,10.52046
74597,10.6096
74618,10.75738
74639,10.82541
74660,10.76676
74681,10.69404
74702,10.79491
74723,10.97084
74744,10.91923
74765,11.00603
74786,10.92862
74807,11.03417
74828,10.9638
74849,11.17492
74870,10.87701
74891,10.8301
74912,10.79491
74933,10.8301
74954,10.71046
74975,10.67528
74996,10.67997
75017,10.6354
75038,10.71985
75059,10.69404
75080,10.73392
75101,10.73158
75122,10.64244
75143,10.52281
75164,10.5791
75185,10.68935
75206,10.59552
75227,10.61664
75248,10.63775
75269,10.66355
75290,10.60491
75311,10.61898
75332,10.55565
75353,10.56268
75374,10.57441
75395,10.5838
75416,10.46651
75437,10.53453
75458,10.43367
75479,10.4454
75500,10.35861
75521,10.21552
75542,10.10527
75563,10.07712
75584,10.00909
75605,9.966869
75626,9.805015
75647,9.77452
75668,9.762791
75689,9.539948
75710,9.58217
75731,9.61501
75752,9.530564
75773,9.460192
75794,9.497724
75815,9.577478
75836,9.50007
75857,9.427352
75878,9.439081
75899,9.35698
75920,9.471921
75941,9.546985
75962,9.427352
75983,9.422661
76004,9.324141
76025,9.382783
76046,9.25846
76067,9.415624
76088,9.2913
76109,9.338214
76130,9.528218
76151,9.539948
76172,9.507107
76193,9.591553
76214,9.612664
76235,9.624393
76256,9.61501
76277,9.704147
76298,9.546985
76319,9.584516
76340,9.633776
76361,9.722914
76382,9.722914
76403,9.713531
76424,9.676
76445,9.863657
76466,9.732296
76487,9.760445
76508,9.729951
76529,9.596244
76550,9.666616
76571,9.683037
76592,9.612664
76613,9.59859
76634,9.441426
76655,9.448463
76676,9.30772
76697,9.403895
76718,9.396858
76739,9.382783
76760,9.314757
76781,9.34056
76802,9.314757
76823,9.30772
76844,9.286609
76865,9.310066
76886,9.178705
76907,9.084876
76928,9.122408
76949,9.166977
76970,9.077839
76991,9.056727
77012,9.019196
77033,9.014504
77054,9.108333
77075,9.103642
77096,9.089567
77117,9.110679
77138,9.108333
77159,9.150557
77180,9.157594
77201,9.249077
77222,9.199817
77243,9.303029
77264,9.19278
77285,9.127099
77306,9.110679
77327,9.183396
77348,9.15994
77369,9.103642
77390,9.023888
77411,8.991047
77432,9.075493
77453,9.044999
77474,8.995738
77495,9.044999
77516,8.981664
77537,9.054381
77558,9.080185
77579,9.01685
77600,9.012158
77621,8.988701
77642,8.976973
77663,9.094258
77684,9.084876
77705,9.094258
77726,9.070802
77747,9.2092
77768,9.249077
77789,9.157594
77810,9.174014
77831,9.227965
77852,9.24204
77873,9.23031
77894,9.199817
77915,9.171668
77936,9.103642
77957,9.04969
77978,9.03327
77999,8.941787
78020,8.932404
78041,8.826846
78062,8.845612
78083,8.873761
78104,8.681411
78125,8.592274
78146,8.613385
78167,8.589928
78188,8.62746
78209,8.634497
78230,8.620422
78251,8.650917
78272,8.629806
78293,8.707214
78314,8.67672
78335,8.782278
78356,8.765858
78377,8.733017
78398,8.751783
78419,8.779932
78440,8.794006
78461,8.810426
78482,8.871415
78503,8.890181
78524,8.817463
78545,8.845612
78566,8.836229
78587,8.775241
78608,8.864378
78629,8.657954
78650,8.67672
78671,8.688448
78692,8.744746
78713,8.878452
78734,8.974627
78755,9.005121
78776,9.056727
78797,9.24204
78818,9.345251
78839,9.342906
78860,9.40624
78881,9.368709
78902,9.446118
78923,9.666616
78944,9.844892
78965,9.926992
78986,9.816743
79007,9.814397
79028,10.01848
79049,10.2249
79070,10.21317
79091,10.18971
79112,10.37033
79133,10.65886
79154,10.65651
79175,10.68466
79196,10.5838
79217,10.55799
79238,10.31169
79259,10.42429
79280,10.62133
79301,10.4712
79322,10.41256
79343,10.41725
79364,10.18502
79385,10.14984
79406,10.24836
79427,10.26712
79448,9.992672
79469,10.04662
79490,10.13576
79511,10.03255
79532,10.13576
79553,10.15687
79574,10.09588
79595,10.13576
79616,10.1428
79637,10.1428
79658,10.20144
79679,10.26947
79700,10.17329
79721,10.25539
79742,10.31873
79763,10.24601
79784,10.28354
79805,10.15453
79826,10.09588
79847,10.17329
79868,10.17095
79889,10.20379
79910,10.24836
79931,10.17564
79952,10.16391
79973,10.13811
79994,10.20144
80015,10.15453
80036,10.27885
80057,10.32107
80078,10.36564
80099,10.39614
80120,10.44305
80141,10.44071
80162,10.48293
80183,10.48058
80204,10.64713
80225,10.70343
80246,10.76911
80267,10.88874
80288,10.78553
80309,10.74331
80330,10.80195
80351,10.88405
80372,10.87701
80393,10.80195
80414,10.81133
80435,10.74565
80456,10.65182
80477,10.61664
80498,10.5533
80519,10.60022
80540,10.64947
80561,10.62602
80582,10.70812
80603,10.58849
80624,10.58145
80645,10.64713
80666,10.63071
80687,10.63775
80708,10.79022
80729,10.7175
80750,10.83479
80771,10.82775
80792,10.90281
80813,10.78084
80834,11.07171
80855,10.98492
80876,10.90516
80897,10.92393
80918,11.09751
80939,11.00837
80960,10.89109
80981,10.7996
81002,10.70343
81023,10.80899
81044,10.64009
81065,10.66121
81086,10.58849
81107,10.41256
81128,10.5275
81149,10.36095
81170,10.45009
81191,10.37033
81212,10.38206
81233,10.27885
81254,10.34688
81275,10.31638
81296,10.35861
81317,10.35626
81338,10.46885
81359,10.46182
81380,10.39379
81401,10.44774
81422,10.56268
81443,10.50404
81464,10.50873
81485,10.42429
81506,10.4149
81527,10.46885
81548,10.37268
81569,10.41256
81590,10.40787
81611,10.20848
81632,10.15922
81653,10.02786
81674,9.969215
81695,9.98329
81716,9.992672
81737,9.849584
81758,9.732296
81779,9.779211
81800,9.863657
81821,9.74637
81842,9.767483
81863,9.629085
81884,9.676
81905,9.711185
81926,9.699456
81947,9.650196
81968,9.699456
81989,9.626739
82010,9.539948
82031,9.497724
82052,9.523527
82073,9.626739
82094,9.783903
82115,9.718222
82136,9.666616
82157,9.544639
82178,9.694765
82199,9.718222
82220,9.697111
82241,9.661925
82262,9.572787
82283,9.561059
82304,9.429698
82325,9.483649
82346,9.61501
82367,9.50007
82388,9.382783
82409,9.27488
82430,9.237348
82451,9.152903
82472,9.227965
82493,9.225619
82514,9.127099
82535,9.122408
82556,9.096604
82577,9.25846
82598,9.239694
82619,9.059073
82640,9.066111
82661,9.15994
82682,9.108333
82703,9.169322
82724,9.105988
82745,9.044999
82766,9.061419
82787,9.040307
82808,9.023888
82829,8.831537
82850,8.775241
82871,8.878452
82892,8.801044
82913,8.683757
82934,8.711905
82955,8.686103
82976,8.772895
82997,8.775241
83018,8.812772
83039,8.679066
83060,8.735363
83081,8.716597
83102,8.833883
83123,8.794006
83144,8.770549
83165,8.7424
83186,8.871415
83207,8.995738
83228,8.883143
83249,9.063765
83270,9.042653
83291,9.073148
83312,9.084876
83333,9.199817
83354,9.169322
83375,9.113025
83396,9.094258
83417,8.979319
83438,9.037962
83459,8.98401
83480,8.976973
83501,8.911292
83522,8.986356
83543,8.852649
83564,8.953515
83585,8.941787
83606,8.847958
83627,8.906601
83648,8.852649
83669,9.01685
83690,8.955861
83711,9.035616
83732,9.070802
83753,9.037962
83774,9.120062
83795,9.162285
83816,9.162285
83837,9.129445
83858,9.171668
83879,9.145865
83900,9.113025
83921,9.24204
83942,9.244386
83963,9.103642
83984,9.124753
84005,9.134136
84026,9.054381
84047,8.960552
84068,8.972281
84089,8.904256
84110,8.812772
84131,8.822155
84152,8.740054
84173,8.700177
84194,8.657954
84215,8.686103
84236,8.653263
84257,8.611039
84278,8.67672
84299,8.64388
84320,8.69314
84341,8.620422
84362,8.7424
84383,8.90191
84404,8.972281
84425,8.864378
84446,8.998084
84467,9.178705
84488,9.281918
84509,9.288955
84530,9.331178
84551,9.359325
84572,9.460192
84593,9.591553
84614,9.633776
84635,9.673654
84656,9.729951
84677,9.711185
84698,9.652542
84719,9.760445
84740,9.894152
84761,9.833163
84782,9.971561
84803,9.753407
84824,9.678345
84845,9.797977
84866,9.870694
84887,9.708839
84908,9.744025
84929,9.736988
84950,9.692419
84971,9.844892
84992,9.77452
85013,9.854274
85034,9.882422
85055,9.90588
85076,10.18502
85097,10.26478
85118,10.33984
85139,10.42898
85160,10.38206
85181,10.3891
85202,10.43367
85223,10.29292
85244,10.36564
85265,10.50169
85286,10.49935
85307,10.40083
85328,10.30935
85349,10.2812
85370,10.29762
85391,10.29058
85412,10.23194
85433,10.29058
85454,10.34219
85475,10.31638
85496,10.35626
85517,10.36564
85538,10.23897
85559,10.28354
85580,10.32342
85601,10.40317
85622,10.34219
85643,10.4712
85664,10.41725
85685,10.45947
85706,10.55096
85727,10.51108
85748,10.58614
85769,10.57207
85790,10.61664
85811,10.61194
85832,10.6659
85853,10.63071
85874,10.56972
85895,10.55096
85916,10.58849
85937,10.5533
85958,10.57441
85979,10.65886
86000,10.69639
86021,10.67997
86042,10.6659
86063,10.64947
86084,10.69639
86105,10.65651
86126,10.74331
86147,10.75738
86168,10.77614
86189,10.82071
86210,10.84183
86231,10.81602
86252,10.81602
86273,10.80429
86294,10.89343
86315,10.86294
86336,10.86059
86357,10.87467
86378,10.9638
86399,10.9122
86420,10.90047
86441,10.7996
86462,10.83244
86483,10.79726
86504,10.38441
86525,10.91454
86546,10.77849
86567,10.75269
86588,10.5838
86609,10.71516
86630,10.50873
86651,10.58849
86672,10.5838
86693,10.64713
86714,10.55565
86735,10.64713
86756,10.50404
86777,10.59787
86798,10.60022
86819,10.64478
86840,10.68935
86861,10.61664
86882,10.73627
86903,10.68466
86924,10.67059
86945,10.58145
86966,10.49935
86987,10.60256
87008,10.52281
87029,10.62367
87050,10.5533
87071,10.51811
87092,10.39614
87113,10.49935
87134,10.55096
87155,10.52281
87176,10.48058
87197,10.43601
87218,10.38206
87239,10.39614
87260,10.38441
87281,10.44071
87302,10.31169
87323,10.37737
87344,10.30231
87365,10.40317
87386,10.41256
87407,10.28589
87428,10.27181
87449,10.23428
87470,10.21083
87491,10.23428
87512,10.19206
87533,10.20613
87554,10.22021
87575,10.1686
87596,10.18971
87617,10.10292
87638,10.18268
87659,10.16156
87680,10.0607
87701,9.957487
87722,9.898843
87743,9.7581
87764,9.812052
87785,9.776865
87806,9.659579
87827,9.415624
87848,9.185742
87869,9.48834
87890,9.497724
87911,9.253768
87932,9.124753
87953,8.988701
87974,9.089567
87995,9.110679
88016,8.974627
88037,9.044999
88058,9.04969
88079,9.145865
88100,9.143519
88121,9.09895
88142,9.162285
88163,9.213891
88184,9.446118
88205,9.401549
88226,9.354634
88247,9.415624
88268,9.467229
88289,9.53291
88310,9.544639
88331,9.396858
88352,9.596244
88373,9.54933
88394,9.511798
88415,9.542293
88436,9.427352
88457,9.232656
88478,9.305374
88499,9.375746
88520,9.19278
88541,9.190434
88562,9.054381
88583,9.127099
88604,9.202163
88625,9.108333
88646,9.030925
88667,9.044999
88688,9.091913
88709,9.143519
88730,9.218582
88751,9.152903
88772,9.061419
88793,9.284263
88814,9.394512
88835,9.328832
88856,9.176359
88877,9.366363
88898,9.359325
88919,9.378092
88940,9.305374
88961,9.293646
88982,9.429698
89003,9.40624
89024,9.34056
89045,9.25846
89066,9.178705
89087,9.272534
89108,9.235003
89129,9.27488
89150,9.190434
89171,9.183396
89192,9.13179
89213,9.195126
89234,9.164631
89255,9.260805
89276,9.155248
89297,9.162285
89318,9.152903
89339,9.166977
89360,9.176359
89381,9.216236
89402,9.284263
89423,9.227965
89444,9.237348
89465,9.162285
89486,9.227965
89507,9.270188
89528,9.23031
89549,9.333523
89570,9.267843
89591,9.216236
89612,9.272534
89633,9.279572
89654,9.218582
89675,9.23031
89696,9.089567
89717,9.089567
89738,9.110679
89759,9.145865
89780,9.00043
89801,9.169322
89822,9.009813
89843,8.93475
89864,9.04969
89885,9.04969
89906,8.986356
89927,9.044999
89948,9.113025
89969,9.044999
89990,9.218582
90011,9.256114
90032,9.152903
90053,9.314757
90074,9.298337
90095,9.265497
90116,9.324141
90137,9.535255
90158,9.249077
90179,9.382783
90200,9.589207
90221,9.537601
90242,9.345251
90263,9.368709
90284,9.432044
90305,9.347597
90326,9.321795
90347,9.392166
90368,9.279572
90389,9.218582
90410,9.164631
90431,9.157594
90452,9.202163
90473,8.98401
90494,8.749437
90515,8.995738
90536,9.037962
90557,9.042653
90578,8.98401
90599,9.04969
90620,9.235003
90641,9.183396
90662,9.284263
90683,9.265497
90704,9.347597
90725,9.481303
90746,9.619701
90767,9.638468
90788,9.584516
90809,9.59859
90830,9.694765
90851,9.671308
90872,9.53291
90893,9.704147
90914,9.795631
90935,9.809706
90956,9.739333
90977,9.844892
90998,9.903535
91019,9.826125
91040,9.652542
91061,9.736988
91082,9.887115
91103,9.966869
91124,9.760445
91145,9.715877
91166,9.882422
91187,9.941067
91208,9.692419
91229,9.591553
91250,9.762791
91271,9.915263
91292,9.610318
91313,9.528218
91334,9.685382
91355,9.819089
91376,9.722914
91397,9.858966
91418,10.0044
91439,9.98329
91460,9.995018
91481,9.943413
91502,9.880077
91523,9.898843
91544,9.842546
91565,9.816743
91586,9.875386
91607,9.725259
91628,9.66427
91649,9.751062
91670,9.793285
91691,9.826125
91712,9.87304
91733,9.943413
91754,10.21786
91775,10.34219
91796,10.07712
91817,10.3328
91838,10.38675
91859,10.37503
91880,10.42194
91901,10.51108
91922,10.46885
91943,10.51577
91964,10.65886
91985,10.74096
92006,10.71516
92027,10.64009
92048,10.65417
92069,10.67528
92090,10.74565
92111,10.78084
92132,10.84652
92153,10.83948
92174,10.87467
92195,10.93331
92216,11.03887
92237,11.05998
92258,11.0459
92279,11.18196
92300,11.1843
92321,11.25467
92342,11.15146
92363,11.21714
92384,11.31566
92405,11.17961
92426,11.36492
92447,11.38838
92468,11.34381
92489,11.43295
92510,11.4869
92531,11.37196
92552,11.36961
92573,11.28986
92594,11.38603
92615,11.23356
92636,10.35861
92657,11.22652
92678,11.18665
92699,11.21949
92720,11.02479
92741,11.10689
92762,11.0506
92783,10.94269
92804,11.04356
92825,10.90281
