8829,9.507107
8850,9.335869
8871,9.38982
8892,9.56575
8913,9.478958
8934,9.359325
8955,9.403895
8976,9.481303
8997,9.338214
9018,9.382783
9039,9.385129
9060,9.401549
9081,9.263151
9102,9.218582
9123,9.408587
9144,9.34056
9165,9.284263
9186,9.284263
9207,9.253768
9228,9.30772
9249,9.25846
9270,9.295992
9291,9.251423
9312,9.225619
9333,9.152903
9354,9.267843
9375,9.347597
9396,9.385129
9417,9.333523
9438,9.225619
9459,9.35698
9480,9.40624
9501,9.514144
9522,9.521181
9543,9.622047
9564,9.725259
9585,9.704147
9606,9.718222
9627,9.821435
9648,9.934029
9669,9.837853
9690,9.861312
9711,9.926992
9732,9.976252
9753,10.09119
9774,10.02082
9795,10.09354
9816,10.17564
9837,10.26243
9858,10.2765
9879,10.38206
9900,10.27885
9921,10.27416
9942,10.20379
9963,10.45244
9984,10.28823
10005,10.2765
10026,10.35626
10047,10.27416
10068,10.13811
10089,10.07712
10110,10.22255
10131,10.1123
10152,10.10292
10173,10.01613
10194,10.10292
10215,10.18268
10236,10.18737
10257,10.15453
10278,10.10527
10299,10.09119
10320,10.12169
10341,10.22725
10362,10.17329
10383,10.18502
10404,10.2249
10425,10.27416
10446,10.24601
10467,10.25539
10488,10.38206
10509,10.41256
10530,10.41959
10551,10.43836
10572,10.41959
10593,10.53219
10614,10.35626
10635,10.45244
10656,10.40083
10677,10.40552
10698,10.38675
10719,10.38206
10740,10.34219
10761,10.44774
10782,10.41725
10803,10.33515
10824,10.39614
10845,10.35861
10866,10.43601
10887,10.4149
10908,10.39848
10929,10.45947
10950,10.41959
10971,10.64947
10992,10.71281
11013,10.62602
11034,10.67059
11055,10.67528
11076,10.67528
11097,10.82775
11118,10.65651
11139,10.69639
11160,10.55096
11181,10.48293
11202,10.43836
11223,10.41725
11244,10.38441
11265,10.38675
11286,10.2812
11307,10.20144
11328,10.22725
11349,10.24601
11370,10.26008
11391,10.24366
11412,10.26478
11433,10.34453
11454,10.36799
11475,10.29996
11496,10.3891
11517,10.41725
11538,10.46885
11559,10.44774
11580,10.46651
11601,10.49231
11622,10.4712
11643,10.52281
11664,10.43132
11685,10.41725
11706,10.40552
11727,10.33515
11748,10.307
11769,10.32107
11790,10.10996
11811,10.05132
11832,10.02082
11853,9.98798
11874,9.976252
11895,9.891806
11916,9.823779
11937,9.781557
11958,9.842546
11979,9.844892
12000,9.823779
12021,9.919954
12042,9.891806
12063,9.98329
12084,10.1686
12105,10.17095
12126,10.30231
12147,10.45478
12168,10.48997
12189,10.51342
12210,10.51577
12231,10.60491
12252,10.71516
12273,10.67059
12294,10.61194
12315,10.62836
12336,10.64478
12357,10.56503
12378,10.56268
12399,10.53453
12420,10.49466
12441,10.45009
12462,10.39614
12483,10.35391
12504,10.24836
12525,10.15922
12546,10.22959
12567,10.23897
12588,10.1428
12609,9.952795
12630,10.03255
12651,10.09588
12672,9.98798
12693,9.809706
12714,9.868348
12735,10.01613
12756,9.969215
12777,9.901189
12798,9.866002
12819,9.971561
12840,9.896498
12861,9.908226
12882,9.781557
12903,9.729951
12924,9.802669
12945,9.812052
12966,9.751062
12987,9.718222
13008,9.701802
13029,9.685382
13050,9.638468
13071,9.504761
13092,9.542293
13113,9.624393
13134,9.690074
13155,9.61501
13176,9.736988
13197,9.622047
13218,9.622047
13239,9.734642
13260,9.776865
13281,9.776865
13302,9.617355
13323,9.561059
13344,9.56575
13365,9.666616
13386,9.692419
13407,9.690074
13428,9.760445
13449,9.819089
13470,9.661925
13491,9.469575
13512,9.361671
13533,9.481303
13554,9.295992
13575,9.246731
13596,9.227965
13617,9.2092
13638,9.2092
13659,9.040307
13680,9.035616
13701,9.021542
13722,8.991047
13743,8.880798
13764,9.028579
13785,9.157594
13806,9.026234
13827,8.995738
13848,8.995738
13869,9.059073
13890,9.030925
13911,9.124753
13932,9.164631
13953,9.281918
13974,9.293646
13995,9.148211
14016,9.338214
14037,9.19278
14058,9.157594
14079,9.047344
14100,9.138828
14121,9.129445
14142,9.117716
14163,9.120062
14184,9.178705
14205,9.084876
14227,9.021542
14248,9.019196
14269,9.183396
14290,9.075493
14311,9.068456
14332,9.185742
14353,9.169322
14374,9.148211
14395,9.138828
14416,9.141173
14437,9.120062
14458,9.195126
14479,9.037962
14500,9.052036
14521,9.15994
14542,9.127099
14563,9.171668
14584,9.122408
14605,9.19278
14626,9.2913
14647,9.216236
14668,9.164631
14689,9.260805
14710,9.2913
14731,9.239694
14752,9.312411
14773,9.293646
14794,9.321795
14815,9.319448
14836,9.338214
14857,9.288955
14878,9.239694
14899,9.300683
14920,9.286609
14941,9.265497
14962,9.2092
14983,9.25846
15004,9.164631
15025,9.267843
15046,9.298337
15067,9.220928
15088,9.204508
15109,9.277225
15130,9.279572
15151,9.270188
15172,9.181051
15193,9.284263
15214,9.30772
15235,9.25846
15256,9.420315
15277,9.462538
15298,9.403895
15319,9.410933
15340,9.448463
15361,9.422661
15382,9.410933
15403,9.502416
15424,9.493032
15445,9.556367
15466,9.570441
15487,9.66427
15508,9.546985
15529,9.61501
15550,9.51649
15571,9.432044
15592,9.48834
15613,9.467229
15634,9.509453
15655,9.577478
15676,9.600936
15697,9.64785
15718,9.577478
15739,9.54933
15760,9.687728
15781,9.690074
15802,9.732296
15823,9.58217
15844,9.629085
15865,9.767483
15886,9.805015
15907,9.842546
15928,10.01613
15949,9.990326
15970,9.844892
15991,9.77452
16012,9.957487
16033,10.06305
16054,9.908226
16075,9.847238
16096,9.98329
16117,10.06305
16138,9.995018
16159,9.948103
16180,9.915263
16201,10.03489
16222,9.990326
16243,9.919954
16264,9.938721
16285,9.978598
16306,9.866002
16327,9.74637
16348,9.767483
16369,9.783903
16390,9.727605
16411,9.593899
16432,9.673654
16453,9.779211
16474,9.633776
16495,9.544639
16516,9.593899
16537,9.507107
16558,9.453156
16579,9.457847
16600,9.518835
16621,9.474266
16642,9.446118
16663,9.554022
16684,9.413278
16705,9.382783
16726,9.281918
16747,9.312411
16768,9.378092
16789,9.460192
16810,9.422661
16831,9.420315
16852,9.368709
16873,9.439081
16894,9.380438
16915,9.51649
16936,9.48834
16957,9.629085
16978,9.586862
16999,9.457847
17020,9.53291
17041,9.568096
17062,9.657233
17083,9.66427
17104,9.586862
17125,9.66427
17146,9.622047
17167,9.659579
17188,9.821435
17209,9.77452
17230,9.830817
17251,9.931683
17272,9.969215
17293,10.02317
17314,9.957487
17335,10.0865
17356,10.08885
17377,10.04662
17398,10.08416
17419,10.02082
17440,10.02551
17461,10.04428
17482,10.17564
17503,10.13107
17524,10.05366
17545,10.03724
17566,10.01144
17587,9.959831
17608,9.9223
17629,9.964523
17650,10.03959
17671,9.990326
17692,9.915263
17713,9.934029
17734,10.03959
17755,10.10058
17776,10.08181
17797,10.09588
17818,10.07946
17839,10.05835
17860,10.09354
17881,10.13342
17902,10.19441
17923,10.28354
17944,10.24132
17965,10.307
17986,10.38675
18007,10.3633
18028,10.43836
18049,10.46885
18070,10.41256
18091,10.45009
18112,10.4149
18133,10.45947
18154,10.53688
18175,10.49935
18196,10.55565
18217,10.50404
18238,10.5838
18259,10.54626
18280,10.57207
18301,10.60022
18322,10.53688
18343,10.53688
18364,10.5791
18385,10.55565
18406,10.56738
18427,10.54157
18448,10.61664
18469,10.59552
18490,10.55096
18511,10.55799
18532,10.60256
18553,10.6096
18574,10.60491
18595,10.56738
18616,10.57207
18637,10.59787
18658,10.74565
18679,10.72454
18700,10.72923
18721,10.67762
18742,10.61194
18763,10.6354
18784,10.54626
18805,10.51342
18826,10.50873
18847,10.47589
18868,10.41021
18889,10.307
18910,10.39848
18931,10.32107
18952,10.29292
18973,10.24836
18994,10.29058
19015,10.27181
19036,10.30465
19057,10.32811
19078,10.29996
19099,10.30231
19120,10.38441
19141,10.38441
19162,10.43132
19183,10.44071
19204,10.39145
19225,10.43601
19246,10.42429
19267,10.44774
19288,10.41021
19309,10.45478
19330,10.42663
19351,10.42194
19372,10.34688
19393,10.31404
19414,10.16156
19435,10.18737
19456,10.17798
19477,10.17329
19498,10.17329
19519,10.07243
19540,10.0865
19561,10.20613
19583,10.18268
19605,10.12638
19626,10.02082
19647,10.08181
19668,10.14984
19689,10.14749
19710,10.21083
19731,10.28354
19752,10.33749
19773,10.31638
19794,10.42898
19815,10.45478
19836,10.43132
19857,10.41959
19878,10.54157
19899,10.54626
19920,10.56034
19941,10.62367
19962,10.45947
19983,10.45478
20004,10.33984
20025,10.19441
20046,10.2765
20067,10.07008
20088,9.98798
20109,9.898843
20130,9.748716
20151,9.814397
20172,9.640813
20193,9.586862
20214,9.650196
20235,9.617355
20256,9.666616
20277,9.713531
20298,9.704147
20319,9.654888
20340,9.739333
20361,9.751062
20382,9.701802
20403,9.760445
20424,9.891806
20445,10.08416
20466,10.20144
20487,10.0302
20508,10.09823
20529,10.16626
20550,10.12638
20571,10.05366
20592,10.05366
20613,10.04662
20634,10.03959
20655,9.990326
20676,10.01144
20697,9.941067
20718,9.941067
20739,9.80736
20760,9.854274
20781,9.826125
20802,9.732296
20823,9.619701
20844,9.680691
20865,9.739333
20886,9.584516
20907,9.58217
20928,9.558713
20949,9.425007
20970,9.619701
20991,9.572787
21012,9.420315
21033,9.371055
21054,9.483649
21075,9.392166
21096,9.249077
21117,9.235003
21138,9.279572
21159,9.218582
21180,9.371055
21201,9.368709
21222,9.317103
21243,9.246731
21264,9.211545
21285,9.195126
21306,9.155248
21327,9.15994
21348,9.15994
21369,9.021542
21390,9.127099
21411,9.171668
21432,9.190434
21453,9.101295
21474,9.164631
21495,9.216236
21516,9.213891
21537,9.087222
21558,9.279572
21579,9.305374
21600,9.27488
21621,9.190434
21642,9.199817
21663,9.279572
21684,9.277225
21705,9.293646
21726,9.293646
21747,9.244386
21768,9.375746
21789,9.333523
21810,9.249077
21831,9.347597
21852,9.321795
21873,9.392166
21894,9.408587
21915,9.314757
21936,9.394512
21957,9.422661
21978,9.375746
21999,9.450809
22020,9.425007
22041,9.425007
22062,9.453156
22083,9.504761
22104,9.493032
22125,9.410933
22146,9.476612
22167,9.441426
22188,9.469575
22209,9.460192
22230,9.436735
22251,9.471921
22272,9.434389
22293,9.50007
22314,9.561059
22335,9.507107
22356,9.415624
22377,9.474266
22398,9.509453
22419,9.558713
22440,9.622047
22461,9.497724
22482,9.485995
22503,9.495378
22524,9.530564
22545,9.514144
22566,9.528218
22587,9.563404
22608,9.441426
22629,9.425007
22650,9.413278
22671,9.413278
22692,9.462538
22713,9.375746
22734,9.354634
22755,9.281918
22776,9.277225
22797,9.317103
22818,9.40624
22839,9.34056
22860,9.227965
22881,9.260805
22902,9.213891
22923,9.188088
22944,9.227965
22965,9.2092
22986,9.220928
23007,9.206854
23028,9.256114
23049,9.239694
23070,9.2913
23091,9.202163
23112,9.199817
23133,9.317103
23154,9.249077
23175,9.178705
23196,9.24204
23217,9.108333
23238,9.166977
23259,9.13179
23280,9.122408
23301,9.005121
23322,9.070802
23343,9.005121
23364,8.927712
23385,8.955861
23406,9.01685
23427,8.995738
23448,8.95117
23469,9.04969
23490,9.183396
23511,9.150557
23532,9.143519
23553,9.176359
23574,9.235003
23595,9.349943
23616,9.371055
23637,9.399203
23658,9.586862
23679,9.577478
23700,9.59859
23721,9.828471
23742,10.02082
23763,9.90588
23784,10.0302
23805,10.15687
23826,10.16391
23847,10.07243
23868,10.10996
23889,10.24366
23910,10.26712
23931,10.30465
23952,10.35157
23973,10.36799
23994,10.21552
24015,10.27181
24036,10.39145
24057,10.31638
24078,10.26712
24099,10.16626
24120,10.21317
24141,10.07946
24162,10.13107
24183,10.20848
24204,10.12169
24225,10.05601
24246,10.02551
24267,9.9223
24288,9.945757
24309,9.938721
24330,9.903535
24351,9.908226
24372,10.01144
24393,9.819089
24414,9.901189
24435,9.786248
24456,9.849584
24477,9.736988
24498,9.769828
24519,9.79094
24540,9.629085
24561,9.603281
24582,9.74637
24603,9.554022
24624,9.474266
24645,9.589207
24666,9.577478
24687,9.312411
24708,9.235003
24729,9.612664
24750,9.525873
24771,9.361671
24792,9.284263
24813,9.281918
24834,9.535255
24855,9.410933
24876,9.382783
24897,9.425007
24918,9.577478
24939,9.652542
24960,9.633776
24981,9.654888
25002,9.542293
25023,9.666616
25044,9.610318
25065,9.607973
25086,9.593899
25107,9.661925
25128,9.715877
25149,9.584516
25170,9.622047
25191,9.66427
25212,9.680691
25233,9.685382
25254,9.460192
25275,9.481303
25296,9.464884
25317,9.504761
25338,9.678345
25359,9.687728
25380,9.53291
25401,9.502416
25422,9.61501
25443,9.734642
25464,9.826125
25485,9.823779
25506,9.800323
25527,9.85662
25548,9.844892
25569,9.722914
25590,9.823779
25611,9.891806
25632,9.826125
25653,9.901189
25674,9.849584
25695,9.943413
25716,10.06539
25737,10.0865
25758,10.14749
25779,10.20144
25800,10.14514
25821,10.2249
25842,10.28589
25863,10.33046
25884,10.34453
25905,10.43836
25926,10.43601
25947,10.4149
25968,10.36095
25989,10.40317
26010,10.3633
26031,10.34453
26052,10.45713
26073,10.51342
26094,10.55565
26115,10.67528
26136,10.64244
26157,10.6917
26178,10.60725
26199,10.74096
26220,10.75034
26241,10.79256
26262,10.80429
26283,10.74565
26304,10.94738
26325,11.00368
26346,10.99195
26367,11.00368
26388,10.90516
26409,10.91689
26430,10.84417
26451,10.89812
26472,10.94973
26493,10.8301
26514,10.83713
26535,10.86997
26556,10.79022
26577,10.78553
26598,10.82541
26619,10.81368
26640,10.87936
26661,10.8301
26682,10.82306
26703,10.99899
26724,10.88405
26745,10.84652
26766,10.94738
26787,10.88639
26808,10.79491
26829,10.82775
26850,10.8817
26871,10.90281
26892,10.99195
26913,10.93331
26934,10.86528
26955,10.83948
26976,10.84417
26997,10.63775
27018,10.56268
27039,10.45713
27060,10.39848
27081,10.50639
27102,10.37737
27123,10.36799
27144,10.37503
27165,10.25774
27186,10.27885
27207,10.26008
27228,10.15218
27249,10.16626
27270,10.24366
27291,10.1686
27312,10.13811
27333,10.3328
27354,10.26712
27375,10.33984
27396,10.34453
27417,10.34688
27438,10.39145
27459,10.36799
27480,10.39614
27501,10.43836
27522,10.39145
27543,10.25305
27564,10.37503
27585,10.30231
27606,10.1991
27627,10.15687
27648,10.21786
27669,10.15453
27690,10.06773
27711,10.12403
27732,9.926992
27753,9.997364
27774,10.02551
27795,9.732296
27816,9.704147
27837,9.868348
27858,9.823779
27879,9.77452
27900,9.701802
27921,9.643159
27942,9.678345
27963,9.800323
27984,9.753407
28005,9.633776
28026,9.629085
28047,9.671308
28068,9.797977
28089,9.671308
28110,9.600936
28131,9.64785
28152,9.79094
28173,9.800323
28194,9.725259
28215,9.769828
28236,9.793285
28257,9.849584
28278,9.80736
28299,9.668962
28320,9.685382
28341,9.603281
28362,9.59859
28383,9.568096
28404,9.54933
28425,9.619701
28446,9.450809
28467,9.34056
28488,9.455501
28509,9.525873
28530,9.619701
28551,9.586862
28572,9.485995
28593,9.521181
28614,9.570441
28635,9.575133
28656,9.58217
28677,9.539948
28698,9.619701
28719,9.610318
28740,9.622047
28761,9.579824
28782,9.554022
28803,9.326486
28824,9.394512
28845,9.584516
28866,9.303029
28887,9.052036
28908,9.026234
28929,9.188088
28950,9.267843
28971,9.056727
28992,8.95117
29013,8.962898
29034,9.021542
29055,9.042653
29076,9.059073
29097,9.007467
29118,9.152903
29139,9.169322
29160,9.202163
29181,9.249077
29202,9.399203
29223,9.385129
29244,9.333523
29265,9.378092
29286,9.364017
29307,9.56575
29328,9.464884
29349,9.373401
29370,9.425007
29391,9.478958
29412,9.408587
29433,9.455501
29454,9.380438
29475,9.366363
29496,9.40624
29517,9.314757
29538,9.354634
29559,9.41797
29580,9.392166
29601,9.333523
29622,9.328832
29643,9.403895
29664,9.314757
29685,9.364017
29706,9.314757
29727,9.30772
29748,9.331178
29769,9.347597
29790,9.319448
29811,9.305374
29832,9.303029
29853,9.317103
29874,9.41797
29895,9.378092
29916,9.345251
29937,9.387475
29958,9.270188
29979,9.396858
30000,9.333523
30021,9.256114
30042,9.319448
30063,9.364017
30084,9.235003
30105,9.281918
30126,9.190434
30147,9.113025
30168,9.185742
30189,9.110679
30210,9.04969
30231,9.150557
30252,9.08253
30273,9.115371
30294,9.176359
30315,9.136482
30337,9.176359
30360,9.185742
30381,9.220928
30402,9.249077
30423,9.2092
30444,9.272534
30465,9.253768
30486,9.359325
30507,9.467229
30528,9.455501
30549,9.563404
30570,9.56575
30591,9.61501
30612,9.54933
30633,9.539948
30654,9.469575
30675,9.563404
30696,9.455501
30717,9.373401
30738,9.420315
30759,9.265497
30780,9.253768
30801,9.267843
30822,9.2092
30843,8.962898
30864,8.915984
30885,9.014504
30906,9.073148
30927,9.014504
30948,9.103642
30969,9.293646
30990,9.410933
31011,9.432044
31032,9.485995
31053,9.509453
31074,9.718222
31095,9.607973
31116,9.77452
31137,9.912917
31158,9.894152
31180,9.976252
31201,10.02317
31222,10.04897
31243,10.08181
31264,10.01144
31285,9.997364
31306,10.04897
31327,9.992672
31348,9.884768
31369,9.934029
31390,10.0302
31411,9.941067
31432,9.861312
31453,9.992672
31474,9.847238
31495,9.861312
31516,9.903535
31537,9.915263
31558,9.706493
31579,9.711185
31600,9.835509
31621,9.917608
31642,9.692419
31663,9.577478
31684,9.636122
31705,9.676
31726,9.643159
31747,9.694765
31768,9.713531
31789,9.624393
31810,9.683037
31831,9.718222
31852,9.826125
31873,9.830817
31894,9.58217
31915,9.687728
31936,9.77452
31957,9.683037
31978,9.554022
31999,9.706493
32020,9.736988
32041,9.509453
32062,9.50007
32083,9.629085
32104,9.652542
32125,9.422661
32146,9.471921
32167,9.551676
32188,9.556367
32209,9.481303
32230,9.399203
32251,9.453156
32272,9.474266
32293,9.347597
32314,9.326486
32335,9.328832
32356,9.195126
32377,9.265497
32398,9.218582
32419,9.23031
32440,9.265497
32461,9.054381
32482,9.185742
32503,9.277225
32524,9.181051
32545,9.295992
32566,9.523527
32587,9.544639
32608,9.718222
32629,9.556367
32650,9.514144
32671,9.643159
32692,9.584516
32713,9.725259
32734,9.718222
32755,9.788594
32776,9.835509
32797,9.781557
32818,9.912917
32839,9.866002
32860,9.952795
32881,10.00909
32902,10.14984
32923,10.23897
32944,10.25539
32965,10.37033
32986,10.43601
33007,10.51811
33028,10.42194
33049,10.45478
33070,10.36095
33091,10.37268
33112,10.42898
33133,10.45947
33154,10.44774
33175,10.30231
33196,10.1686
33217,10.13811
33238,10.13107
33259,10.17095
33280,10.14984
33301,10.14749
33322,10.14749
33343,10.1428
33364,10.22959
33385,10.25305
33406,10.29762
33427,10.25305
33448,10.22959
33469,10.24836
33490,10.31404
33511,10.34453
33532,10.29527
33553,10.35391
33574,10.3891
33595,10.27885
33616,10.32576
33637,10.40317
33658,10.42663
33679,10.35861
33700,10.31638
33721,10.35157
33742,10.36564
33763,10.33984
33784,10.29996
33805,10.3891
33826,10.36095
33847,10.39614
33868,10.41725
33889,10.32107
33910,10.34453
33931,10.32342
33952,10.48293
33973,10.48058
33994,10.40787
34015,10.48293
34036,10.55799
34057,10.54861
34078,10.45713
34099,10.52984
34120,10.57676
34141,10.52984
34162,10.57207
34183,10.54392
34204,10.63071
34225,10.66355
34246,10.64713
34267,10.68701
34288,10.70812
34309,10.64947
34330,10.74096
34351,10.71281
34372,10.71046
34393,10.78787
34414,10.80429
34435,10.70812
34456,10.73158
34477,10.72688
34498,10.75972
34519,10.7175
34540,10.66355
34561,10.64947
34582,10.56268
34603,10.52984
34624,10.51811
34645,10.40083
34666,10.43132
34687,10.48058
34708,10.34219
34729,10.37737
34750,10.29996
34771,10.22021
34792,10.29292
34813,10.17564
34834,10.09823
34855,10.18033
34876,10.11465
34897,10.01613
34918,10.0865
34939,10.0607
34960,9.912917
34981,9.978598
35002,9.931683
35023,9.847238
35044,9.805015
35065,9.706493
35086,9.645505
35107,9.657233
35128,9.636122
35149,9.596244
35170,9.570441
35191,9.474266
35212,9.51649
35233,9.408587
35254,9.495378
35275,9.408587
35296,9.446118
35317,9.502416
35338,9.51649
35359,9.554022
35380,9.58217
35401,9.56575
35422,9.685382
35443,9.718222
35464,9.800323
35485,9.711185
35506,9.814397
35527,9.90588
35548,9.903535
35569,9.861312
35590,9.992672
35611,10.02082
35632,10.04193
35653,10.01848
35674,9.992672
35695,10.01613
35716,10.04662
35737,10.07712
35758,10.05835
35779,10.04428
35800,10.13107
35821,10.06539
35842,10.10292
35863,10.07243
35884,10.11934
35905,10.03255
35926,10.2507
35947,10.18971
35968,10.10996
35989,10.22255
36010,10.14749
36031,10.15453
36052,10.10292
36073,10.14984
36094,10.10761
36115,10.08181
36136,10.15922
36157,10.31638
36178,10.20613
36199,10.11465
36220,10.1991
36241,10.30465
36262,10.2507
36283,10.21786
36304,10.2812
36325,10.29527
36346,10.28589
36367,10.27416
36388,10.41256
36409,10.40552
36430,10.42429
36451,10.40552
36472,10.29996
36493,10.34453
36514,10.26478
36535,10.2765
36556,10.13811
36577,10.05132
36598,9.880077
36619,10.00909
36640,10.03959
36661,9.90588
36682,9.903535
36703,9.915263
36724,9.7581
36745,9.835509
36766,9.877731
36787,9.765137
36808,9.718222
36829,9.753407
36850,9.617355
36871,9.603281
36892,9.577478
36913,9.450809
36934,9.272534
36955,9.300683
36976,9.413278
36997,9.354634
37018,9.371055
37039,9.256114
37060,9.197471
37081,9.368709
37102,9.2913
37123,9.25846
37144,9.314757
37165,9.204508
37186,9.213891
37207,9.235003
37228,9.2913
37249,9.30772
37270,9.35698
37291,9.382783
37312,9.507107
37333,9.622047
37354,9.673654
37375,9.659579
37396,9.736988
37417,9.769828
37438,9.612664
37459,9.638468
37480,9.690074
37501,9.701802
37522,9.624393
37543,9.591553
37564,9.539948
37585,9.638468
37606,9.61501
37627,9.509453
37648,9.457847
37669,9.521181
37690,9.48834
37711,9.478958
37732,9.528218
37753,9.539948
37774,9.483649
37795,9.542293
37816,9.525873
37837,9.462538
37858,9.626739
37879,9.640813
37900,9.699456
37921,9.586862
37942,9.521181
37963,9.504761
37984,9.528218
38005,9.471921
38026,9.399203
38047,9.382783
38068,9.34056
38089,9.375746
38110,9.293646
38131,9.364017
38152,9.333523
38173,9.270188
38194,9.382783
38215,9.281918
38236,9.38982
38257,9.375746
38278,9.321795
38299,9.331178
38320,9.251423
38341,9.225619
38362,9.204508
38383,9.232656
38404,9.183396
38425,9.211545
38446,9.300683
38467,9.284263
38488,9.202163
38509,9.143519
38530,9.281918
38551,9.279572
38572,9.213891
38593,9.223273
38614,9.183396
38635,9.354634
38656,9.279572
38677,9.415624
38698,9.312411
38719,9.300683
38740,9.441426
38761,9.425007
38782,9.439081
38803,9.373401
38824,9.335869
38845,9.286609
38866,9.314757
38887,9.213891
38908,9.408587
38929,9.288955
38950,9.263151
38971,9.277225
38992,9.392166
39013,9.270188
39034,9.314757
39055,9.312411
39076,9.286609
39097,9.338214
39118,9.385129
39139,9.375746
39160,9.41797
39181,9.535255
39202,9.535255
39223,9.464884
39244,9.575133
39265,9.575133
39286,9.626739
39307,9.586862
39328,9.718222
39349,9.676
39370,9.61501
39391,9.685382
39412,9.631431
39433,9.631431
39454,9.64785
39475,9.577478
39496,9.415624
39517,9.554022
39538,9.591553
39559,9.432044
39580,9.328832
39601,9.279572
39622,9.378092
39643,9.314757
39664,9.178705
39685,9.120062
39706,9.239694
39727,9.310066
39748,9.441426
39769,9.410933
39790,9.415624
39811,9.312411
39832,9.58217
39853,9.725259
39874,9.760445
39895,9.776865
39916,9.915263
39937,9.926992
39958,9.903535
39979,9.934029
40000,10.04897
40021,9.962177
40042,9.729951
40063,9.812052
40084,9.772174
40105,9.577478
40126,9.744025
40147,9.739333
40168,9.676
40189,9.570441
40210,9.61501
40231,9.652542
40252,9.568096
40273,9.589207
40294,9.706493
40315,9.668962
40336,9.666616
40357,9.678345
40378,9.610318
40399,9.612664
40420,9.622047
40441,9.471921
40462,9.593899
40483,9.708839
40504,9.535255
40525,9.385129
40546,9.715877
40567,9.781557
40588,9.61501
40609,9.704147
40630,9.887115
40651,9.849584
40672,9.708839
40693,9.722914
40714,9.85662
40735,9.90588
40756,9.629085
40777,9.673654
40798,9.795631
40819,9.788594
40840,9.676
40861,9.654888
40882,9.77452
40903,9.842546
40924,9.650196
40945,9.687728
40966,9.584516
40987,9.589207
41008,9.61501
41029,9.596244
41050,9.525873
41071,9.521181
41092,9.507107
41113,9.481303
41134,9.591553
41155,9.544639
41176,9.509453
41197,9.607973
41218,9.760445
41239,9.776865
41260,9.741679
41281,9.589207
41302,9.619701
41323,9.767483
41344,9.711185
41365,9.643159
41386,9.736988
41407,9.753407
41428,9.657233
41449,9.622047
41470,9.701802
41491,9.699456
41512,9.713531
41533,9.793285
41554,9.722914
41575,9.66427
41596,9.711185
41617,9.755754
41638,9.837853
41659,9.934029
41680,9.952795
41701,9.945757
41722,9.971561
41743,9.976252
41764,10.1991
41785,10.20613
41806,10.20848
41827,10.29527
41848,10.32576
41869,10.31638
41890,10.37033
41911,10.45009
41932,10.38675
41953,10.51577
41974,10.32811
41995,10.46885
42016,10.41959
42037,10.47824
42058,10.42194
42079,10.497
42100,10.50404
42121,10.46651
42142,10.49935
42163,10.48058
42184,10.39379
42205,10.42194
42226,10.33515
42247,10.40083
42268,10.40787
42289,10.46416
42310,10.3891
42331,10.38206
42352,10.47589
42373,10.53923
42394,10.55565
42415,10.60022
42436,10.4712
42457,10.49935
42478,10.47589
42499,10.64713
42520,10.51577
42541,10.70343
42562,10.73158
42583,10.7996
42604,10.75034
42625,10.72923
42646,10.63071
42667,10.54626
42688,10.38675
42709,10.48293
42730,10.40083
42751,10.27885
42772,10.44305
42793,10.37972
42814,10.51108
42835,10.39379
42856,10.40552
42877,10.31638
42898,10.26478
42919,10.34453
42940,10.34219
42961,10.37033
42982,10.34688
43003,10.56503
43024,10.67997
43045,10.61898
43066,10.62367
43087,10.31638
43108,10.21786
43129,10.20144
43150,10.09588
43171,10.04428
43192,10.01613
43213,9.896498
43234,10.03959
43255,10.23663
43276,9.805015
43297,9.929338
43318,9.753407
43339,9.926992
43360,9.753407
43381,9.980944
43402,9.969215
43423,10.00206
43444,9.753407
43465,9.903535
43486,9.816743
43507,9.87304
43528,9.844892
43549,10.23897
43570,10.23428
43591,10.27416
43612,10.39614
43633,10.58849
43654,10.40552
43675,10.75503
43696,10.61898
43717,10.54392
43738,10.64244
43759,10.65417
43780,10.78553
43801,10.85121
43822,10.71985
43843,10.61664
43864,10.56503
43885,10.5838
43906,10.59083
43927,10.62133
43948,10.49935
43969,10.62836
43990,10.59787
44011,10.73392
44032,10.62367
44053,10.66121
44074,10.55565
44095,10.49231
44116,10.68232
44137,10.69874
44158,10.69874
44179,10.51342
44200,10.70343
44221,10.938
44242,10.70343
44263,10.54392
44284,10.66824
44305,10.53219
44326,10.59787
44347,10.58145
44368,10.43367
44389,10.4149
44410,10.35861
44431,10.26008
44452,10.0607
44473,10.07946
44494,9.959831
44515,9.851928
44536,9.898843
44557,9.896498
44578,9.629085
44599,9.504761
44620,9.544639
44641,9.617355
44662,9.600936
44683,9.546985
44704,9.415624
44725,9.478958
44746,9.546985
44767,9.40624
44788,9.354634
44809,9.493032
44830,9.535255
44851,9.429698
44872,9.352288
44893,9.281918
44914,9.312411
44935,9.145865
44956,8.941787
44977,8.906601
44998,9.059073
45019,8.925366
45040,8.805735
45061,8.796351
45082,8.723634
45103,8.679066
45124,8.707214
45145,8.756474
45166,8.838574
45187,8.946478
45208,8.859686
45229,8.962898
45250,9.061419
45271,9.044999
45292,9.005121
45313,9.047344
45334,9.087222
45355,9.181051
45376,9.225619
45397,9.256114
45418,9.223273
45439,9.199817
45460,9.331178
45481,9.333523
45502,9.190434
45523,9.34056
45544,9.349943
45565,9.420315
45586,9.298337
45607,9.303029
45628,9.333523
45649,9.298337
45670,9.249077
45691,9.204508
45712,9.401549
45733,9.23031
45754,9.260805
45775,9.199817
45796,9.134136
45817,9.110679
45838,9.04969
45859,9.108333
45880,9.2092
45901,9.136482
45922,9.199817
45943,9.134136
45964,9.195126
45985,9.204508
46006,9.213891
46027,9.190434
46048,9.218582
46069,9.281918
46090,9.195126
46111,9.19278
46132,9.246731
46153,9.354634
46174,9.286609
46195,9.34056
46216,9.284263
46237,9.256114
46258,9.265497
46279,9.24204
46300,9.211545
46321,9.068456
46342,9.084876
46363,9.040307
46384,8.918329
46405,9.002776
46426,8.962898
46447,8.932404
46468,8.883143
46489,8.90191
46510,8.962898
46531,8.955861
46552,8.937096
46573,8.995738
46594,9.012158
46615,8.988701
46636,9.056727
46657,9.113025
46678,9.077839
46699,9.136482
46720,9.094258
46741,9.155248
46762,9.101295
46783,9.143519
46804,9.096604
46825,8.993393
46846,8.988701
46867,8.974627
46888,8.876106
46909,8.90191
46930,8.761166
46951,8.690794
46972,8.768204
46993,8.697831
47014,8.636843
47035,8.606348
47056,8.69314
47077,8.737708
47098,8.756474
47119,8.808081
47140,8.873761
47161,8.831537
47182,8.84092
47203,8.810426
47224,8.913638
47245,9.091913
47266,9.213891
47287,9.354634
47308,9.542293
47329,9.619701
47350,9.781557
47371,10.03255
47392,10.09354
47413,10.22255
47434,10.27416
47455,10.47589
47476,10.44305
47497,10.38206
47518,10.35861
47539,10.36564
47560,10.51108
47581,10.37737
47602,10.35626
47623,10.34453
47644,10.27181
47665,10.17798
47686,10.20848
47707,10.38675
47728,10.17095
47749,10.10058
47770,10.15922
47791,10.0865
47812,10.28354
47833,10.18033
47854,10.16156
47875,10.10996
47896,9.908226
47917,9.948103
47938,10.18971
47959,10.08416
47980,9.889461
48001,9.837853
48022,10.08416
48043,9.908226
48064,9.826125
48085,9.936375
48106,9.990326
48127,10.00206
48148,10.0044
48169,9.833163
48190,9.861312
48211,9.889461
48232,9.924646
48253,9.767483
48274,9.736988
48295,9.875386
48316,9.962177
48337,9.727605
48358,9.706493
48379,9.826125
48400,9.725259
48421,9.80736
48442,9.739333
48463,9.697111
48484,9.638468
48505,9.591553
48526,9.668962
48547,9.736988
48568,9.809706
48589,9.765137
48610,9.690074
48631,9.657233
48652,9.657233
48673,9.58217
48694,9.66427
48715,9.678345
48736,9.671308
48757,9.704147
48778,9.711185
48799,9.697111
48820,9.706493
48841,9.783903
48862,9.739333
48883,9.661925
48904,9.551676
48925,9.570441
48946,9.570441
48967,9.638468
48988,9.561059
49009,9.495378
49030,9.54933
49051,9.570441
49072,9.535255
49093,9.481303
49114,9.542293
49135,9.668962
49156,9.654888
49177,9.701802
49198,9.800323
49219,9.823779
49240,9.9223
49261,9.887115
49282,10.0607
49303,10.00675
49324,10.17798
49345,10.23897
49366,10.18737
49387,10.21786
49408,10.28589
49429,10.28354
49450,10.28823
49471,10.24836
49492,10.1991
49513,10.14984
49534,10.10761
49555,10.08416
49576,10.1123
49597,9.950449
49618,9.978598
49639,10.03959
49660,10.00206
49681,9.936375
49702,10.00675
49723,9.952795
49744,10.02317
49765,10.09588
49786,10.09588
49807,10.22959
49828,10.29527
49849,10.24366
49870,10.40552
49891,10.49231
49912,10.65651
49933,10.48997
49954,10.5791
49975,10.54392
49996,10.52046
50017,10.46651
50038,10.41959
50059,10.41021
50080,10.50169
50101,10.48293
50122,10.38441
50143,10.42194
50164,10.47824
50185,10.5275
50206,10.42663
50227,10.39848
50248,10.31638
50269,10.33515
50290,10.35626
50311,10.41959
50332,10.56738
50353,10.56503
50374,10.49466
50395,10.4712
50416,10.55799
50437,10.52046
50458,10.64009
50479,10.61664
50500,10.61429
50521,10.70108
50542,10.67059
50563,10.57441
50584,10.6096
50605,10.51342
50626,10.49466
50647,10.48528
50668,10.59318
50689,10.44071
50710,10.45713
50731,10.42663
50752,10.32576
50773,10.30935
50794,10.2507
50815,10.40787
50836,10.38441
50857,10.40317
50878,10.31404
50899,10.37503
50920,10.33515
50941,10.3891
50962,10.43601
50983,10.50639
51004,10.44774
51025,10.47589
51046,10.52281
51067,10.46651
51088,10.50639
51109,10.46885
51130,10.44774
51151,10.45947
51172,10.37268
51193,10.33046
51214,10.30465
51235,10.31873
51256,10.27416
51277,10.37737
51298,10.26243
51319,10.13107
51340,10.22255
51361,10.13342
51382,10.13576
51403,10.13342
51424,10.03489
51445,10.07946
51466,10.04193
51487,10.03959
51508,9.98329
51529,10.06773
51550,9.999709
51571,10.01848
51592,10.06773
51613,10.06539
51634,10.18033
51655,10.22021
51676,10.18971
51697,10.31638
51718,10.24132
51739,10.23663
51760,10.31169
51781,10.12403
51802,10.22021
51823,10.25774
51847,10.32576
51872,10.31873
51893,10.22725
51914,10.17798
51935,10.17095
51956,10.20144
51977,10.12169
51998,10.04193
52019,10.06773
52040,10.06539
52061,10.10292
52082,9.950449
52103,9.908226
52124,9.948103
52145,9.776865
52166,9.805015
52187,9.837853
52208,9.725259
52229,9.485995
52250,9.40624
52271,9.654888
52292,9.626739
52313,9.643159
52334,9.626739
52355,9.554022
52376,9.711185
52397,9.593899
52418,9.539948
52439,9.53291
52460,9.528218
52481,9.591553
52502,9.413278
52523,9.396858
52544,9.422661
52565,9.509453
52586,9.476612
52607,9.345251
52628,9.399203
52649,9.286609
52670,9.2913
52691,9.190434
52712,9.24204
52733,9.267843
52754,9.2092
52775,9.235003
52796,9.211545
52817,9.300683
52838,9.354634
52859,9.364017
52880,9.190434
52901,9.162285
52922,9.267843
52943,9.277225
52964,9.295992
52985,9.319448
53006,9.345251
53027,9.432044
53048,9.396858
53069,9.450809
53090,9.593899
53111,9.469575
53132,9.368709
53153,9.382783
53174,9.216236
53195,9.342906
53216,9.436735
53237,9.319448
53258,9.213891
53279,9.288955
53300,9.293646
53321,9.199817
53342,9.164631
53363,9.122408
53384,9.101295
53405,9.13179
53426,9.101295
53447,9.129445
53468,9.23031
53489,9.24204
53511,9.333523
53532,9.24204
53553,9.380438
53574,9.453156
53595,9.464884
53616,9.387475
53637,9.410933
53658,9.455501
53679,9.434389
53700,9.425007
53721,9.455501
53742,9.495378
53763,9.478958
53784,9.51649
53805,9.446118
53826,9.371055
53847,9.413278
53868,9.415624
53889,9.368709
53910,9.335869
53931,9.253768
53952,9.342906
53973,9.413278
53994,9.267843
54015,9.394512
54036,9.235003
54057,9.288955
54078,9.286609
54099,9.349943
54120,9.375746
54141,9.310066
54162,9.38982
54183,9.483649
54204,9.514144
54225,9.645505
54246,9.568096
54267,9.509453
54288,9.450809
54309,9.481303
54330,9.396858
54351,9.375746
54372,9.244386
54393,9.185742
54414,9.155248
54435,9.129445
54456,9.155248
54477,9.15994
54498,9.117716
54519,9.113025
54540,9.094258
54561,9.164631
54582,9.148211
54603,9.089567
54624,9.213891
54645,9.216236
54666,9.166977
54687,9.202163
54708,9.141173
54729,9.277225
54750,9.166977
54771,9.24204
54792,9.211545
54813,9.176359
54834,9.181051
54855,9.164631
54876,9.13179
54897,9.089567
54918,9.066111
54939,9.070802
54960,8.93475
54981,8.869069
55002,8.812772
55023,8.803389
55044,8.854995
55065,8.723634
55086,8.782278
55107,8.733017
55128,8.786969
55149,8.803389
55170,8.845612
55191,8.880798
55212,8.873761
55233,8.883143
55254,8.958207
55275,9.028579
55296,9.129445
55317,9.277225
55338,9.300683
55359,9.493032
55380,9.570441
55401,9.767483
55422,9.912917
55443,10.11934
55464,10.20144
55485,10.05601
55506,10.18502
55527,10.57441
55548,10.56268
55569,10.38206
55590,10.34453
55611,10.36095
55632,10.30935
55653,10.38441
55674,10.14984
55695,10.3633
55716,10.28589
55737,10.0044
55758,10.19675
55779,9.98798
55800,10.33046
55821,10.18033
55842,10.01848
55863,9.901189
55884,10.0865
55905,10.05366
55926,9.858966
55947,9.849584
55968,9.999709
55989,9.783903
56010,9.629085
56031,9.889461
56052,9.783903
56073,9.713531
56094,9.636122
56115,9.800323
56136,9.797977
56157,9.802669
56178,9.79094
56199,9.781557
56220,9.812052
56241,9.969215
56262,9.847238
56283,9.779211
56304,9.74637
56325,9.833163
56346,9.722914
56367,9.66427
56388,9.85662
56409,9.80736
56430,9.561059
56451,9.715877
56472,9.600936
56493,9.694765
56514,9.828471
56535,9.835509
56556,9.779211
56577,9.687728
56598,9.739333
56619,9.896498
56640,9.898843
56661,9.861312
56682,9.739333
56703,9.931683
56724,9.966869
56745,9.955141
56766,9.812052
56787,9.887115
56808,9.837853
56829,9.894152
56850,9.934029
56871,10.02082
56892,9.959831
56913,9.985635
56934,9.98329
56955,9.955141
56976,9.964523
56997,9.966869
57018,9.985635
57039,9.898843
57060,9.950449
57081,10.05835
57102,10.05366
57123,10.0865
57144,10.03724
57165,10.08885
57186,10.09119
57207,10.02786
57228,10.07243
57249,10.10292
57270,10.19441
57291,10.28354
57312,10.0865
57333,10.15922
57354,10.12638
57375,10.29527
57396,10.23897
57417,10.24601
57438,10.21552
57459,10.17095
57480,10.12872
57501,10.1686
57522,10.1991
57543,10.05835
57564,10.19441
57585,10.26243
57606,10.1686
57627,10.12872
57648,10.117
57669,10.05601
57690,10.0302
57711,9.962177
57732,9.962177
57753,9.87304
57774,9.783903
57795,9.821435
57816,9.924646
57837,10.05366
57858,10.00675
57879,10.1123
57900,10.1686
57921,10.3328
57942,10.37268
57963,10.21552
57984,10.20379
58005,10.40317
58026,10.42429
58047,10.35626
58068,10.32811
58089,10.40787
58110,10.39145
58131,10.48997
58152,10.34688
58173,10.3328
58194,10.47355
58215,10.48293
58236,10.49231
58257,10.50404
58278,10.45009
58299,10.45947
58320,10.53923
58341,10.51811
58362,10.60022
58383,10.48528
58404,10.67059
58425,10.63775
58446,10.62602
58467,10.65886
58488,10.67997
58509,10.72923
58530,10.6917
58551,10.64713
58572,10.66121
58593,10.55565
58614,10.53688
58635,10.57441
58656,10.5791
58677,10.56503
58698,10.50169
58719,10.36564
58740,10.30935
58761,10.34688
58782,10.32107
58803,10.20379
58824,10.2507
58845,10.16156
58866,10.15218
58887,10.15922
58908,10.06773
58929,9.997364
58950,10.07243
58971,10.07477
58992,10.08181
59013,10.1123
59034,10.13576
59055,10.1428
59076,10.13342
59097,10.18971
59118,10.16156
59139,10.04897
59160,9.980944
59181,10.07946
59202,10.10761
59223,10.01848
59244,10.13107
59265,10.01848
59286,9.999709
59307,9.969215
59328,9.898843
59349,9.748716
59370,9.835509
59391,9.870694
59412,9.793285
59433,9.814397
59454,9.819089
59475,9.640813
59496,9.720568
59517,9.692419
59538,9.643159
59559,9.685382
59580,9.713531
59601,9.708839
59622,10.00675
59643,9.889461
59664,9.884768
59685,9.941067
59706,9.971561
59727,10.02551
59748,10.12403
59769,10.17798
59790,10.2249
59811,10.33984
59832,10.33515
59853,10.2812
59874,10.40083
59895,10.40552
59916,10.27885
59937,10.4149
59958,10.307
59979,10.31873
60000,10.28823
60021,10.23897
60042,10.307
60063,10.29292
60084,10.32811
60105,10.26243
60126,10.3633
60147,10.35157
60168,10.18737
60189,10.1991
60210,10.17564
60231,10.1428
60252,10.14514
60273,10.13107
60294,10.08416
60315,10.26008
60336,10.13811
60357,9.985635
60378,9.98329
60399,10.03255
60420,10.1123
60441,9.999709
60462,9.908226
60483,9.819089
60504,9.85662
60525,10.00675
60546,9.858966
60567,9.718222
60588,9.722914
60609,9.926992
60630,10.09823
60651,9.781557
60672,9.61501
60693,9.640813
60714,9.676
60735,9.736988
60756,9.624393
60777,9.558713
60798,9.603281
60819,9.577478
60840,9.605627
60861,9.610318
60882,9.643159
60903,9.661925
60924,9.680691
60945,9.678345
60966,9.683037
60987,9.554022
61008,9.507107
61029,9.589207
61050,9.373401
61071,9.41797
61092,9.467229
61113,9.713531
61134,9.79094
61155,9.603281
61176,9.469575
61197,9.453156
61218,9.432044
61239,9.326486
61260,9.448463
61281,9.659579
61302,9.493032
61323,9.347597
61344,9.394512
61365,9.288955
61386,9.2913
61407,9.335869
61428,9.220928
61449,8.991047
61470,9.256114
61491,9.345251
61512,9.223273
61533,9.150557
61554,9.206854
61575,9.162285
61596,9.084876
61617,9.195126
61638,9.267843
61659,9.237348
61680,9.244386
61701,9.185742
61722,9.317103
61743,9.239694
61764,9.317103
61785,9.239694
61806,9.256114
61827,9.27488
61848,9.249077
61869,9.232656
61890,9.190434
61911,9.225619
61932,9.246731
61953,9.157594
61974,9.199817
61995,9.103642
62016,9.206854
62037,9.094258
62058,9.052036
62079,9.087222
62100,8.988701
62121,9.009813
62142,9.068456
62163,8.988701
62184,9.141173
62205,9.08253
62226,9.148211
62247,9.202163
62268,9.263151
62289,9.295992
62310,9.202163
62331,9.235003
62352,9.227965
62373,9.2092
62394,9.335869
62415,9.272534
62436,9.249077
62457,9.279572
62478,9.211545
62499,9.143519
62520,9.178705
62541,9.08253
62562,9.009813
62583,9.028579
62604,9.127099
62625,9.136482
62646,9.185742
62667,8.979319
62688,9.00043
62709,9.2092
62730,9.197471
62751,9.220928
62772,9.183396
62793,9.166977
62814,9.256114
62835,9.256114
62856,9.312411
62877,9.321795
62898,9.38982
62919,9.434389
62940,9.420315
62961,9.401549
62982,9.368709
63003,9.359325
63024,9.413278
63045,9.352288
63066,9.331178
63087,9.251423
63108,9.303029
63129,9.312411
63150,9.312411
63171,9.239694
63192,9.157594
63213,9.162285
63234,9.089567
63255,9.150557
63276,9.171668
63297,9.235003
63318,9.152903
63339,9.223273
63360,9.48834
63381,9.319448
63402,9.359325
63423,9.455501
63444,9.502416
63465,9.558713
63486,9.678345
63507,9.690074
63528,9.645505
63549,9.767483
63570,9.751062
63591,9.725259
63612,9.676
63633,9.77452
63654,9.769828
63675,9.739333
63696,9.98329
63717,9.945757
63738,9.882422
63759,9.87304
63780,9.997364
63801,10.04662
63822,9.997364
63843,10.05366
63864,10.05132
63885,10.03489
63906,10.07008
63927,10.0865
63948,10.04193
63969,9.969215
63990,9.896498
64011,10.03724
64032,9.952795
64053,9.87304
64074,9.821435
64095,9.889461
64116,9.87304
64137,9.898843
64158,9.814397
64179,9.816743
64200,9.802669
64221,9.779211
64242,9.805015
64263,9.676
64284,9.821435
64305,9.767483
64326,9.706493
64347,9.833163
64368,9.704147
64389,9.66427
64410,9.826125
64431,9.776865
64452,9.866002
64473,9.577478
64494,9.769828
64515,9.821435
64536,9.718222
64557,9.626739
64578,9.591553
64599,9.678345
64620,9.678345
64641,9.74637
64662,9.828471
64683,9.77452
64704,9.706493
64725,9.687728
64746,9.605627
64767,9.633776
64788,9.732296
64809,9.781557
64830,9.570441
64851,9.762791
64872,9.654888
64893,9.612664
64914,9.661925
64935,9.793285
64956,9.898843
64977,9.720568
64998,9.809706
65019,9.903535
65040,9.934029
65061,9.978598
65082,9.973906
65103,10.06773
65124,10.14749
65145,9.973906
65166,10.0302
65187,10.18033
65208,10.07477
65229,10.10996
65250,10.00909
65271,10.10996
65292,10.05366
65313,10.07477
65334,10.12169
65355,10.14045
65376,10.22725
65397,10.21786
65418,10.22725
65439,10.34219
65460,10.30935
65481,10.31169
65502,10.33515
65523,10.36095
65544,10.35391
65565,10.48528
65586,10.40552
65607,10.46416
65628,10.48058
65649,10.59787
65670,10.48528
65691,10.41256
65712,10.43601
65733,10.5533
65754,10.47824
65775,10.47589
65796,10.56268
65817,10.50169
65838,10.44774
65859,10.42194
65880,10.40317
65901,10.39848
65922,10.39145
65943,10.36564
65964,10.47824
65985,10.48997
66006,10.50639
66027,10.4454
66048,10.52515
66069,10.49466
66090,10.48997
66111,10.51811
66132,10.6096
66153,10.55799
66174,10.52046
66195,10.58849
66216,10.54392
66237,10.54626
66258,10.56503
66279,10.67293
66300,10.60491
66321,10.58614
66342,10.56268
66363,10.59083
66384,10.45244
66405,10.44305
66426,10.4712
66447,10.47589
66468,10.44774
66489,10.41256
66510,10.42663
66531,10.42663
66552,10.4149
66573,10.41256
66594,10.32811
66615,10.38206
66636,10.31404
66657,10.30935
66678,10.24132
66699,10.24132
66720,10.24601
66741,10.26478
66762,10.26008
66783,10.26947
66804,10.34219
66825,10.25774
66846,10.28589
66867,10.2507
66888,10.24601
66909,10.32107
66930,10.20144
66951,10.1686
66972,10.15453
66993,10.18971
67014,10.07243
67035,9.98329
67056,9.980944
67077,9.931683
67098,9.898843
67119,9.877731
67140,9.866002
67161,9.739333
67182,9.74637
67203,9.751062
67224,9.837853
67245,9.79094
67266,9.868348
67287,9.793285
67308,9.816743
67329,9.877731
67350,9.842546
67371,9.840199
67392,9.783903
67413,9.948103
67434,10.07946
67455,10.12169
67476,10.20379
67497,10.28589
67518,10.1686
67539,10.23663
67560,10.17564
67581,10.307
67602,10.26008
67623,10.26478
67644,10.3891
67665,10.71516
67686,10.6354
67707,10.54392
67728,10.55565
67749,10.49935
67770,10.29058
67791,10.34219
67812,10.20144
67833,10.17329
67854,10.38441
67875,10.15922
67896,10.36564
67917,10.21317
67938,10.41725
67959,10.36564
67980,10.44305
68001,10.49935
68022,10.43132
68043,10.38206
68064,10.33984
68085,10.40787
68106,10.29058
68127,10.29762
68148,10.32576
68169,10.40317
68190,10.27885
68211,10.01378
68232,9.929338
68253,10.03959
68274,10.12638
68295,10.26712
68316,10.03959
68337,9.941067
68358,9.997364
68379,9.931683
68400,9.9223
68421,9.751062
68442,9.509453
68463,9.636122
68484,9.528218
68505,9.483649
68526,9.413278
68547,9.321795
68568,9.056727
68589,9.066111
68610,8.995738
68631,9.270188
68652,9.265497
68673,9.077839
68694,9.204508
68715,9.267843
68736,9.141173
68757,9.188088
68778,9.073148
68799,9.331178
68820,8.948824
68841,9.04969
68862,9.525873
68883,9.476612
68904,8.993393
68925,9.063765
68946,9.537601
68967,9.427352
68988,9.171668
69009,9.124753
69030,9.249077
69051,9.476612
69072,9.394512
69093,9.026234
69114,9.141173
69135,9.453156
69156,9.420315
69177,8.972281
69198,9.01685
69219,9.364017
69240,9.314757
69261,9.136482
69282,9.042653
69303,9.232656
69324,9.326486
69345,9.256114
69366,9.108333
69387,9.27488
69408,9.375746
69429,9.352288
69450,9.460192
69471,9.537601
69492,9.335869
69513,9.481303
69534,9.518835
69555,9.48834
69576,9.385129
69597,9.518835
69618,9.502416
69639,9.462538
69660,9.471921
69681,9.483649
69702,9.507107
69723,9.518835
69744,9.446118
69765,9.507107
69786,9.457847
69807,9.51649
69828,9.396858
69849,9.53291
69870,9.375746
69891,9.455501
69912,9.436735
69933,9.436735
69954,9.471921
69975,9.434389
69996,9.401549
70017,9.483649
70038,9.427352
70059,9.493032
70080,9.408587
70101,9.450809
70122,9.471921
70143,9.490686
70164,9.497724
70185,9.478958
70206,9.51649
70227,9.554022
70248,9.436735
70269,9.422661
70290,9.425007
70311,9.474266
70332,9.38982
70353,9.387475
70374,9.326486
70395,9.331178
70416,9.364017
70437,9.314757
70458,9.263151
70479,9.272534
70500,9.364017
70521,9.25846
70542,9.157594
70563,9.342906
70584,9.284263
70605,9.218582
70626,9.164631
70647,9.235003
70668,9.141173
70689,9.25846
70710,9.246731
70731,9.195126
70752,9.244386
70773,9.244386
70794,9.24204
70815,9.2092
70836,9.216236
70857,9.143519
70878,9.152903
70899,9.129445
70920,9.028579
70941,9.061419
70962,9.030925
70983,9.01685
71004,8.941787
71025,8.852649
71046,8.761166
71067,8.812772
71088,8.819809
71109,8.744746
71130,8.718943
71151,8.7424
71172,8.751783
71193,8.878452
71214,8.911292
71235,9.061419
71256,9.063765
71277,9.213891
71298,8.90191
71319,9.096604
71340,9.321795
71361,9.373401
71382,9.335869
71403,9.303029
71424,9.457847
71445,9.650196
71466,9.572787
71487,9.657233
71508,9.85662
71529,9.828471
71550,9.795631
71571,9.969215
71592,10.03255
71613,10.0302
71634,9.821435
71655,9.783903
71676,9.797977
71697,9.828471
71718,9.800323
71739,9.819089
71760,9.612664
71781,9.744025
71802,9.887115
71823,9.870694
71844,9.654888
71865,9.837853
71886,9.955141
71907,9.934029
71928,9.948103
71949,10.05835
71970,9.934029
71991,9.966869
72012,10.14749
72033,10.05601
72054,9.819089
72075,9.889461
72096,10.04193
72117,9.858966
72138,9.826125
72159,9.847238
72180,9.772174
72201,9.678345
72222,9.840199
72243,9.821435
72264,9.605627
72285,9.711185
72306,9.934029
72327,9.776865
72348,9.584516
72369,9.767483
72390,9.7581
72411,9.504761
72432,9.687728
72453,9.575133
72474,9.410933
72495,9.481303
72516,9.420315
72537,9.35698
72558,9.511798
72579,9.591553
72600,9.464884
72621,9.586862
72642,9.546985
72663,9.48834
72684,9.645505
72705,9.706493
72726,9.694765
72747,9.835509
72768,9.779211
72789,9.629085
72810,9.697111
72831,9.736988
72852,9.694765
72873,9.668962
72894,9.624393
72915,9.847238
72936,9.795631
72957,9.814397
72978,9.732296
72999,9.711185
73020,9.692419
73041,9.568096
73062,9.781557
73083,9.842546
73104,9.734642
73125,9.936375
73146,10.06773
73167,9.950449
73188,9.964523
73209,10.04662
73230,10.117
73251,10.07712
73272,10.32576
73293,10.53219
73314,10.42898
73335,10.40317
73356,10.59318
73377,10.57441
73398,10.5838
73419,10.48762
73440,10.53923
73461,10.47824
73482,10.50169
73503,10.43367
73524,10.44071
73545,10.52281
73566,10.47355
73587,10.38675
73608,10.51577
73629,10.45478
73650,10.33749
73671,10.34688
73692,10.40083
73713,10.40317
73734,10.38206
73755,10.40317
73776,10.53453
73797,10.68466
73818,10.71516
73839,10.65886
73860,10.70812
73881,10.64947
73902,10.72219
73923,10.86763
73944,10.83479
73965,10.89343
73986,10.91689
74007,10.85355
74028,10.79491
74049,10.79022
74070,10.63071
74091,10.68701
74112,10.55565
74133,10.5533
74154,10.60022
74175,10.5533
74196,10.6096
74217,10.56503
74238,10.47589
74259,10.46651
74280,10.4149
74301,10.46885
74322,10.50873
74343,10.52281
74364,10.49935
74385,10.5533
74406,10.50639
74427,10.52281
74448,10.5791
74469,10.49466
74490,10.4454
74511,10.45244
74532,10.4712
74553,10.39379
74574,10.48293
74595,10.31404
74616,10.24366
74637,10.21552
74658,10.02551
74679,10.05835
74700,9.980944
74721,9.882422
74742,9.959831
74763,9.816743
74784,9.779211
74805,9.762791
74826,9.727605
74847,9.678345
74868,9.828471
74889,9.875386
74910,9.788594
74931,9.863657
74952,10.00909
74973,10.04428
74994,10.06773
75015,10.02082
75036,10.04897
75057,9.997364
75078,10.14045
75099,10.20379
75120,10.20613
75141,10.2249
75162,10.22021
75183,10.19675
75204,10.29527
75225,10.21786
75246,10.20848
75267,10.31169
75288,10.14045
75309,10.14045
75330,10.22725
75351,10.10996
75372,10.18033
75393,9.98329
75414,9.980944
75435,9.882422
75456,9.948103
75477,9.955141
75498,9.800323
75519,9.797977
75540,9.772174
75561,9.891806
75582,9.880077
75603,9.697111
75624,9.755754
75645,9.678345
75666,9.866002
75687,9.835509
75708,9.889461
75729,9.858966
75750,9.910572
75771,9.966869
75792,9.945757
75813,9.955141
75834,9.943413
75855,10.1428
75876,10.16156
75897,9.868348
75918,10.00675
75939,9.995018
75960,9.910572
75981,9.934029
76002,9.847238
76023,9.849584
76044,9.762791
76065,9.924646
76086,9.875386
76107,9.776865
76128,9.948103
76149,10.04428
76170,9.849584
76191,9.694765
76212,9.830817
76233,9.959831
76254,10.07243
76275,9.884768
76296,9.901189
76317,9.912917
76338,10.0302
76359,9.854274
76380,9.823779
76401,9.910572
76422,9.894152
76443,9.842546
76464,9.875386
76485,9.781557
76506,9.704147
76527,9.720568
76548,9.729951
76569,9.680691
76590,9.708839
76611,9.640813
76632,9.50007
76653,9.596244
76674,9.739333
76695,9.631431
76716,9.443772
76737,9.678345
76758,9.685382
76779,9.605627
76800,9.312411
76821,9.298337
76842,9.493032
76863,9.521181
76884,9.338214
76905,9.378092
76926,9.420315
76947,9.399203
76968,9.352288
76989,9.256114
77010,9.27488
77031,9.263151
77052,9.361671
77073,9.35698
77094,9.295992
77115,9.359325
77136,9.347597
77157,9.281918
77178,9.303029
77199,9.455501
77220,9.399203
77241,9.371055
77262,9.378092
77283,9.427352
77304,9.441426
77325,9.371055
77346,9.277225
77367,9.335869
77388,9.326486
77409,9.298337
77430,9.305374
77451,9.176359
77472,9.265497
77493,9.328832
77514,9.347597
77535,9.295992
77556,9.244386
77577,9.354634
77598,9.373401
77619,9.2913
77640,9.471921
77661,9.422661
77682,9.396858
77703,9.509453
77724,9.53291
77745,9.511798
77766,9.589207
77787,9.558713
77808,9.622047
77829,9.544639
77850,9.685382
77871,9.690074
77892,9.626739
77913,9.61501
77934,9.537601
77955,9.58217
77976,9.622047
77997,9.561059
78018,9.483649
78039,9.490686
78060,9.504761
78081,9.497724
78102,9.474266
78123,9.441426
78144,9.399203
78165,9.425007
78186,9.41797
78207,9.403895
78228,9.446118
78249,9.441426
78270,9.476612
78291,9.485995
78312,9.441426
78333,9.497724
78354,9.471921
78375,9.50007
78396,9.415624
78417,9.401549
78438,9.50007
78459,9.471921
78480,9.415624
78501,9.425007
78522,9.38982
78543,9.35698
78564,9.345251
78585,9.246731
78606,9.333523
78627,9.260805
78648,9.253768
78669,9.199817
78690,9.108333
78711,9.068456
78732,9.00043
78753,9.03327
78774,9.009813
78795,9.054381
78816,9.087222
78837,9.094258
78858,9.08253
78879,9.136482
78900,9.120062
78921,9.101295
78942,9.19278
78963,9.333523
78984,9.24204
79005,9.300683
79026,9.321795
79047,9.41797
79068,9.446118
79089,9.436735
79110,9.288955
79131,9.225619
79152,9.279572
79173,9.152903
79194,9.256114
79215,9.120062
79236,8.925366
79257,9.044999
79278,8.967589
79299,8.857341
79320,8.923021
79341,9.084876
79362,8.908947
79383,8.843266
79404,9.028579
79425,8.998084
79446,9.019196
79467,9.127099
79488,9.197471
79509,9.070802
79530,9.145865
79551,9.312411
79572,9.288955
79593,9.413278
79614,9.591553
79635,9.678345
79656,9.671308
79677,9.823779
79698,9.898843
79719,10.03255
79740,10.01144
79761,10.02551
79782,10.09119
79803,10.06773
79824,10.07946
79845,10.05835
79866,9.919954
79887,9.976252
79908,9.980944
79929,9.926992
79950,9.779211
79971,9.697111
79992,9.760445
80013,9.633776
80034,9.683037
80055,9.657233
80076,9.589207
80097,9.622047
80118,9.61501
80139,9.507107
80160,9.638468
80181,9.776865
80202,9.945757
80223,9.971561
80244,9.985635
80265,10.15687
80286,10.04662
80307,10.08416
80328,10.21552
80349,10.15453
80370,10.05366
80391,9.980944
80412,9.950449
80433,10.01848
80454,9.943413
80475,9.971561
80496,9.929338
80517,9.896498
80538,9.889461
80559,9.788594
80580,9.727605
80601,9.861312
80622,9.837853
80643,9.769828
80664,9.600936
80685,9.631431
80706,9.671308
80727,9.605627
80748,9.678345
80769,9.624393
80790,9.643159
80811,9.556367
80832,9.622047
80853,9.77452
80874,9.706493
80895,9.680691
80916,9.741679
80937,9.744025
80958,9.812052
80979,9.729951
81000,9.854274
81021,9.955141
81042,9.875386
81063,9.85662
81084,9.809706
81105,9.866002
81126,9.894152
81147,9.908226
81168,9.882422
81189,9.894152
81210,9.999709
81231,9.966869
81252,9.966869
81273,9.819089
81294,9.938721
81315,10.08416
81336,10.04428
81357,10.0302
81378,9.966869
81399,10.10996
81420,10.02082
81441,10.03255
81462,10.1428
81483,10.10996
81504,10.01144
81525,10.18737
81546,10.28823
81567,10.38206
81588,10.1991
81609,10.27416
81630,10.2812
81651,10.2249
81672,10.24366
81693,10.36564
81714,10.32342
81735,10.29058
81756,10.45478
81777,10.307
81798,10.30231
81819,10.31169
81840,10.26478
81861,10.31404
81882,10.29762
81903,10.26478
81924,10.33046
81945,10.29527
81966,10.41256
81987,10.34688
82008,10.31169
82029,10.33046
82050,10.31404
82071,10.30935
82092,10.36095
82113,10.37268
82134,10.40787
82155,10.3633
82176,10.47824
82197,10.47589
82218,10.43601
82239,10.50873
82260,10.497
82281,10.48997
82302,10.45244
82323,10.46182
82344,10.5275
82365,10.51577
82386,10.51342
82407,10.39145
82428,10.32342
82449,10.2249
82470,10.2765
82491,10.26008
82512,10.23194
82533,10.20848
82554,10.21083
82575,10.16391
82596,10.12638
82617,10.22725
82638,10.2249
82659,10.20613
82680,10.20613
82701,10.22725
82722,10.26947
82743,10.27416
82764,10.2249
82785,10.17329
82806,10.307
82827,10.29292
82848,10.34453
82869,10.26008
82890,10.35157
82911,10.34219
82932,10.31169
82953,10.32811
82974,10.19206
82995,10.14984
83016,10.24601
83037,10.05835
83058,10.14749
83079,10.02317
83100,10.04662
83121,10.00206
83142,10.01848
83163,9.816743
83184,9.880077
83205,9.901189
83226,9.833163
83247,9.992672
83268,9.98329
83289,10.08416
83310,10.04897
83331,10.07008
83352,10.19441
83373,10.21317
83394,10.29058
83415,10.2765
83436,10.33046
83457,10.39145
83478,10.42194
83499,10.44071
83520,10.52046
83541,10.40552
83562,10.49935
83583,10.48528
83604,10.55799
83625,10.44774
83646,10.40083
83667,10.46651
83688,10.37268
83709,10.29762
83730,10.28823
83751,10.26712
83772,10.32342
83793,10.24601
83814,10.33984
83835,10.20379
83856,10.15218
83877,10.22255
83898,10.26478
83919,10.26947
83940,10.18268
83961,10.11465
83982,10.19206
84003,10.14749
84024,10.11465
84045,10.04428
84066,10.09354
84087,9.934029
84108,9.959831
84129,9.903535
84150,9.971561
84171,9.732296
84192,9.854274
84213,9.636122
84234,9.584516
84255,9.659579
84276,9.788594
84297,9.776865
84318,9.795631
84339,9.849584
84360,9.762791
84381,9.943413
84402,9.896498
84423,9.955141
84444,9.978598
84465,10.02082
84486,10.00206
84507,9.868348
84528,9.751062
84549,9.556367
84570,9.570441
84591,9.699456
84612,9.715877
84633,9.502416
84654,9.535255
84675,9.525873
84696,9.457847
84717,9.481303
84738,9.50007
84759,9.645505
84780,9.671308
84801,9.40624
84822,9.328832
84843,9.272534
84864,9.490686
84885,9.51649
84906,9.335869
84927,9.481303
84948,9.640813
84969,9.699456
84990,9.58217
85011,9.335869
85032,9.577478
85053,9.612664
85074,9.504761
85095,9.352288
85116,9.51649
85137,9.537601
85158,9.413278
85179,9.364017
85200,9.425007
85221,9.352288
85242,9.326486
85263,9.497724
85284,9.25846
85305,9.331178
85326,9.317103
85347,9.448463
85368,9.457847
85389,9.457847
85410,9.392166
85431,9.331178
85452,9.345251
85473,9.375746
85494,9.413278
85515,9.410933
85536,9.321795
85557,9.429698
85578,9.35698
85599,9.295992
85620,9.2913
85641,9.284263
85662,9.352288
85683,9.150557
85704,9.157594
85725,9.117716
85746,9.026234
85767,9.120062
85788,9.150557
85809,9.319448
85830,9.164631
85851,9.009813
85872,9.113025
85893,9.068456
85914,9.047344
85935,9.105988
85956,9.061419
85977,9.070802
85998,9.204508
86019,9.310066
86040,9.270188
86061,9.331178
86082,9.420315
86103,9.270188
86124,9.279572
86145,9.359325
86166,9.281918
86187,9.394512
86208,9.345251
86229,9.284263
86250,9.314757
86271,9.382783
86292,9.326486
86313,9.333523
86334,9.303029
86355,9.138828
86376,9.284263
86397,9.342906
86418,9.319448
86439,9.331178
86460,9.249077
86481,9.366363
86502,9.443772
86523,9.396858
86544,9.429698
86565,9.378092
86586,9.41797
86607,9.420315
86628,9.434389
86649,9.401549
86670,9.436735
86691,9.493032
86712,9.469575
86733,9.476612
86754,9.514144
86775,9.518835
86796,9.493032
86817,9.331178
86838,9.382783
86859,9.279572
86880,9.24204
86901,9.298337
86922,9.213891
86943,9.225619
86964,9.183396
86985,9.09895
87006,9.152903
87027,9.009813
87048,9.005121
87069,8.920675
87090,8.930058
87111,8.932404
87132,8.972281
87153,9.096604
87174,8.965244
87195,9.105988
87216,9.270188
87237,9.30772
87258,9.305374
87279,9.30772
87300,9.134136
87321,9.2913
87342,9.373401
87363,9.312411
87384,9.401549
87405,9.497724
87426,9.54933
87447,9.478958
87468,9.48834
87489,9.427352
87510,9.295992
87531,9.321795
87552,9.288955
87573,9.324141
87594,9.113025
87615,9.190434
87636,9.120062
87657,9.105988
87678,9.220928
87699,9.211545
87720,9.110679
87741,9.246731
87762,9.403895
87783,9.525873
87804,9.497724
87825,9.654888
87846,9.59859
87867,9.612664
87888,9.640813
87909,9.715877
87930,9.701802
87951,9.769828
87972,9.891806
87993,9.98329
88014,9.962177
88035,9.755754
88056,9.814397
88077,9.962177
88098,9.964523
88119,9.957487
88140,10.01144
88161,10.04662
88182,9.783903
88203,9.554022
88224,9.554022
88245,9.607973
88266,9.481303
88287,9.713531
88308,9.753407
88329,9.786248
88350,9.835509
88371,9.755754
88392,9.915263
88413,9.957487
88434,10.02551
88455,10.07712
88476,9.908226
88497,9.945757
88518,10.03489
88539,10.10058
88560,10.0607
88581,10.01613
88602,9.931683
88623,9.819089
88644,9.760445
88665,9.85662
88686,9.800323
88707,9.884768
88728,9.840199
88749,9.793285
88770,9.711185
88791,9.901189
88812,9.880077
88833,9.762791
88854,9.617355
88875,9.638468
88896,9.591553
88917,9.591553
88938,9.331178
88959,9.392166
88980,9.708839
89001,9.715877
89022,9.80736
89043,9.875386
89064,9.929338
89085,9.861312
89106,9.779211
89127,9.903535
89148,10.04428
89169,10.117
89190,10.05132
89211,10.00675
89232,10.15922
89253,10.20613
89274,10.25305
89295,10.1991
89316,10.29058
89337,10.26243
89358,10.26008
89379,10.21083
89400,10.41021
89421,10.1428
89442,10.07477
89463,10.11465
89484,10.32342
89505,10.21317
89526,10.13107
89547,10.10527
89568,10.09823
89589,10.16391
89610,10.07946
89631,9.992672
89652,10.09354
89673,10.03959
89694,10.02082
89715,9.980944
89736,10.03255
89757,10.13107
89778,10.26243
89799,10.20613
89820,10.32342
89841,10.35391
89862,10.39379
89883,10.50169
89904,10.5791
89925,10.37503
89946,10.46182
89967,10.52984
89988,10.57207
90009,10.60256
90030,10.51342
90051,10.41021
90072,10.42194
90093,10.4149
90114,10.42429
90135,10.35861
90156,10.46416
90177,10.42898
90198,10.44305
90219,10.34688
90240,10.4149
90261,10.41021
90282,10.42663
90303,10.40083
90324,10.35626
90345,10.4712
90366,10.50404
90387,10.45713
90408,10.54157
90429,10.44774
90450,10.51577
90471,10.44071
90492,10.53219
90513,10.65417
90534,10.62602
90555,10.64244
90576,10.60491
90597,10.60022
90618,10.48997
90639,10.5275
90660,10.41959
90681,10.16156
90702,10.57207
90723,10.19206
90744,10.26712
90765,10.19206
90786,10.17095
90807,10.117
90828,10.16626
90849,10.22021
90870,10.20144
90891,10.27181
90912,10.42194
90933,10.37737
90954,10.39614
90975,10.4149
90996,10.45009
91017,10.48528
91038,10.43367
91059,10.39379
91080,10.4712
91101,10.59083
91122,10.46416
91143,10.49935
91164,10.45009
91185,10.46416
91206,10.48293
91227,10.41725
91248,10.41959
91269,10.37268
91290,10.26008
91311,10.3328
91332,10.19206
91353,10.17329
91374,10.02786
91395,9.854274
91416,9.962177
91437,9.851928
91458,9.809706
91479,9.851928
91500,9.812052
91521,9.760445
91542,9.80736
91563,9.858966
91584,9.945757
91605,9.966869
91626,9.919954
91647,9.926992
91668,9.929338
91689,10.14749
91710,10.11934
91731,10.08885
91752,10.07477
91773,10.117
91794,10.15453
91815,10.13107
91836,10.12169
91857,10.09354
91878,10.07008
91899,10.15453
91920,10.22725
91941,10.12872
91962,10.12403
91983,10.21317
92004,10.24132
92025,10.15453
92046,10.18268
92067,10.17798
92088,10.23428
92109,10.11465
92130,10.07477
92151,10.0044
92172,10.10761
92193,10.1428
92214,9.997364
92235,9.964523
92256,9.849584
92277,9.924646
92298,9.863657
92319,9.847238
92340,9.950449
92361,9.990326
92382,9.985635
92403,9.997364
92424,9.788594
92445,9.699456
92466,9.734642
92487,9.685382
92508,9.715877
92529,9.816743
92550,9.847238
92571,9.66427
92592,9.586862
92613,9.624393
92634,9.680691
92655,9.64785
92676,9.539948
92697,9.509453
92718,9.504761
92739,9.338214
92760,9.321795
92781,9.607973
92802,9.600936
92823,9.448463
