8825,11.14208
8846,11.06467
8867,11.13739
8888,10.99899
8909,10.95207
8930,11.0459
8951,11.06467
8972,10.98492
8993,10.97084
9014,11.01072
9035,11.00368
9056,10.97084
9077,11.03417
9098,11.128
9119,11.12097
9140,11.07171
9161,11.13035
9182,11.13739
9203,11.17023
9224,11.20072
9245,11.32035
9266,11.28751
9287,11.33443
9308,11.35554
9329,11.35788
9350,11.41418
9371,11.41887
9392,11.40949
9413,11.30628
9434,11.11627
9455,11.14677
9476,11.08343
9497,10.94973
9518,10.8559
9539,10.85121
9560,10.62133
9581,10.70577
9602,10.64713
9623,10.48762
9644,10.43132
9665,10.49935
9686,10.39145
9707,10.42663
9728,10.27885
9749,10.2249
9770,10.15453
9791,10.07477
9812,10.09119
9833,10.03959
9854,9.98798
9875,9.990326
9896,9.80736
9917,9.903535
9938,9.950449
9959,9.809706
9980,10.10292
10001,9.420315
10022,9.537601
10043,9.53291
10064,9.415624
10085,9.366363
10106,9.052036
10127,9.143519
10148,9.162285
10169,9.066111
10190,8.98401
10211,9.110679
10232,9.091913
10253,8.852649
10274,8.829192
10295,8.84092
10316,8.784623
10337,8.885489
10358,8.772895
10379,8.864378
10400,8.962898
10421,8.993393
10442,8.923021
10463,9.005121
10484,9.096604
10505,8.986356
10526,9.061419
10547,9.059073
10568,8.998084
10589,8.953515
10610,8.930058
10631,9.066111
10652,8.887836
10673,8.918329
10694,8.869069
10715,8.993393
10736,9.026234
10757,9.047344
10778,9.185742
10799,9.037962
10820,9.040307
10841,8.98401
10862,8.991047
10883,9.101295
10904,9.164631
10925,9.206854
10946,9.190434
10967,9.202163
10988,9.338214
11009,9.375746
11030,9.457847
11051,9.394512
11072,9.415624
11093,9.335869
11114,9.467229
11135,9.408587
11156,9.380438
11177,9.352288
11198,9.267843
11219,9.35698
11240,9.211545
11261,9.279572
11282,9.169322
11303,9.108333
11324,9.087222
11345,9.108333
11366,9.103642
11387,9.019196
11408,9.061419
11429,8.953515
11450,8.925366
11471,8.897219
11492,8.95117
11513,8.991047
11535,8.664991
11556,8.772895
11577,8.819809
11598,8.845612
11619,8.854995
11640,8.955861
11661,8.892527
11682,8.95117
11703,9.023888
11724,8.974627
11745,9.007467
11766,8.969935
11787,9.101295
11808,9.136482
11829,9.014504
11850,8.894873
11871,8.805735
11892,8.906601
11913,8.775241
11934,8.801044
11955,8.688448
11976,8.601656
11997,8.498445
12018,8.388196
12039,8.62746
12060,8.582891
12081,8.482024
12102,8.378813
12123,8.280293
12144,8.413999
12165,8.421036
12186,8.404615
12207,8.472641
12228,8.357701
12249,8.514865
12270,8.613385
12291,8.564125
12312,8.585237
12333,8.747091
12354,8.751783
12375,8.784623
12396,8.866723
12417,8.932404
12438,8.883143
12459,8.866723
12480,8.927712
12501,8.946478
12522,8.878452
12543,8.927712
12564,8.920675
12585,8.850304
12606,8.838574
12627,8.756474
12648,9.110679
12669,9.211545
12690,9.211545
12711,9.310066
12732,9.333523
12753,9.504761
12774,9.600936
12795,9.739333
12816,9.908226
12837,9.828471
12858,9.837853
12879,9.866002
12900,9.966869
12921,10.00675
12942,9.999709
12963,10.04193
12984,10.03489
13005,10.10996
13026,9.910572
13047,10.07243
13068,10.29292
13089,10.4149
13110,10.30231
13131,10.35861
13152,10.52515
13173,10.748
13194,10.86294
13215,10.73392
13236,10.86528
13257,11.08813
13278,11.18196
13299,11.30628
13320,11.35554
13341,11.49863
13362,11.64876
13383,11.63468
13404,11.62764
13425,11.83172
13446,11.61122
13467,11.56431
13488,11.45875
13509,11.36727
13530,11.25233
13551,11.1843
13572,11.18665
13593,11.1585
13614,11.09047
13635,11.04356
13656,10.92862
13677,10.89578
13698,10.98726
13719,11.11627
13740,11.128
13761,11.16788
13782,11.20072
13803,11.30862
13824,11.31332
13845,11.30393
13866,11.40011
13887,11.56196
13908,11.54085
13929,11.64876
13950,11.73789
13971,11.74727
13992,11.71913
14013,11.79888
14034,11.71209
14055,11.53851
14076,11.50801
14097,11.45641
14118,11.22418
14139,11.10689
14160,11.05294
14181,10.90281
14202,10.8301
14224,10.76207
14245,10.66355
14266,10.58849
14287,10.48293
14308,10.48058
14329,10.38441
14350,10.37737
14371,10.39614
14392,10.31169
14413,10.31873
14434,10.20848
14455,10.26478
14476,10.09823
14497,10.07946
14518,10.12403
14539,10.07712
14560,10.05366
14581,10.06539
14602,9.744025
14623,9.992672
14644,9.812052
14665,9.842546
14686,9.840199
14707,9.727605
14728,9.830817
14749,9.265497
14770,9.380438
14791,9.471921
14812,9.227965
14833,9.162285
14854,9.439081
14875,9.420315
14896,8.995738
14917,9.115371
14938,9.511798
14959,9.373401
14980,9.152903
15001,9.169322
15022,9.054381
15043,9.113025
15064,8.937096
15085,9.035616
15106,9.113025
15127,9.042653
15148,8.906601
15169,8.838574
15190,8.751783
15211,8.897219
15232,8.826846
15253,8.606348
15274,8.592274
15295,8.672029
15316,8.596965
15337,8.392887
15358,8.460913
15379,8.622768
15400,8.545359
15421,8.601656
15442,8.482024
15463,8.709559
15484,8.655608
15505,8.686103
15526,8.686103
15547,8.662645
15568,8.782278
15589,8.822155
15610,8.913638
15631,8.927712
15652,9.035616
15673,9.077839
15694,9.115371
15715,9.103642
15736,9.059073
15757,9.059073
15778,9.014504
15799,9.009813
15820,8.899564
15841,8.838574
15862,8.880798
15883,8.836229
15904,8.883143
15925,8.862032
15946,8.810426
15967,8.826846
15988,8.859686
16009,8.812772
16030,8.925366
16051,8.786969
16072,8.695485
16093,8.819809
16114,8.866723
16135,8.829192
16156,8.777586
16177,8.733017
16198,8.789314
16219,8.737708
16240,8.636843
16261,8.683757
16282,8.709559
16303,8.674374
16324,8.754128
16345,8.702522
16366,8.664991
16387,8.674374
16408,8.543014
16429,8.40227
16450,8.261526
16471,8.146585
16492,8.073868
16513,7.914359
16534,7.895593
16555,7.822875
16576,7.775961
16597,7.630526
16618,7.5625
16639,7.534351
16660,7.61176
16681,7.524968
16702,7.691514
16723,7.6446
16744,7.712626
16765,7.733737
16786,7.914359
16807,7.897939
16828,7.977693
16849,8.024608
16870,7.825221
16891,8.43511
16912,8.524248
16933,8.500791
16954,8.871415
16975,8.969935
16996,8.991047
17017,9.066111
17038,9.485995
17059,9.622047
17080,9.711185
17101,9.727605
17122,9.924646
17143,10.10292
17164,10.3891
17185,10.45478
17206,10.53219
17227,10.74096
17248,10.80195
17269,10.86528
17290,10.86763
17311,10.92862
17332,11.06232
17353,11.09282
17374,11.20307
17395,11.05294
17416,11.05763
17437,11.07171
17458,10.95677
17479,11.12331
17500,11.06232
17521,11.03417
17542,10.9638
17563,10.90047
17584,10.85355
17605,11.03887
17626,10.8559
17647,10.93096
17668,10.72688
17689,10.71281
17710,10.82071
17731,10.8559
17752,10.9638
17773,10.96146
17794,11.1022
17815,11.26875
17836,11.35554
17857,11.36258
17878,11.42357
17899,11.45875
17920,11.42357
17941,11.38369
17962,11.29924
17983,11.15381
18004,11.08109
18025,10.90047
18046,10.74331
18067,10.67293
18088,10.74331
18109,10.62133
18130,10.73627
18151,10.80664
18172,10.69639
18193,10.71046
18214,10.84652
18235,10.84183
18256,11.00134
18277,11.00603
18298,10.99899
18319,11.03417
18340,11.18665
18361,11.13739
18382,11.08109
18403,11.13035
18424,11.25936
18445,11.17961
18466,11.29924
18487,11.21714
18508,11.23591
18529,11.09751
18550,11.03417
18571,10.88405
18592,10.84417
18613,10.56738
18634,10.47589
18655,10.26712
18676,10.06773
18697,10.12872
18718,9.964523
18739,9.941067
18760,9.917608
18781,9.962177
18802,9.912917
18823,9.882422
18844,9.995018
18865,10.00675
18886,9.959831
18907,10.01144
18928,9.999709
18949,10.06773
18970,10.10527
18991,10.07712
19012,10.10058
19033,10.0865
19054,10.1123
19075,10.17095
19096,10.21552
19117,10.1686
19138,10.19675
19159,10.15922
19180,10.25539
19201,10.28823
19222,10.10761
19243,10.05132
19264,10.12169
19285,10.10527
19306,10.38206
19327,9.572787
19348,9.814397
19369,9.755754
19390,9.690074
19411,9.495378
19432,9.643159
19453,9.530564
19474,9.51649
19495,9.584516
19516,9.298337
19537,9.502416
19558,9.34056
19580,9.300683
19602,9.319448
19623,9.218582
19644,9.080185
19665,9.464884
19686,9.073148
19707,9.084876
19728,8.908947
19749,8.974627
19770,8.944133
19791,8.763512
19812,8.897219
19833,8.897219
19854,8.709559
19875,8.538322
19896,8.64388
19917,8.904256
19938,8.360046
19959,8.64388
19980,8.918329
20001,8.667336
20022,8.833883
20043,8.801044
20064,8.812772
20085,8.836229
20106,8.775241
20127,8.709559
20148,8.864378
20169,8.892527
20190,8.836229
20211,8.852649
20232,8.770549
20253,8.733017
20274,8.62746
20295,8.594619
20316,8.538322
20337,8.507828
20358,8.465604
20379,8.277946
20400,8.294367
20421,8.296712
20442,8.273255
20463,8.174734
20484,8.153623
20505,8.116092
20526,8.233377
20547,8.421036
20568,8.310786
20589,8.259181
20610,8.282638
20631,8.406961
20652,8.442147
20673,8.557088
20694,8.43511
20715,8.531285
20736,8.517211
20757,8.543014
20778,8.648571
20799,8.650917
20820,8.545359
20841,8.547705
20862,8.646226
20883,8.648571
20904,8.56647
20925,8.430418
20946,8.388196
20967,8.364738
20988,8.299058
21009,8.341281
21030,8.306095
21051,8.303749
21072,8.470296
21093,8.284984
21114,8.153623
21135,8.284984
21156,8.606348
21177,8.648571
21198,8.64388
21219,8.514865
21240,8.805735
21261,8.953515
21282,9.178705
21303,9.213891
21324,9.324141
21345,9.359325
21366,9.364017
21387,9.668962
21408,9.805015
21429,9.875386
21450,9.969215
21471,10.16626
21492,10.15453
21513,10.12403
21534,10.29058
21555,10.51577
21576,10.6659
21597,10.63071
21618,10.74565
21639,10.75738
21660,10.90516
21681,11.04356
21702,11.15146
21723,11.28048
21744,11.32974
21765,11.21245
21786,11.17023
21807,11.38838
21828,11.17961
21849,11.20307
21870,11.21245
21891,11.3227
21912,11.25936
21933,11.0506
21954,10.99899
21975,10.90751
21996,10.89109
22017,10.77145
22038,10.60022
22059,10.53688
22080,10.55565
22101,10.48997
22122,10.50873
22143,10.33984
22164,10.22725
22185,10.2765
22206,10.13107
22227,10.07946
22248,9.966869
22269,9.98798
22290,9.854274
22311,9.725259
22332,9.711185
22353,9.650196
22374,9.739333
22395,9.748716
22416,9.657233
22437,9.600936
22458,9.619701
22479,9.678345
22500,9.74637
22521,9.711185
22542,9.708839
22563,9.690074
22584,9.783903
22605,9.727605
22626,9.636122
22647,9.711185
22668,9.732296
22689,9.805015
22710,9.840199
22731,9.882422
22752,9.908226
22773,9.980944
22794,9.814397
22815,9.863657
22836,9.962177
22857,9.992672
22878,10.03959
22899,10.04662
22920,10.06539
22941,10.09823
22962,10.15218
22983,10.12169
23004,10.2765
23025,10.24366
23046,10.28823
23067,10.39614
23088,10.48528
23109,10.52984
23130,10.60491
23151,10.69404
23172,10.71046
23193,10.78787
23214,10.71985
23235,10.82541
23256,10.80664
23277,10.68466
23298,10.62602
23319,10.55799
23340,10.57441
23361,10.48997
23382,10.5838
23403,10.49231
23424,10.54157
23445,10.55096
23466,10.51811
23487,10.5791
23508,10.64009
23529,10.62602
23550,10.70108
23571,10.72219
23592,10.77145
23613,10.83713
23634,10.72219
23655,10.75034
23676,10.80664
23697,10.84886
23718,10.86528
23739,10.82775
23760,10.90985
23781,10.84417
23802,10.87701
23823,10.90281
23844,10.77145
23865,10.65417
23886,10.72688
23907,10.56503
23928,10.45947
23949,10.37503
23970,10.2765
23991,10.16626
24012,10.117
24033,10.05601
24054,10.05366
24075,9.971561
24096,9.917608
24117,10.02317
24138,10.07477
24159,10.05132
24180,10.03255
24201,10.01144
24222,9.971561
24243,10.07477
24264,10.11465
24285,10.02082
24306,10.10292
24327,10.17564
24348,10.09588
24369,10.16156
24390,10.18971
24411,10.21786
24432,10.43367
24453,10.32107
24474,10.20144
24495,10.34922
24516,10.07243
24537,10.09588
24558,10.06539
24579,9.948103
24600,9.882422
24621,9.680691
24642,9.800323
24663,9.884768
24684,9.612664
24705,10.14514
24726,9.361671
24747,9.502416
24768,9.425007
24789,9.469575
24810,9.556367
24831,9.380438
24852,9.425007
24873,9.333523
24894,9.298337
24915,9.286609
24936,9.19278
24957,9.249077
24978,9.164631
24999,9.09895
25020,9.063765
25041,8.944133
25062,9.246731
25083,9.061419
25104,8.944133
25125,9.042653
25146,9.070802
25167,8.965244
25188,9.223273
25209,9.044999
25230,9.073148
25251,9.075493
25272,9.012158
25293,9.077839
25314,9.117716
25335,9.030925
25356,9.030925
25377,9.007467
25398,8.946478
25419,8.857341
25440,8.946478
25461,8.925366
25482,8.976973
25503,8.887836
25524,8.866723
25545,8.967589
25566,8.923021
25587,8.906601
25608,8.850304
25629,8.98401
25650,8.986356
25671,8.885489
25692,8.908947
25713,8.866723
25734,8.890181
25755,8.887836
25776,8.925366
25797,8.923021
25818,8.939441
25839,9.026234
25860,9.009813
25881,8.967589
25902,8.906601
25923,8.915984
25944,8.939441
25965,8.986356
25986,8.969935
26007,9.005121
26028,8.981664
26049,8.995738
26070,9.068456
26091,8.969935
26112,8.981664
26133,8.904256
26154,8.923021
26175,8.958207
26196,8.913638
26217,8.944133
26238,8.988701
26259,8.969935
26280,8.899564
26301,8.918329
26322,8.869069
26343,8.817463
26364,8.831537
26385,8.735363
26406,8.805735
26427,8.815118
26448,8.803389
26469,8.747091
26490,8.667336
26511,8.547705
26532,8.585237
26553,8.636843
26574,8.728326
26595,8.528939
26616,8.521902
26637,8.552396
26658,8.62746
26679,8.711905
26700,8.664991
26721,8.650917
26742,8.822155
26763,8.927712
26784,9.108333
26805,8.918329
26826,9.218582
26847,9.380438
26868,9.401549
26889,9.570441
26910,9.732296
26931,9.760445
26952,9.753407
26973,9.938721
26994,10.01613
27015,9.858966
27036,9.80736
27057,10.00675
27078,10.16391
27099,10.07712
27120,9.901189
27141,10.08181
27162,10.17798
27183,10.07712
27204,10.02317
27225,10.01378
27246,10.21317
27267,10.16391
27288,9.978598
27309,10.09823
27330,10.11465
27351,10.07712
27372,10.1123
27393,10.15687
27414,10.04897
27435,10.10996
27456,10.14045
27477,10.10527
27498,10.17798
27519,10.16391
27540,10.04897
27561,10.08416
27582,10.04428
27603,10.12872
27624,10.18268
27645,10.19206
27666,10.18971
27687,10.20379
27708,10.39145
27729,10.34922
27750,10.43367
27771,10.41959
27792,10.39145
27813,10.42898
27834,10.31169
27855,10.35626
27876,10.42898
27897,10.42194
27918,10.55565
27939,10.53688
27960,10.54626
27981,10.48293
28002,10.49466
28023,10.49231
28044,10.50639
28065,10.5791
28086,10.66824
28107,10.75972
28128,10.78787
28149,10.69404
28170,10.748
28191,10.79491
28212,10.748
28233,10.71985
28254,10.71516
28275,10.7738
28296,10.80664
28317,10.73627
28338,10.78553
28359,10.76442
28380,10.87232
28401,10.84183
28422,10.84652
28443,10.70812
28464,10.8559
28485,10.89578
28506,10.84183
28527,10.86294
28548,10.90281
28569,10.86997
28590,10.92627
28611,10.86294
28632,10.8817
28653,10.94269
28674,10.81368
28695,10.75034
28716,10.72688
28737,10.70108
28758,10.64009
28779,10.55799
28800,10.50169
28821,10.5275
28842,10.51108
28863,10.50169
28884,10.47824
28905,10.34688
28926,10.32576
28947,10.39145
28968,10.4454
28989,10.36799
29010,10.3891
29031,10.44774
29052,10.45244
29073,10.40552
29094,10.39848
29115,10.38675
29136,10.49231
29157,10.41021
29178,10.50639
29199,10.41959
29220,10.56268
29241,10.46416
29262,10.42898
29283,10.41021
29304,10.31169
29325,10.32811
29346,10.35391
29367,10.35861
29388,10.33984
29409,10.32107
29430,10.24132
29451,10.1686
29472,10.25774
29493,10.2249
29514,10.17095
29535,10.12872
29556,10.19441
29577,10.22021
29598,10.28823
29619,10.20613
29640,10.28589
29661,10.2812
29682,10.25305
29703,10.23897
29724,10.36564
29745,10.46416
29766,10.37268
29787,10.35626
29808,10.40083
29829,10.39145
29850,10.20379
29871,10.39145
29892,10.26712
29913,10.33984
29934,9.966869
29955,10.07712
29976,10.02786
29997,9.729951
30018,9.997364
30039,9.753407
30060,9.704147
30081,9.546985
30102,9.478958
30123,9.474266
30144,9.48834
30165,9.561059
30186,9.448463
30207,9.509453
30228,9.497724
30249,9.401549
30270,9.354634
30291,9.387475
30312,8.979319
30335,8.847958
30357,9.056727
30378,8.812772
30399,8.810426
30420,8.829192
30441,8.866723
30462,8.988701
30483,9.148211
30504,9.08253
30525,9.044999
30546,8.98401
30567,9.04969
30588,9.056727
30609,9.023888
30630,8.927712
30651,9.00043
30672,9.002776
30693,8.979319
30714,8.869069
30735,8.784623
30756,8.854995
30777,8.845612
30798,8.758821
30819,8.604002
30840,8.655608
30861,8.733017
30882,8.740054
30903,8.801044
30924,8.733017
30945,8.730671
30966,8.796351
30987,8.955861
31008,8.944133
31029,8.887836
31050,8.815118
31071,8.833883
31092,8.946478
31113,8.897219
31134,8.953515
31155,8.887836
31177,8.84092
31198,8.920675
31219,8.808081
31240,8.784623
31261,8.714252
31282,8.683757
31303,8.744746
31324,8.568816
31345,8.646226
31366,8.634497
31387,8.650917
31408,8.559433
31429,8.596965
31450,8.611039
31471,8.606348
31492,8.587582
31513,8.56647
31534,8.62746
31555,8.648571
31576,8.702522
31597,8.6603
31618,8.69314
31639,8.847958
31660,8.772895
31681,8.873761
31702,8.894873
31723,8.915984
31744,8.920675
31765,8.843266
31786,8.869069
31807,8.946478
31828,8.836229
31849,8.829192
31870,8.944133
31891,8.864378
31912,8.761166
31933,8.709559
31954,8.763512
31975,8.777586
31996,8.869069
32017,8.808081
32038,8.843266
32059,9.009813
32080,9.101295
32101,9.063765
32122,9.03327
32143,9.176359
32164,9.286609
32185,9.401549
32206,9.359325
32227,9.448463
32248,9.422661
32269,9.371055
32290,9.40624
32311,9.591553
32332,9.720568
32353,9.877731
32374,9.591553
32395,9.685382
32416,9.812052
32437,9.896498
32458,9.805015
32479,9.823779
32500,9.915263
32521,10.07008
32542,10.22255
32563,10.31873
32584,10.26008
32605,10.24366
32626,10.4149
32647,10.47589
32668,10.43601
32689,10.54157
32710,10.68466
32731,10.73861
32752,10.76442
32773,10.81368
32794,10.83244
32815,10.77145
32836,10.748
32857,10.67762
32878,10.63775
32899,10.64713
32920,10.65886
32941,10.65886
32962,10.69639
32983,10.66355
33004,10.46182
33025,10.46182
33046,10.3891
33067,10.45244
33088,10.35861
33109,10.35861
33130,10.29762
33151,10.26712
33172,10.34219
33193,10.32107
33214,10.17564
33235,10.15687
33256,10.20379
33277,10.2765
33298,10.31638
33319,10.43836
33340,10.45478
33361,10.48762
33382,10.54626
33403,10.54157
33424,10.59083
33445,10.5533
33466,10.56268
33487,10.45478
33508,10.45713
33529,10.38675
33550,10.32342
33571,10.33749
33592,10.1686
33613,10.23663
33634,10.12872
33655,10.2812
33676,10.20379
33697,10.2812
33718,10.19441
33739,10.25774
33760,10.28823
33781,10.37268
33802,10.42194
33823,10.45713
33844,10.46416
33865,10.47824
33886,10.56268
33907,10.67997
33928,10.65886
33949,10.59787
33970,10.68701
33991,10.77614
34012,10.83479
34033,10.78787
34054,10.7996
34075,10.76442
34096,10.84886
34117,10.72923
34138,10.55799
34159,10.56034
34180,10.40787
34201,10.4454
34222,10.35626
34243,10.30935
34264,10.26478
34285,10.21786
34306,10.19441
34327,10.29762
34348,10.29292
34369,10.35861
34390,10.36564
34411,10.2765
34432,10.39379
34453,10.45947
34474,10.50873
34495,10.56972
34516,10.53453
34537,10.50873
34558,10.65417
34579,10.65417
34600,10.77849
34621,10.74096
34642,10.73861
34663,10.89812
34684,10.8817
34705,10.77614
34726,10.78318
34747,10.72454
34768,10.74565
34789,10.64713
34810,10.48058
34831,10.48997
34852,10.26478
34873,10.31873
34894,10.23194
34915,10.14514
34936,10.05835
34957,9.978598
34978,10.37737
34999,9.999709
35020,9.788594
35041,9.943413
35062,9.870694
35083,9.708839
35104,9.776865
35125,9.514144
35146,9.514144
35167,9.79094
35188,9.596244
35209,9.711185
35230,9.544639
35251,9.676
35272,9.434389
35293,9.622047
35314,9.385129
35335,9.387475
35356,9.387475
35377,9.23031
35398,9.148211
35419,8.946478
35440,9.091913
35461,8.847958
35482,8.744746
35503,8.585237
35524,8.634497
35545,8.728326
35566,8.655608
35587,8.606348
35608,8.615731
35629,8.582891
35650,8.667336
35671,8.737708
35692,8.695485
35713,8.854995
35734,8.723634
35755,8.740054
35776,8.852649
35797,8.756474
35818,8.700177
35839,8.84092
35860,8.829192
35881,8.683757
35902,8.632151
35923,8.48437
35944,8.571162
35965,8.503136
35986,8.406961
36007,8.411653
36028,8.367084
36049,8.425727
36070,8.456222
36091,8.360046
36112,8.338935
36133,8.428073
36154,8.362392
36175,8.413999
36196,8.348318
36217,8.371776
36238,8.362392
36259,8.292021
36280,8.45153
36301,8.331898
36322,8.40227
36343,8.507828
36364,8.575853
36385,8.6603
36406,8.756474
36427,8.754128
36448,8.711905
36469,8.690794
36490,8.721289
36511,8.737708
36532,8.517211
36553,8.559433
36574,8.463259
36595,8.496099
36616,8.470296
36637,8.430418
36658,8.395233
36679,8.313132
36700,8.306095
36721,8.186462
36742,8.252144
36763,8.498445
36784,8.442147
36805,8.404615
36826,8.557088
36847,8.641534
36868,8.67672
36889,8.831537
36910,9.089567
36931,9.054381
36952,9.08253
36973,9.143519
36994,9.422661
37015,9.577478
37036,9.338214
37057,9.542293
37078,9.612664
37099,9.713531
37120,9.605627
37141,9.563404
37162,9.568096
37183,9.56575
37204,9.568096
37225,9.396858
37246,9.345251
37267,9.38982
37288,9.249077
37309,9.127099
37330,9.047344
37351,9.213891
37372,9.380438
37393,9.420315
37414,9.530564
37435,9.448463
37456,9.474266
37477,9.504761
37498,9.507107
37519,9.535255
37540,9.729951
37561,9.678345
37582,9.725259
37603,9.59859
37624,9.699456
37645,9.847238
37666,9.697111
37687,9.706493
37708,9.816743
37729,9.880077
37750,9.910572
37771,9.854274
37792,9.915263
37813,10.00909
37834,10.0607
37855,10.27181
37876,10.24836
37897,10.1686
37918,10.21083
37939,10.12872
37960,10.34219
37981,10.48058
38002,10.52281
38023,10.45947
38044,10.43132
38065,10.44305
38086,10.49231
38107,10.64947
38128,10.54626
38149,10.55096
38170,10.70577
38191,10.92627
38212,10.67059
38233,10.55799
38254,10.70108
38275,10.65651
38296,10.45713
38317,10.48997
38338,10.497
38359,10.52515
38380,10.44774
38401,10.40317
38422,10.40317
38443,10.44774
38464,10.40317
38485,10.3633
38506,10.39145
38527,10.46182
38548,10.56972
38569,10.58614
38590,10.58145
38611,10.59083
38632,10.75972
38653,10.81837
38674,10.85824
38695,11.01775
38716,11.10689
38737,11.02479
38758,11.14208
38779,11.04121
38800,11.02245
38821,10.94035
38842,10.82071
38863,10.70812
38884,10.62602
38905,10.5791
38926,10.47824
38947,10.56268
38968,10.38675
38989,10.42429
39010,10.33749
39031,10.35391
39052,10.39379
39073,10.307
39094,10.37503
39115,10.41021
39136,10.39848
39157,10.4454
39178,10.43601
39199,10.48528
39220,10.56034
39241,10.68466
39262,10.82306
39283,10.73627
39304,10.70343
39325,10.62367
39346,10.76442
39367,10.71516
39388,10.70577
39409,10.67528
39430,10.62602
39451,10.48293
39472,10.7175
39493,10.4149
39514,10.36799
39535,10.21317
39556,10.19206
39577,9.959831
39598,9.941067
39619,10.14045
39640,10.04897
39661,10.04193
39682,9.945757
39703,10.03959
39724,10.20848
39745,10.07243
39766,10.26478
39787,10.34453
39808,10.26478
39829,10.2507
39850,10.35626
39871,10.47824
39892,10.58614
39913,10.61429
39934,10.60256
39955,10.56738
39976,10.52984
39997,10.40317
40018,10.58849
40039,10.70108
40060,10.61194
40081,10.2812
40102,10.1991
40123,10.1991
40144,9.629085
40165,9.875386
40186,9.973906
40207,9.973906
40228,9.851928
40249,9.90588
40270,9.624393
40291,9.706493
40312,9.629085
40333,9.643159
40354,9.593899
40375,9.530564
40396,9.427352
40417,9.270188
40438,9.394512
40459,9.237348
40480,9.558713
40501,8.974627
40522,9.021542
40543,9.014504
40564,8.93475
40585,8.991047
40606,9.021542
40627,8.838574
40648,8.634497
40669,8.657954
40690,8.613385
40711,8.711905
40732,8.634497
40753,8.634497
40774,8.510174
40795,8.472641
40816,8.538322
40837,8.336589
40858,8.371776
40879,8.43511
40900,8.498445
40921,8.395233
40942,8.371776
40963,8.578199
40984,8.604002
41005,8.573507
41026,8.482024
41047,8.493753
41068,8.510174
41089,8.505482
41110,8.528939
41131,8.472641
41152,8.578199
41173,8.524248
41194,8.559433
41215,8.604002
41236,8.646226
41257,8.575853
41278,8.528939
41299,8.669683
41320,8.765858
41341,8.887836
41362,8.711905
41383,8.789314
41404,8.859686
41425,8.798697
41446,8.866723
41467,8.927712
41488,8.946478
41509,8.925366
41530,8.958207
41551,9.012158
41572,9.063765
41593,9.103642
41614,9.115371
41635,9.150557
41656,9.206854
41677,9.272534
41698,9.333523
41719,9.30772
41740,9.34056
41761,9.415624
41782,9.464884
41803,9.232656
41824,9.272534
41845,9.387475
41866,9.441426
41887,9.27488
41908,9.063765
41929,9.237348
41950,9.211545
41971,8.883143
41992,9.145865
42013,8.946478
42034,9.061419
42055,8.6603
42076,9.122408
42097,8.892527
42118,9.00043
42139,8.864378
42160,8.805735
42181,8.871415
42202,8.758821
42223,8.969935
42244,9.122408
42265,9.127099
42286,9.19278
42307,9.136482
42328,9.145865
42349,9.162285
42370,9.272534
42391,9.260805
42412,9.251423
42433,9.235003
42454,9.286609
42475,9.303029
42496,9.328832
42517,9.373401
42538,9.38982
42559,9.521181
42580,9.554022
42601,9.443772
42622,9.666616
42643,9.736988
42664,9.762791
42685,9.898843
42706,10.117
42727,10.1123
42748,10.117
42769,10.33515
42790,10.48293
42811,10.51342
42832,10.51108
42853,10.70108
42874,10.72923
42895,10.92627
42916,10.97553
42937,10.97084
42958,11.03183
42979,10.98022
43000,10.95677
43021,10.99664
43042,10.93331
43063,10.89812
43084,10.99899
43105,10.9638
43126,10.90281
43147,10.89578
43168,10.9638
43189,10.938
43210,10.88405
43231,10.86763
43252,10.7996
43273,10.74331
43294,10.8817
43315,10.88405
43336,10.95677
43357,11.02245
43378,11.12566
43399,11.18196
43420,11.33912
43441,11.25233
43462,11.32504
43483,11.30159
43504,11.21949
43525,11.10455
43546,11.08109
43567,10.83713
43588,10.84652
43609,10.81133
43630,10.72688
43651,10.61898
43672,10.75738
43693,10.65886
43714,10.7175
43735,10.76442
43756,10.71281
43777,10.79256
43798,10.94973
43819,10.92393
43840,11.03652
43861,11.20541
43882,11.25233
43903,11.20776
43924,11.21714
43945,11.20541
43966,11.20072
43987,11.2922
44008,11.29455
44029,11.28986
44050,11.41887
44071,11.38369
44092,11.29924
44113,11.17961
44134,11.08578
44155,10.95911
44176,10.81837
44197,10.77614
44218,10.71281
44239,10.60256
44260,10.51108
44281,10.32107
44302,10.41256
44323,10.27416
44344,10.1991
44365,10.14045
44386,10.01848
44407,10.31873
44428,10.07008
44449,10.27416
44470,10.53453
44491,10.45009
44512,10.55799
44533,10.78787
44554,11.31801
44575,10.66824
44596,11.14677
44617,10.68232
44638,10.44071
44659,11.14442
44680,10.65886
44701,10.90985
44722,10.44774
44743,10.31169
44764,10.21317
44785,9.809706
44806,9.450809
44827,9.50007
44848,9.185742
44869,9.253768
44890,8.829192
44911,8.84092
44932,8.482024
44953,8.573507
44974,8.664991
44995,8.444492
45016,8.348318
45037,10.20144
45058,8.324861
45079,8.599311
45100,8.587582
45121,8.641534
45142,8.430418
45163,8.550051
45184,8.439801
45205,8.374122
45226,8.336589
45247,8.240415
45268,8.432764
45289,8.322515
45310,8.188808
45331,8.06214
45352,8.148932
45373,8.247452
45394,8.289675
45415,8.310786
45436,8.282638
45457,8.404615
45478,8.507828
45499,8.517211
45520,8.519556
45541,8.498445
45562,8.557088
45583,8.589928
45604,8.56647
45625,8.564125
45646,8.632151
45667,8.636843
45688,8.573507
45709,8.496099
45730,8.496099
45751,8.854995
45772,8.69314
45793,8.599311
45814,8.704868
45835,8.758821
45856,8.688448
45877,8.657954
45898,8.618076
45919,8.615731
45940,8.728326
45961,8.843266
45982,8.779932
46003,8.810426
46024,8.904256
46045,8.801044
46066,8.892527
46087,9.005121
46108,8.90191
46129,8.810426
46150,8.962898
46171,9.068456
46192,9.047344
46213,8.986356
46234,8.927712
46255,8.93475
46276,8.833883
46297,8.808081
46318,8.887836
46339,8.892527
46360,8.829192
46381,8.845612
46402,8.803389
46423,8.859686
46444,8.789314
46465,8.594619
46486,8.613385
46507,8.718943
46528,8.582891
46549,8.64388
46570,8.84092
46591,8.789314
46612,8.796351
46633,8.859686
46654,9.061419
46675,9.185742
46696,9.138828
46717,9.333523
46738,9.345251
46759,9.485995
46780,9.422661
46801,9.457847
46822,9.568096
46843,9.657233
46864,9.866002
46885,9.77452
46906,9.891806
46927,10.0044
46948,9.957487
46969,9.931683
46990,10.1123
47011,10.19441
47032,10.29996
47053,10.2507
47074,10.21552
47095,10.34219
47116,10.4454
47137,10.41021
47158,10.45478
47179,10.45947
47200,10.67762
47221,10.73861
47242,10.81133
47263,10.87701
47284,10.88639
47305,10.94035
47326,10.97319
47347,10.89578
47368,10.88874
47389,10.87232
47410,11.09047
47431,11.15615
47452,11.13504
47473,11.13739
47494,11.04825
47515,11.0764
47536,11.04121
47557,11.02948
47578,11.00368
47599,10.98022
47620,10.91923
47641,10.97319
47662,10.90281
47683,10.97788
47704,10.94738
47725,10.98257
47746,10.98726
47767,11.01541
47788,10.9943
47809,11.02714
47830,11.01306
47851,11.03652
47872,10.99664
47893,11.07171
47914,11.17492
47935,11.17961
47956,10.98492
47977,10.94973
47998,10.92158
48019,10.97788
48040,10.94973
48061,10.94973
48082,10.94973
48103,10.90281
48124,10.7738
48145,10.78318
48166,10.75503
48187,10.7175
48208,10.70108
48229,10.19675
48250,10.07243
48271,10.3633
48292,10.41021
48313,10.49466
48334,10.50169
48355,10.5533
48376,10.69639
48397,11.09985
48418,11.1843
48439,10.91454
48460,11.0506
48481,10.85824
48502,10.92158
48523,10.87467
48544,10.85355
48565,10.87936
48586,10.89343
48607,10.93331
48628,10.97084
48649,10.94504
48670,10.89343
48691,10.81602
48712,10.7175
48733,10.74331
48754,10.82306
48775,10.78553
48796,10.64478
48817,10.67059
48838,10.66355
48859,10.67762
48880,10.65417
48901,10.61429
48922,10.72454
48943,10.84652
48964,10.79491
48985,10.78318
49006,10.80429
49027,10.90281
49048,10.90985
49069,10.94504
49090,10.92862
49111,10.88405
49132,10.7738
49153,10.95677
49174,10.81602
49195,10.56503
49216,10.67762
49237,10.10996
49258,9.507107
49279,9.882422
49300,9.767483
49321,9.77452
49342,9.542293
49363,9.152903
49384,9.181051
49405,9.188088
49426,9.286609
49447,8.988701
49468,8.789314
49489,8.538322
49510,8.939441
49531,8.245107
49552,8.826846
49573,8.592274
49594,8.585237
49615,8.552396
49636,8.564125
49657,8.613385
49678,8.681411
49699,8.648571
49720,8.465604
49741,8.503136
49762,8.41869
49783,8.486716
49804,8.378813
49825,8.317823
49846,8.238069
49867,8.292021
49888,8.270909
49909,8.188808
49930,8.221649
49951,8.202883
49972,8.313132
49993,8.334244
50014,8.303749
50035,8.421036
50056,8.423381
50077,8.41869
50098,8.40227
50119,8.41869
50140,8.353009
50161,8.399924
50182,8.399924
50203,8.496099
50224,8.528939
50245,8.500791
50266,8.498445
50287,8.46795
50308,8.625113
50329,8.625113
50350,8.653263
50371,8.625113
50392,8.64388
50413,8.704868
50434,8.589928
50455,8.808081
50476,8.777586
50497,8.611039
50518,8.72598
50539,8.801044
50560,8.805735
50581,8.784623
50602,8.857341
50623,8.852649
50644,8.890181
50665,8.911292
50686,8.880798
50707,8.962898
50728,8.998084
50749,9.068456
50770,9.044999
50791,9.061419
50812,9.138828
50833,9.199817
50854,9.354634
50875,9.145865
50896,9.162285
50917,9.260805
50938,9.349943
50959,9.178705
50980,9.342906
51001,9.439081
51022,9.174014
51043,9.150557
51064,9.218582
51085,9.197471
51106,9.157594
51127,9.249077
51148,9.40624
51169,9.281918
51190,9.326486
51211,9.319448
51232,9.605627
51253,9.79094
51274,9.685382
51295,9.617355
51316,9.87304
51337,9.863657
51358,9.795631
51379,9.823779
51400,9.999709
51421,9.955141
51442,9.929338
51463,9.926992
51484,9.919954
51505,9.962177
51526,10.05132
51547,9.950449
51568,9.929338
51589,10.10292
51610,10.08885
51631,10.04897
51652,10.07477
51673,10.26947
51694,10.09354
51715,9.934029
51736,9.934029
51757,10.07712
51778,10.0865
51799,10.0044
51820,10.17564
51844,9.439081
51869,9.823779
51890,10.39145
51911,10.03724
51932,10.24132
51953,9.736988
51974,10.30935
51995,10.59083
52016,10.16626
52037,10.31404
52058,10.35626
52079,10.75972
52100,10.66355
52121,10.68466
52142,10.61664
52163,10.68935
52184,10.77849
52205,10.74331
52226,10.7738
52247,10.84183
52268,10.87232
52289,10.86528
52310,10.81368
52331,10.78084
52352,10.76911
52373,10.8301
52394,10.89812
52415,10.87467
52436,10.95911
52457,10.96615
52478,10.97319
52499,11.11862
52520,11.04356
52541,11.09517
52562,11.16084
52583,11.19368
52604,11.21714
52625,11.25233
52646,11.35788
52667,11.19838
52688,11.2101
52709,11.2406
52730,11.07405
52751,10.90985
52772,10.90985
52793,10.86997
52814,10.90047
52835,10.9638
52856,10.92627
52877,10.95442
52898,10.89343
52919,10.87701
52940,10.92158
52961,10.81133
52982,10.69874
53003,10.63071
53024,10.50873
53045,10.48058
53066,10.54392
53087,10.57207
53108,10.51577
53129,10.53923
53150,10.76911
53171,10.67293
53192,10.67762
53213,10.89109
53234,10.59787
53255,10.63775
53276,10.62836
53297,10.63775
53318,10.55096
53339,10.64478
53360,10.54861
53381,10.52281
53402,10.45947
53423,10.51108
53444,10.40552
53465,10.33046
53486,10.32107
53508,10.19441
53529,10.14984
53550,10.08181
53571,10.04428
53592,9.9223
53613,10.0865
53634,9.924646
53655,9.884768
53676,10.23194
53697,9.659579
53718,9.783903
53739,9.476612
53760,9.934029
53781,9.877731
53802,10.07477
53823,10.05132
53844,9.973906
53865,10.12169
53886,10.1123
53907,10.00675
53928,10.72454
53949,9.959831
53970,9.80736
53991,10.0607
54012,10.02317
54033,9.976252
54054,9.800323
54075,9.816743
54096,9.952795
54117,9.622047
54138,9.563404
54159,9.600936
54180,9.504761
54201,9.352288
54222,9.300683
54243,9.225619
54264,9.371055
54285,9.141173
54306,9.202163
54327,9.223273
54348,9.152903
54369,9.002776
54390,9.059073
54411,9.15994
54432,9.063765
54453,9.077839
54474,8.899564
54495,8.937096
54516,9.042653
54537,8.946478
54558,8.859686
54579,8.876106
54600,8.915984
54621,8.876106
54642,8.777586
54663,8.864378
54684,8.885489
54705,8.897219
54726,9.047344
54747,9.019196
54768,8.876106
54789,9.040307
54810,9.047344
54831,9.026234
54852,8.930058
54873,8.955861
54894,9.145865
54915,9.117716
54936,9.115371
54957,9.143519
54978,9.246731
54999,9.239694
55020,9.246731
55041,9.253768
55062,9.157594
55083,9.13179
55104,9.27488
55125,9.319448
55146,9.2092
55167,9.244386
55188,9.206854
55209,9.136482
55230,9.368709
55251,9.237348
55272,9.15994
55293,9.155248
55314,9.091913
55335,9.129445
55356,9.145865
55377,9.310066
55398,9.096604
55419,9.155248
55440,9.183396
55461,9.08253
55482,9.120062
55503,9.145865
55524,9.218582
55545,9.005121
55566,9.026234
55587,9.174014
55608,9.169322
55629,9.211545
55650,8.960552
55671,9.066111
55692,9.108333
55713,9.066111
55734,9.115371
55755,9.007467
55776,9.037962
55797,9.09895
55818,9.070802
55839,9.166977
55860,9.070802
55881,9.070802
55902,9.094258
55923,9.110679
55944,9.101295
55965,9.138828
55986,9.073148
56007,9.00043
56028,9.023888
56049,9.052036
56070,9.061419
56091,9.073148
56112,9.021542
56133,9.026234
56154,8.962898
56175,9.162285
56196,9.174014
56217,9.110679
56238,9.014504
56259,9.145865
56280,9.216236
56301,9.145865
56322,9.127099
56343,9.279572
56364,9.288955
56385,9.371055
56406,9.263151
56427,9.204508
56448,9.349943
56469,9.443772
56490,9.34056
56511,9.493032
56532,9.711185
56553,9.612664
56574,9.521181
56595,9.725259
56616,9.816743
56637,9.793285
56658,9.690074
56679,9.755754
56700,9.894152
56721,9.896498
56742,10.00909
56763,9.896498
56784,9.924646
56805,9.948103
56826,9.959831
56847,10.09588
56868,10.11465
56889,10.20848
56910,10.22021
56931,10.11465
56952,10.21317
56973,10.39145
56994,10.19675
57015,10.18033
57036,10.23194
57057,10.15218
57078,10.21317
57099,10.36799
57120,10.35157
57141,10.31873
57162,10.26478
57183,10.41021
57204,10.29762
57225,10.24366
57246,10.30465
57267,10.2812
57288,10.16626
57309,10.18033
57330,10.29996
57351,10.31873
57372,10.42429
57393,10.24836
57414,10.1686
57435,10.21083
57456,10.14045
57477,10.21083
57498,10.21786
57519,10.307
57540,10.35157
57561,10.24601
57582,10.04428
57603,10.12872
57624,10.15453
57645,10.14045
57666,10.12403
57687,10.09354
57708,10.14514
57729,10.15218
57750,10.16626
57771,10.01848
57792,10.09354
57813,10.06305
57834,10.07946
57855,10.10292
57876,10.22725
57897,10.24132
57918,10.27181
57939,10.30465
57960,10.26008
57981,10.27181
58002,10.39379
58023,10.41256
58044,10.41725
58065,10.51577
58086,10.54861
58107,10.59083
58128,10.52515
58149,10.50639
58170,10.64947
58191,10.62133
58212,10.6096
58233,10.73158
58254,10.71281
58275,10.67997
58296,10.71281
58317,10.65651
58338,10.62133
58359,10.65182
58380,10.59552
58401,10.58145
58422,10.59552
58443,10.63775
58464,10.50639
58485,10.45478
58506,10.52046
58527,10.45009
58548,10.47355
58569,10.47589
58590,10.47355
58611,10.55565
58632,10.49935
58653,10.45478
58674,10.43132
58695,10.45244
58716,10.46182
58737,10.49466
58758,10.53688
58779,10.42194
58800,10.45478
58821,10.44774
58842,10.44305
58863,10.3891
58884,10.38206
58905,10.39614
58926,10.40317
58947,10.46885
58968,10.45244
58989,10.5533
59010,10.46651
59031,10.40083
59052,10.39848
59073,10.39145
59094,10.49466
59115,10.48058
59136,10.45947
59157,10.47355
59178,10.54157
59199,10.45947
59220,10.36095
59241,10.44305
59262,10.58145
59283,10.67059
59304,10.64478
59325,10.79726
59346,10.66824
59367,10.61664
59388,10.78084
59409,10.83713
59430,10.90751
59451,10.90751
59472,10.87232
59493,10.84652
59514,10.84417
59535,10.71281
59556,10.86763
59577,10.85355
59598,10.78318
59619,10.68466
59640,10.60725
59661,10.72454
59682,10.27885
59703,10.58614
59724,10.51811
59745,10.26712
59766,10.23663
59787,10.27181
59808,10.07946
59829,9.840199
59850,9.617355
59871,9.7581
59892,9.410933
59913,9.539948
59934,9.270188
59955,9.401549
59976,9.30772
59997,9.094258
60018,8.981664
60039,9.478958
60060,9.124753
60081,9.2913
60102,9.218582
60123,9.115371
60144,8.920675
60165,9.059073
60186,9.026234
60207,8.974627
60228,8.998084
60249,9.068456
60270,9.04969
60291,9.068456
60312,8.920675
60333,8.976973
60354,9.143519
60375,9.066111
60396,8.833883
60417,8.925366
60438,8.880798
60459,8.887836
60480,8.751783
60501,8.711905
60522,8.704868
60543,8.681411
60564,8.784623
60585,8.733017
60606,8.777586
60627,8.801044
60648,8.714252
60669,8.913638
60690,8.941787
60711,8.822155
60732,8.920675
60753,8.911292
60774,8.906601
60795,8.955861
60816,8.960552
60837,8.93475
60858,9.075493
60879,9.105988
60900,9.075493
60921,9.080185
60942,9.063765
60963,9.026234
60984,9.105988
61005,9.03327
61026,9.047344
61047,9.061419
61068,9.063765
61089,9.026234
61110,8.98401
61131,9.005121
61152,9.110679
61173,8.911292
61194,8.890181
61215,8.923021
61236,8.962898
61257,8.930058
61278,8.944133
61299,9.028579
61320,8.998084
61341,8.920675
61362,9.002776
61383,8.944133
61404,8.819809
61425,8.843266
61446,8.965244
61467,8.937096
61488,8.803389
61509,8.911292
61530,8.850304
61551,8.850304
61572,8.869069
61593,8.857341
61614,8.866723
61635,8.927712
61656,8.948824
61677,8.920675
61698,8.892527
61719,8.925366
61740,8.852649
61761,8.798697
61782,8.775241
61803,8.925366
61824,8.681411
61845,8.714252
61866,8.887836
61887,8.946478
61908,8.810426
61929,8.873761
61950,8.894873
61971,9.110679
61992,9.101295
62013,9.110679
62034,9.281918
62055,9.218582
62076,9.298337
62097,9.324141
62118,9.429698
62139,9.525873
62160,9.586862
62181,9.678345
62202,9.762791
62223,9.800323
62244,9.697111
62265,9.870694
62286,9.908226
62307,9.962177
62328,10.05601
62349,10.10996
62370,10.15687
62391,10.10292
62412,10.13811
62433,10.14749
62454,10.24836
62475,10.22959
62496,10.15453
62517,10.25539
62538,10.23194
62559,10.26478
62580,10.26712
62601,10.36564
62622,10.2812
62643,10.17095
62664,10.24601
62685,10.26712
62706,10.28823
62727,10.19441
62748,10.23194
62769,10.23194
62790,10.44071
62811,10.46651
62832,10.52281
62853,10.41021
62874,10.52515
62895,10.45947
62916,10.45947
62937,10.4712
62958,10.59083
62979,10.61429
63000,10.65182
63021,10.65182
63042,10.66355
63063,10.73158
63084,10.86059
63105,10.81133
63126,10.77145
63147,10.72219
63168,10.75269
63189,10.69874
63210,10.68701
63231,10.72923
63252,10.71516
63273,10.72454
63294,10.71516
63315,10.78787
63336,10.67528
63357,10.73392
63378,10.79491
63399,10.86528
63420,10.83479
63441,10.76207
63462,10.75738
63483,10.74331
63504,10.77145
63525,10.85121
63546,10.8301
63567,10.82071
63588,10.78787
63609,10.78553
63630,10.90516
63651,10.78084
63672,10.78553
63693,10.84417
63714,10.75034
63735,10.71985
63756,10.75034
63777,10.76207
63798,10.67997
63819,10.64009
63840,10.67528
63861,10.68701
63882,10.60491
63903,10.52046
63924,10.64478
63945,10.66121
63966,10.64947
63987,10.61429
64008,10.60491
64029,10.62602
64050,10.68466
64071,10.80664
64092,10.89343
64113,10.9122
64134,10.96146
64155,11.33443
64176,10.61429
64197,11.01306
64218,10.82775
64239,10.77849
64260,10.78318
64281,10.90985
64302,10.7738
64323,10.87701
64344,10.59318
64365,10.69639
64386,10.63306
64407,10.60491
64428,10.47824
64449,10.45713
64470,10.33515
64491,10.42429
64512,10.35157
64533,10.31873
64554,10.29527
64575,10.17798
64596,10.22255
64617,10.25539
64638,10.39848
64659,10.37033
64680,10.30465
64701,10.37503
64722,10.30465
64743,10.36799
64764,10.40317
64785,10.38675
64806,10.3328
64827,10.43836
64848,10.28823
64869,10.33046
64890,10.2812
64911,10.21786
64932,10.00909
64953,9.823779
64974,9.767483
64995,9.471921
65016,9.591553
65037,9.551676
65058,9.493032
65079,9.188088
65100,9.157594
65121,9.352288
65142,9.073148
65163,9.446118
65184,9.30772
65205,9.253768
65226,9.249077
65247,9.220928
65268,9.066111
65289,9.143519
65310,9.181051
65331,9.09895
65352,9.134136
65373,8.892527
65394,8.918329
65415,8.98401
65436,8.960552
65457,8.965244
65478,8.845612
65499,8.880798
65520,8.890181
65541,8.866723
65562,9.00043
65583,8.864378
65604,8.897219
65625,8.765858
65646,8.890181
65667,8.932404
65688,8.991047
65709,8.913638
65730,8.883143
65751,8.930058
65772,8.998084
65793,8.862032
65814,8.960552
65835,8.817463
65856,8.8245
65877,8.915984
65898,8.90191
65919,8.986356
65940,9.014504
65961,9.005121
65982,8.988701
66003,9.075493
66024,9.188088
66045,9.127099
66066,9.014504
66087,9.047344
66108,9.005121
66129,9.059073
66150,9.108333
66171,8.991047
66192,9.124753
66213,9.178705
66234,9.157594
66255,9.103642
66276,9.056727
66297,9.042653
66318,9.077839
66339,9.141173
66360,9.040307
66381,9.054381
66402,9.169322
66423,9.108333
66444,9.084876
66465,9.04969
66486,9.040307
66507,8.946478
66528,9.052036
66549,9.009813
66570,8.948824
66591,8.920675
66612,8.939441
66633,8.976973
66654,8.962898
66675,8.740054
66696,8.683757
66717,8.707214
66738,8.695485
66759,8.517211
66780,8.48437
66801,8.411653
66822,8.292021
66843,8.268563
66864,8.299058
66885,8.331898
66906,8.324861
66927,8.219303
66948,8.350664
66969,8.36943
66990,8.409307
67011,8.348318
67032,8.552396
67053,8.587582
67074,8.625113
67095,8.770549
67116,8.871415
67137,8.913638
67158,9.089567
67179,9.288955
67200,9.183396
67221,8.946478
67242,9.206854
67263,9.263151
67284,9.34056
67305,9.075493
67326,9.410933
67347,9.371055
67368,9.425007
67389,9.481303
67410,9.514144
67431,9.51649
67452,9.659579
67473,9.812052
67494,10.02786
67515,10.20144
67536,10.29762
67557,10.31638
67578,10.31638
67599,10.3328
67620,10.50404
67641,10.54392
67662,10.43601
67683,10.35157
67704,10.35626
67725,10.33749
67746,10.32576
67767,10.31873
67788,10.31169
67809,10.29058
67830,10.43367
67851,10.497
67872,10.4712
67893,10.45478
67914,10.48762
67935,10.57441
67956,10.63071
67977,10.62367
67998,10.71516
68019,10.81602
68040,10.9638
68061,11.10924
68082,11.06232
68103,11.05763
68124,11.11393
68145,11.24998
68166,11.26171
68187,11.22418
68208,11.25702
68229,11.29924
68250,11.23825
68271,11.29924
68292,11.14442
68313,11.09282
68334,11.01072
68355,10.9638
68376,10.90281
68397,11.01072
68418,10.97319
68439,10.97319
68460,11.02245
68481,11.00134
68502,11.0201
68523,10.98726
68544,11.07874
68565,11.02245
68586,11.14912
68607,11.12097
68628,11.13739
68649,11.19134
68670,11.19368
68691,11.24529
68712,11.26171
68733,11.17023
68754,11.23591
68775,11.19603
68796,11.31566
68817,11.22183
68838,10.9943
68859,11.08109
68880,10.93096
68901,10.8559
68922,10.63306
68943,10.65651
68964,10.67293
68985,10.54861
69006,10.57207
69027,10.48997
69048,10.4454
69069,10.50404
69090,10.37972
69111,10.39379
69132,10.43367
69153,10.5275
69174,10.45009
69195,10.41959
69216,10.57676
69237,10.43836
69258,10.48997
69279,10.51577
69300,10.53923
69321,10.59318
69342,10.49935
69363,10.52984
69384,10.53688
69405,10.46416
69426,10.39379
69447,10.43132
69468,10.29762
69489,10.17564
69510,10.11465
69531,10.02786
69552,9.990326
69573,10.0044
69594,9.854274
69615,9.765137
69636,9.79094
69657,9.732296
69678,9.54933
69699,9.521181
69720,9.392166
69741,9.232656
69762,9.152903
69783,9.596244
69804,9.216236
69825,9.338214
69846,9.35698
69867,9.279572
69888,9.354634
69909,9.279572
69930,9.333523
69951,9.429698
69972,9.347597
69993,9.185742
70014,9.408587
70035,9.528218
70056,8.805735
70077,9.075493
70098,9.103642
70119,9.115371
70140,9.188088
70161,9.148211
70182,9.129445
70203,9.216236
70224,9.267843
70245,9.206854
70266,9.235003
70287,9.246731
70308,9.251423
70329,9.375746
70350,9.502416
70371,9.422661
70392,9.427352
70413,9.446118
70434,9.535255
70455,9.495378
70476,9.434389
70497,9.246731
70518,9.293646
70539,9.420315
70560,9.338214
70581,9.188088
70602,9.141173
70623,9.136482
70644,9.110679
70665,9.007467
70686,8.920675
70707,8.906601
70728,9.012158
70749,8.993393
70770,8.913638
70791,8.892527
70812,9.009813
70833,8.993393
70854,9.108333
70875,9.13179
70896,9.087222
70917,9.066111
70938,9.124753
70959,9.166977
70980,9.056727
71001,9.169322
71022,9.171668
71043,9.174014
71064,9.206854
71085,9.211545
71106,9.117716
71127,9.122408
71148,9.091913
71169,9.087222
71190,9.047344
71211,8.967589
71232,8.986356
71253,8.805735
71274,8.810426
71295,8.803389
71316,8.754128
71337,8.650917
71358,8.69314
71379,8.580544
71400,8.596965
71421,8.486716
71442,8.493753
71463,8.446838
71484,8.383504
71505,8.423381
71526,8.299058
71547,8.303749
71568,8.280293
71589,8.362392
71610,8.41869
71631,8.472641
71652,8.442147
71673,8.453876
71694,8.383504
71715,8.416345
71736,8.470296
71757,8.423381
71778,8.390541
71799,8.423381
71820,8.453876
71841,8.289675
71862,8.296712
71883,8.317823
71904,8.158315
71925,8.198192
71946,8.313132
71967,8.470296
71988,8.580544
72009,8.618076
72030,8.681411
72051,8.897219
72072,9.01685
72093,9.166977
72114,9.244386
72135,9.387475
72156,9.392166
72177,9.570441
72198,9.612664
72219,9.767483
72240,9.725259
72261,9.816743
72282,9.931683
72303,10.08181
72324,10.13342
72345,10.26947
72366,10.2507
72387,10.34688
72408,10.33515
72429,10.34219
72450,10.33984
72471,10.47589
72492,10.64009
72513,10.69404
72534,10.66824
72555,10.77145
72576,10.69874
72597,10.65651
72618,10.81368
72639,10.87232
72660,10.83244
72681,10.7738
72702,10.92862
72723,10.92158
72744,10.93096
72765,10.92158
72786,10.90047
72807,10.96146
72828,10.70577
72849,11.28048
72870,11.02245
72891,10.98257
72912,10.91454
72933,10.91689
72954,10.78787
72975,10.86294
72996,10.73158
73017,10.8559
73038,10.75034
73059,10.79491
73080,10.79256
73101,10.8559
73122,10.89343
73143,10.90751
73164,10.9943
73185,11.00368
73206,11.12097
73227,11.08343
73248,11.12566
73269,11.2969
73290,11.32035
73311,11.49863
73332,11.58307
73353,11.54085
73374,11.60653
73395,11.57369
73416,11.51505
73437,11.39776
73458,11.29924
73479,11.26875
73500,11.36023
73521,11.30159
73542,11.24763
73563,11.19838
73584,11.00837
73605,11.27109
73626,11.02948
73647,10.9122
73668,10.9638
73689,10.9122
73710,11.16084
73731,11.15615
73752,11.23825
73773,11.12566
73794,11.15615
73815,11.06701
73836,11.17492
73857,11.25233
73878,11.17023
73899,11.20776
73920,11.20776
73941,11.10689
73962,11.05529
73983,10.90047
74004,10.91923
74025,10.74565
74046,10.57441
74067,10.41725
74088,10.4149
74109,10.32342
74130,10.37033
74151,10.34219
74172,10.23897
74193,10.31169
74214,9.826125
74235,9.889461
74256,10.02551
74277,9.903535
74298,10.08416
74319,9.849584
74340,10.117
74361,9.980944
74382,10.03959
74403,10.10761
74424,10.02551
74445,9.854274
74466,9.894152
74487,9.753407
74508,9.976252
74529,9.619701
74550,9.748716
74571,9.650196
74592,9.556367
74613,9.54933
74634,9.50007
74655,9.443772
74676,9.256114
74697,9.216236
74718,9.178705
74739,9.115371
74760,8.979319
74781,9.030925
74802,8.976973
74823,9.023888
74844,8.808081
74865,8.918329
74886,9.054381
74907,8.822155
74928,8.679066
74949,8.72598
74970,8.728326
74991,8.768204
75012,8.873761
75033,8.826846
75054,8.763512
75075,8.751783
75096,8.815118
75117,8.716597
75138,8.688448
75159,8.669683
75180,8.650917
75201,8.7424
75222,8.735363
75243,8.667336
75264,8.655608
75285,8.711905
75306,8.737708
75327,8.648571
75348,8.688448
75369,8.770549
75390,8.716597
75411,8.728326
75432,8.714252
75453,8.763512
75474,8.779932
75495,8.798697
75516,8.751783
75537,8.754128
75558,8.714252
75579,8.826846
75600,8.7424
75621,8.721289
75642,8.779932
75663,8.683757
75684,8.648571
75705,8.618076
75726,8.69314
75747,8.604002
75768,8.681411
75789,8.620422
75810,8.618076
75831,8.72598
75852,8.716597
75873,8.716597
75894,8.794006
75915,8.740054
75936,8.688448
75957,8.702522
75978,8.655608
75999,8.735363
76020,8.662645
76041,8.704868
76062,8.730671
76083,8.779932
76104,8.72598
76125,8.72598
76146,8.779932
76167,8.7424
76188,8.702522
76209,8.789314
76230,8.836229
76251,8.772895
76272,8.796351
76293,8.833883
76314,9.136482
76335,9.288955
76356,9.342906
76377,9.181051
76398,9.063765
76419,9.328832
76440,9.511798
76461,9.514144
76482,9.347597
76503,9.223273
76524,9.265497
76545,9.425007
76566,9.617355
76587,9.600936
76608,9.50007
76629,9.427352
76650,9.518835
76671,9.718222
76692,9.835509
76713,9.969215
76734,9.800323
76755,9.868348
76776,10.03959
76797,10.01144
76818,10.00675
76839,9.98798
76860,9.931683
76881,9.976252
76902,9.971561
76923,9.898843
76944,9.814397
76965,9.934029
76986,10.02786
77007,9.999709
77028,10.02551
77049,10.17798
77070,10.21317
77091,10.36564
77112,10.38206
77133,10.48293
77154,10.46885
77175,10.42429
77196,10.55565
77217,10.66824
77238,10.76911
77259,10.69874
77280,10.62602
77301,10.65886
77322,10.67762
77343,10.76911
77364,10.79022
77385,10.82071
77406,10.85824
77427,10.81133
77448,10.94973
77469,11.06232
77490,11.08578
77511,11.21714
77532,11.37431
77553,11.38134
77574,11.49628
77595,11.36023
77616,11.42357
77637,11.51505
77658,11.46579
77679,11.49159
77700,11.46813
77721,11.42357
77742,11.54789
77763,11.42357
77784,11.40949
77805,11.3485
77826,11.44468
77847,11.55962
77868,11.57604
77889,11.62999
77910,11.60888
77931,11.8974
77952,11.99592
77973,11.88333
77994,11.80357
78015,11.68394
78036,11.79419
78057,11.67925
78078,11.63703
78099,11.72382
78120,11.56431
78141,11.51505
78162,11.32739
78183,11.26171
78204,11.19603
78225,11.02714
78246,11.0201
78267,10.89578
78288,10.81368
78309,10.75269
78330,10.8301
78351,10.54392
78372,10.5275
78393,10.53219
78414,10.49466
78435,10.50873
78456,10.31404
78477,10.34688
78498,10.72923
78519,10.22725
78540,10.15687
78561,10.15687
78582,10.15687
78603,10.13107
78624,10.0044
78645,10.02551
78666,9.98329
78687,9.990326
78708,9.830817
78729,10.09119
78750,9.950449
78771,9.708839
78792,9.732296
78813,9.753407
78834,9.805015
78855,9.734642
78876,9.596244
78897,9.570441
78918,9.493032
78939,9.542293
78960,9.518835
78981,9.450809
79002,9.246731
79023,9.460192
79044,9.570441
79065,9.326486
79086,9.185742
79107,9.218582
79128,9.204508
79149,9.364017
79170,9.385129
79191,9.303029
79212,9.312411
79233,9.373401
79254,9.164631
79275,9.141173
79296,9.141173
79317,9.216236
79338,9.080185
79359,9.047344
79380,9.246731
79401,9.342906
79422,9.338214
79443,9.25846
79464,9.225619
79485,9.171668
79506,9.138828
79527,9.127099
79548,9.204508
79569,9.319448
79590,9.333523
79611,9.23031
79632,9.143519
79653,9.063765
79674,9.227965
79695,9.157594
79716,9.155248
79737,9.09895
79758,9.124753
79779,9.113025
79800,9.005121
79821,8.972281
79842,9.084876
79863,8.988701
79884,8.991047
79905,8.880798
79926,8.944133
79947,8.899564
79968,8.958207
79989,8.986356
80010,8.976973
80031,8.988701
80052,8.911292
80073,8.930058
80094,8.953515
80115,8.915984
80136,9.042653
80157,8.944133
80178,8.972281
80199,8.913638
80220,8.962898
80241,9.023888
80262,8.911292
80283,8.871415
80304,8.979319
80325,9.021542
80346,8.981664
80367,8.981664
80388,8.862032
80409,8.883143
80430,8.95117
80451,8.826846
80472,8.833883
80493,8.737708
80514,8.737708
80535,8.850304
80556,8.775241
80577,8.756474
80598,8.72598
80619,8.679066
80640,8.763512
80661,8.67672
80682,8.72598
80703,8.686103
80724,8.650917
80745,8.625113
80766,8.62746
80787,8.700177
80808,8.737708
80829,8.639189
80850,8.702522
80871,8.779932
80892,8.79166
80913,8.885489
80934,8.892527
80955,8.892527
80976,8.892527
80997,8.913638
81018,8.897219
81039,8.887836
81060,8.904256
81081,9.077839
81102,9.2092
81123,9.174014
81144,9.169322
81165,9.392166
81186,9.56575
81207,9.415624
81228,9.432044
81249,9.539948
81270,9.558713
81291,9.460192
81312,9.422661
81333,9.537601
81354,9.636122
81375,9.652542
81396,9.7581
81417,9.694765
81438,9.685382
81459,9.887115
81480,10.08885
81501,10.04897
81522,10.00909
81543,9.973906
81564,10.10527
81585,10.07008
81606,9.992672
81627,10.03255
81648,10.17798
81669,10.32576
81690,10.11934
81711,10.18971
81732,10.26243
81753,10.39614
81774,10.46885
81795,10.39379
81816,10.40552
81837,10.59318
81858,10.70812
81879,10.64009
81900,10.61898
81921,10.60022
81942,10.72923
81963,10.86528
81984,11.06701
82005,11.02479
82026,10.98726
82047,11.04825
82068,11.01775
82089,11.10455
82110,11.18196
82131,11.08109
82152,11.03417
82173,11.09517
82194,10.98961
82215,10.94973
82236,10.95442
82257,10.94035
82278,10.98492
82299,10.95442
82320,10.96146
82341,10.9122
82362,11.02948
82383,11.02948
82404,11.11627
82425,11.01072
82446,10.94504
82467,11.07171
82488,11.15381
82509,11.02948
82530,11.1022
82551,11.11158
82572,11.22183
82593,11.16319
82614,11.24998
82635,11.11158
82656,10.98022
82677,11.01072
82698,11.08109
82719,11.04121
82740,11.00603
82761,10.81602
82782,11.01775
82803,10.89109
82824,10.8817
82845,10.84417
82866,10.84417
82887,10.92627
82908,10.98022
82929,10.83244
82950,10.79022
82971,10.76911
82992,10.89343
83013,10.87232
83034,10.9122
83055,10.84652
83076,10.88874
83097,10.93331
83118,10.95442
83139,10.90047
83160,10.78553
83181,10.66355
83202,10.64478
83223,10.64713
83244,10.5838
83265,10.53688
83286,10.48997
83307,10.33515
83328,10.39614
83349,10.44774
83370,10.28589
83391,10.17329
83412,10.17095
83433,10.12872
83454,10.04428
83475,10.04662
83496,10.02551
83517,9.964523
83538,9.971561
83559,10.01144
83580,10.13576
83601,10.01848
83622,10.13576
83643,10.30935
83664,10.08885
83685,10.08885
83706,10.32576
83727,10.25539
83748,10.23194
83769,10.16626
83790,10.22021
83811,10.17798
83832,9.685382
83853,9.898843
83874,9.699456
83895,9.715877
83916,9.734642
83937,9.772174
83958,9.633776
83979,9.584516
84000,9.380438
84021,9.546985
84042,9.364017
84063,9.394512
84084,9.317103
84105,9.446118
84126,9.237348
84147,9.00043
84168,9.134136
84189,9.427352
84210,9.164631
84231,9.066111
84252,9.094258
84273,9.220928
84294,9.103642
84315,9.422661
84336,9.080185
84357,9.218582
84378,9.232656
84399,9.054381
84420,9.089567
84441,9.122408
84462,9.127099
84483,9.152903
84504,9.009813
84525,9.035616
84546,9.075493
84567,8.946478
84588,8.876106
84609,8.845612
84630,8.740054
84651,8.831537
84672,8.847958
84693,8.894873
84714,8.939441
84735,8.962898
84756,8.974627
84777,9.04969
84798,9.01685
84819,9.075493
84840,8.998084
84861,9.075493
84882,9.105988
84903,9.129445
84924,9.148211
84945,9.148211
84966,9.15994
84987,9.110679
85008,9.176359
85029,9.127099
85050,9.066111
85071,9.068456
85092,9.108333
85113,9.094258
85134,9.047344
85155,9.096604
85176,9.04969
85197,9.056727
85218,9.030925
85239,9.068456
85260,9.080185
85281,9.084876
85302,8.976973
85323,8.991047
85344,9.042653
85365,9.054381
85386,9.042653
85407,8.925366
85428,8.911292
85449,9.00043
85470,8.939441
85491,8.930058
85512,8.937096
85533,8.960552
85554,8.930058
85575,8.927712
85596,8.876106
85617,8.946478
85638,8.751783
85659,8.639189
85680,8.772895
85701,8.8245
85722,8.770549
85743,8.789314
85764,8.836229
85785,8.831537
85806,8.843266
85827,8.775241
85848,8.829192
85869,8.90191
85890,8.880798
85911,8.784623
85932,8.880798
85953,8.831537
85974,8.939441
85995,8.906601
86016,8.803389
86037,8.974627
86058,9.152903
86079,9.293646
86100,9.51649
86121,9.572787
86142,9.539948
86163,9.626739
86184,9.837853
86205,9.9223
86226,9.926992
86247,9.877731
86268,9.85662
86289,10.04428
86310,10.10996
86331,9.990326
86352,9.985635
86373,10.01378
86394,9.969215
86415,9.87304
86436,9.929338
86457,9.898843
86478,9.858966
86499,9.781557
86520,9.706493
86541,9.715877
86562,9.786248
86583,9.795631
86604,9.769828
86625,9.77452
86646,9.901189
86667,9.938721
86688,9.931683
86709,9.823779
86730,9.908226
86751,10.0865
86772,10.14045
86793,10.09354
86814,9.912917
86835,10.02317
86856,10.0302
86877,10.11934
86898,10.13576
86919,10.03489
86940,9.875386
86961,9.936375
86982,9.971561
87003,10.21552
87024,10.25305
87045,10.21786
87066,10.37737
87087,10.47355
87108,10.48058
87129,10.65886
87150,10.62367
87171,10.62133
87192,10.65417
87213,10.76911
87234,10.78084
87255,10.86294
87276,10.73392
87297,10.79491
87318,10.86997
87339,10.73627
87360,10.75503
87381,10.8559
87402,10.87467
87423,10.84886
87444,10.79726
87465,10.74565
87486,10.77849
87507,10.90516
87528,10.8817
87549,10.91923
87570,10.92862
87591,11.00368
87612,10.96849
87633,10.98022
87654,11.06701
87675,11.09751
87696,11.14442
87717,11.18665
87738,11.10689
87759,11.09282
87780,11.08109
87801,10.97084
87822,10.96849
87843,10.96849
87864,10.99899
87885,10.97553
87906,10.90516
87927,10.9122
87948,10.80429
87969,10.80195
87990,10.83948
88011,10.71046
88032,10.75738
88053,10.748
88074,10.6917
88095,10.66355
88116,10.50873
88137,10.52281
88158,10.55096
88179,10.51811
88200,10.5533
88221,10.65651
88242,10.45713
88263,10.25774
88284,10.23663
88305,10.59787
88326,10.56738
88347,10.43836
88368,10.25774
88389,10.44774
88410,10.3633
88431,9.178705
88452,10.7996
88473,10.43836
88494,11.90209
88515,9.371055
88536,10.38675
88557,10.12169
88578,9.629085
88599,10.21786
88620,9.779211
88641,9.781557
88662,10.03724
88683,10.21083
88704,10.08416
88725,9.98798
88746,10.09119
88767,10.21317
88788,10.21083
88809,10.10292
88830,10.22959
88851,10.39848
88872,10.41256
88893,10.46416
88914,10.50873
88935,10.59083
88956,10.54392
88977,10.54626
88998,10.57676
89019,10.65182
89040,10.73392
89061,10.57441
89082,10.26008
89103,10.43601
89124,10.26243
89145,10.10058
89166,10.14045
89187,9.950449
89208,9.814397
89229,9.551676
89250,10.29762
89271,9.600936
89292,9.188088
89313,9.349943
89334,9.157594
89355,9.225619
89376,9.223273
89397,9.157594
89418,8.880798
89439,8.859686
89460,9.152903
89481,9.087222
89502,9.134136
89523,9.094258
89544,8.969935
89565,8.923021
89586,8.899564
89607,8.782278
89628,8.93475
89649,8.972281
89670,8.859686
89691,8.775241
89712,8.667336
89733,8.67672
89754,8.775241
89775,8.751783
89796,8.775241
89817,8.770549
89838,8.723634
89859,8.765858
89880,8.779932
89901,8.819809
89922,8.761166
89943,8.836229
89964,8.850304
89985,8.796351
90006,8.883143
90027,8.98401
90048,8.817463
90069,8.969935
90090,9.103642
90111,9.040307
90132,9.030925
90153,8.962898
90174,8.932404
90195,8.988701
90216,8.908947
90237,8.960552
90258,8.918329
90279,8.937096
90300,8.98401
90321,8.979319
90342,8.84092
90363,8.915984
90384,8.953515
90405,8.810426
90426,8.819809
90447,8.941787
90468,8.939441
90489,8.939441
90510,9.026234
90531,9.021542
90552,8.972281
90573,8.923021
90594,9.009813
90615,8.944133
90636,9.009813
90657,8.944133
90678,9.005121
90699,8.995738
90720,9.068456
90741,9.052036
90762,9.084876
90783,9.042653
90804,9.056727
90825,9.075493
90846,8.899564
90867,9.012158
90888,9.052036
90909,8.965244
90930,8.90191
90951,8.876106
90972,8.883143
90993,8.819809
91014,8.629806
91035,8.672029
91056,8.833883
91077,8.730671
91098,8.683757
91119,8.838574
91140,8.885489
91161,8.796351
91182,8.908947
91203,9.148211
91224,9.216236
91245,9.115371
91266,9.263151
91287,9.312411
91308,9.35698
91329,9.211545
91350,9.368709
91371,9.474266
91392,9.577478
91413,9.396858
91434,9.579824
91455,9.805015
91476,9.713531
91497,9.661925
91518,9.844892
91539,9.941067
91560,9.959831
91581,9.844892
91602,9.786248
91623,9.964523
91644,10.2812
91665,10.09823
91686,10.09354
91707,10.12403
91728,10.04662
91749,10.10996
91770,10.10292
91791,10.25539
91812,10.38206
91833,10.20379
91854,9.976252
91875,10.27416
91896,10.22255
91917,10.24601
91938,10.22959
91959,10.25305
91980,10.24132
92001,10.09823
92022,10.16391
92043,10.24366
92064,10.2765
92085,10.29762
92106,10.20379
92127,10.13576
92148,10.1991
92169,10.25305
92190,10.16391
92211,10.26947
92232,10.27416
92253,10.28823
92274,10.40083
92295,10.31169
92316,10.29527
92337,10.35626
92358,10.42663
92379,10.45478
92400,10.49466
92421,10.49231
92442,10.46885
92463,10.47355
92484,10.54626
92505,10.52984
92526,10.59318
92547,10.56034
92568,10.52046
92589,10.65182
92610,10.61194
92631,10.70812
92652,10.64478
92673,10.81602
92694,10.82306
92715,10.748
92736,10.82071
92757,10.78084
92778,10.82306
92799,10.86528
92820,10.88874
