8816,9.068456
8837,8.962898
8858,8.95117
8879,8.960552
8900,9.117716
8921,9.012158
8942,9.09895
8963,9.127099
8984,9.148211
9005,9.25846
9026,9.176359
9047,9.415624
9068,9.366363
9089,9.450809
9110,9.429698
9131,9.607973
9152,9.678345
9173,9.690074
9194,9.805015
9215,9.809706
9236,9.941067
9257,9.847238
9278,10.07946
9299,10.01848
9320,10.07477
9341,9.950449
9362,10.18268
9383,10.17564
9404,10.48528
9425,10.38675
9446,10.45947
9467,10.47589
9488,10.59552
9509,10.5275
9530,10.53453
9551,10.65651
9572,10.6917
9593,10.80899
9614,10.83948
9635,10.79022
9656,11.14912
9677,10.40083
9698,10.49466
9719,10.77145
9740,10.94269
9761,10.96146
9782,10.67528
9803,10.57207
9824,10.96146
9845,11.04356
9866,10.9122
9887,10.90516
9908,10.74331
9929,10.84417
9950,10.80899
9971,10.86763
9992,11.0506
10013,10.94973
10034,11.01072
10055,11.03417
10076,10.91689
10097,10.94269
10118,11.01072
10139,10.98022
10160,10.85355
10181,10.85824
10202,10.78787
10223,10.85824
10244,10.83948
10265,10.60256
10286,10.63775
10307,10.43132
10328,10.3891
10349,10.34922
10370,10.40317
10391,10.09588
10412,9.98329
10433,9.851928
10454,9.866002
10475,9.711185
10496,9.870694
10517,9.48834
10538,9.474266
10559,9.485995
10580,9.401549
10601,9.328832
10622,9.303029
10643,9.317103
10664,9.345251
10685,9.202163
10706,9.030925
10727,9.134136
10748,9.150557
10769,9.105988
10790,9.094258
10811,9.094258
10832,9.00043
10853,9.044999
10874,8.920675
10895,9.04969
10916,9.084876
10937,9.042653
10958,9.01685
10979,9.225619
11000,9.239694
11021,9.056727
11042,9.105988
11063,9.171668
11084,9.150557
11105,9.145865
11126,9.225619
11147,9.27488
11168,9.225619
11189,9.174014
11210,9.235003
11231,9.171668
11252,9.101295
11273,9.054381
11294,9.110679
11315,9.059073
11336,9.077839
11357,9.066111
11378,9.061419
11399,9.087222
11420,9.150557
11441,9.136482
11462,9.080185
11483,9.070802
11504,9.157594
11526,9.096604
11547,9.035616
11568,9.108333
11589,9.171668
11610,9.063765
11631,9.101295
11652,9.181051
11673,9.096604
11694,9.190434
11715,9.056727
11736,9.117716
11757,9.09895
11778,9.195126
11799,9.178705
11820,9.232656
11841,9.24204
11862,9.244386
11883,9.303029
11904,9.2913
11925,9.24204
11946,9.300683
11967,9.483649
11988,9.385129
12009,9.687728
12030,9.600936
12051,9.645505
12072,9.690074
12093,9.654888
12114,9.835509
12135,9.765137
12156,9.788594
12177,9.978598
12198,10.01613
12219,10.02317
12240,10.14984
12261,10.1991
12282,10.39145
12303,10.47824
12324,10.59318
12345,10.62367
12366,10.71281
12387,10.74565
12408,10.81133
12429,10.87701
12450,10.81368
12471,10.84183
12492,10.98257
12513,10.9943
12534,10.98022
12555,10.98257
12576,10.84183
12597,10.82775
12618,11.09282
12639,10.89109
12660,10.96849
12681,11.22418
12702,11.06936
12723,11.00837
12744,11.04825
12765,11.08109
12786,10.98492
12807,10.78318
12828,10.80429
12849,10.94035
12870,10.76911
12891,10.75503
12912,10.70812
12933,10.63306
12954,10.53453
12975,10.3328
12996,10.3891
13017,10.33749
13038,10.29996
13059,10.25774
13080,10.21317
13101,10.24132
13122,10.19675
13143,10.20613
13164,10.19441
13185,10.22959
13206,10.06539
13227,10.20379
13248,10.07243
13269,9.795631
13290,9.9223
13311,10.15687
13332,9.851928
13353,9.542293
13374,9.542293
13395,9.471921
13416,9.415624
13437,9.427352
13458,9.375746
13479,9.260805
13500,9.260805
13521,8.98401
13542,8.972281
13563,9.364017
13584,9.347597
13605,8.847958
13626,9.03327
13647,8.944133
13668,9.059073
13689,8.995738
13710,8.838574
13731,8.765858
13752,8.927712
13773,8.979319
13794,8.998084
13815,8.885489
13836,8.779932
13857,8.831537
13878,8.84092
13899,8.915984
13920,8.920675
13941,8.918329
13962,8.897219
13983,8.939441
14004,8.958207
14025,9.075493
14046,9.115371
14067,9.070802
14088,9.143519
14109,9.087222
14130,9.227965
14151,9.256114
14172,9.124753
14193,9.103642
14215,9.190434
14236,9.096604
14257,9.150557
14278,9.122408
14299,9.162285
14320,9.13179
14341,9.213891
14362,9.096604
14383,9.13179
14404,9.326486
14425,9.157594
14446,9.122408
14467,9.103642
14488,9.110679
14509,9.023888
14530,9.087222
14551,9.145865
14572,9.166977
14593,9.063765
14614,9.150557
14635,9.108333
14656,9.077839
14677,9.145865
14698,9.162285
14719,9.101295
14740,9.134136
14761,9.256114
14782,9.267843
14803,9.471921
14824,9.476612
14845,9.584516
14866,9.718222
14887,9.767483
14908,9.776865
14929,9.793285
14950,9.875386
14971,9.90588
14992,9.931683
15013,10.14514
15034,10.04193
15055,10.2765
15076,10.24601
15097,10.25305
15118,10.40552
15139,10.39145
15160,10.38675
15181,10.38441
15202,10.57676
15223,10.6096
15244,10.61898
15265,10.80899
15286,10.80664
15307,10.87936
15328,10.77614
15349,10.68935
15370,10.78318
15391,10.6659
15412,10.78787
15433,10.82071
15454,10.86763
15475,10.7996
15496,10.57207
15517,10.39145
15538,10.67293
15559,10.74565
15580,10.68935
15601,10.67059
15622,10.6917
15643,10.77849
15664,10.73627
15685,10.73627
15706,10.71046
15727,10.72923
15748,10.83479
15769,10.84652
15790,10.77145
15811,10.74331
15832,10.68232
15853,10.56738
15874,10.64713
15895,10.70812
15916,10.75034
15937,10.61664
15958,10.59787
15979,10.51811
16000,10.41725
16021,10.47589
16042,10.4454
16063,10.29762
16084,10.18502
16105,10.15922
16126,10.07243
16147,10.08416
16168,9.955141
16189,9.891806
16210,9.809706
16231,9.866002
16252,9.786248
16273,9.690074
16294,9.485995
16315,9.453156
16336,9.493032
16357,9.54933
16378,9.232656
16399,9.225619
16420,9.385129
16441,9.281918
16462,9.178705
16483,9.249077
16504,9.34056
16525,9.23031
16546,9.218582
16567,9.171668
16588,9.195126
16609,9.152903
16630,9.120062
16651,9.188088
16672,9.091913
16693,9.101295
16714,9.120062
16735,9.136482
16756,9.042653
16777,9.040307
16798,9.244386
16819,9.239694
16840,9.256114
16861,9.145865
16882,9.176359
16903,9.260805
16924,9.164631
16945,9.305374
16966,9.232656
16987,9.197471
17008,9.171668
17029,9.185742
17050,9.213891
17071,9.216236
17092,9.277225
17113,9.148211
17134,9.042653
17155,9.068456
17176,9.108333
17197,9.068456
17218,9.127099
17239,9.084876
17260,9.122408
17281,9.183396
17302,9.174014
17323,9.197471
17344,9.145865
17365,9.190434
17386,9.162285
17407,9.178705
17428,9.204508
17449,9.174014
17470,9.094258
17491,9.183396
17512,9.178705
17533,9.115371
17554,9.127099
17575,9.143519
17596,9.15994
17617,9.312411
17638,9.235003
17659,9.347597
17680,9.324141
17701,9.300683
17722,9.38982
17743,9.34056
17764,9.378092
17785,9.509453
17806,9.495378
17827,9.544639
17848,9.654888
17869,9.603281
17890,9.504761
17911,9.622047
17932,9.633776
17953,9.713531
17974,9.828471
17995,9.786248
18016,9.997364
18037,10.04428
18058,10.07712
18079,10.03255
18100,10.10292
18121,10.13811
18142,10.28823
18163,10.39379
18184,10.29762
18205,10.45478
18226,10.46885
18247,10.55799
18268,10.55565
18289,10.61194
18310,10.58849
18331,10.61898
18352,10.9122
18373,10.72219
18394,10.73392
18415,11.03652
18436,10.73627
18457,10.91689
18478,11.06232
18499,10.94504
18520,10.94738
18541,11.07874
18562,10.94973
18583,10.85824
18604,10.94504
18625,11.09047
18646,10.58849
18667,10.72219
18688,10.71985
18709,10.69404
18730,10.53219
18751,10.57676
18772,10.48293
18793,10.45947
18814,10.48528
18835,10.45713
18856,10.47824
18877,10.41256
18898,10.46416
18919,10.41725
18940,10.39145
18961,10.27416
18982,10.35157
19003,10.40083
19024,10.32576
19045,10.26008
19066,10.1991
19087,10.12638
19108,10.20379
19129,10.05132
19150,9.912917
19171,10.2249
19192,9.929338
19213,9.858966
19234,9.725259
19255,9.795631
19276,9.645505
19297,9.399203
19318,9.694765
19339,9.448463
19360,9.183396
19381,9.244386
19402,8.993393
19423,9.122408
19444,9.03327
19465,9.023888
19486,9.026234
19507,8.90191
19528,8.843266
19549,8.869069
19571,8.794006
19593,8.937096
19614,8.969935
19635,8.93475
19656,8.995738
19677,8.953515
19698,9.138828
19719,9.002776
19740,9.023888
19761,9.122408
19782,9.164631
19803,9.148211
19824,9.298337
19845,9.256114
19866,9.199817
19887,9.319448
19908,9.324141
19929,9.218582
19950,9.331178
19971,9.293646
19992,9.169322
20013,9.202163
20034,9.34056
20055,9.382783
20076,9.361671
20097,9.272534
20118,9.260805
20139,9.260805
20160,9.342906
20181,9.312411
20202,9.267843
20223,9.103642
20244,9.13179
20265,9.127099
20286,9.199817
20307,9.166977
20328,8.960552
20349,8.962898
20370,9.077839
20391,9.070802
20412,8.953515
20433,8.967589
20454,9.279572
20475,8.869069
20496,9.087222
20517,9.127099
20538,8.906601
20559,9.127099
20580,9.042653
20601,9.2092
20622,9.293646
20643,9.359325
20664,9.321795
20685,9.439081
20706,9.523527
20727,9.61501
20748,9.425007
20769,9.652542
20790,9.725259
20811,9.753407
20832,9.978598
20853,9.826125
20874,9.938721
20895,9.926992
20916,10.00675
20937,10.08181
20958,10.09354
20979,10.1686
21000,10.15453
21021,10.37268
21042,10.32342
21063,10.38441
21084,10.4712
21105,10.43836
21126,10.66355
21147,10.65886
21168,10.83948
21189,10.82306
21210,10.748
21231,11.33677
21252,10.51577
21273,10.65886
21294,10.938
21315,10.92393
21336,10.89109
21357,10.85121
21378,10.97084
21399,11.06467
21420,10.87467
21441,11.02479
21462,10.72454
21483,10.82306
21504,11.13035
21525,10.99899
21546,10.8817
21567,10.89109
21588,10.94035
21609,10.93565
21630,10.93565
21651,10.84652
21672,10.90281
21693,10.86059
21714,10.8301
21735,10.75972
21756,10.8301
21777,10.80899
21798,10.7175
21819,10.67528
21840,10.58145
21861,10.54861
21882,10.55799
21903,10.40552
21924,10.30231
21945,10.3633
21966,10.17564
21987,10.0865
22008,10.00675
22029,9.969215
22050,9.931683
22071,9.77452
22092,9.497724
22113,9.880077
22134,8.967589
22155,9.722914
22176,8.833883
22197,9.546985
22218,9.303029
22239,9.335869
22260,9.385129
22281,9.141173
22302,9.223273
22323,9.281918
22344,9.232656
22365,9.171668
22386,9.197471
22407,9.195126
22428,9.220928
22449,9.13179
22470,9.134136
22491,9.267843
22512,9.272534
22533,9.174014
22554,9.368709
22575,9.206854
22596,9.352288
22617,9.382783
22638,9.380438
22659,9.392166
22680,9.420315
22701,9.354634
22722,9.478958
22743,9.464884
22764,9.413278
22785,9.347597
22806,9.333523
22827,9.387475
22848,9.359325
22869,9.378092
22890,9.354634
22911,9.373401
22932,9.455501
22953,9.420315
22974,9.35698
22995,9.38982
23016,9.324141
23037,9.366363
23058,9.399203
23079,9.35698
23100,9.429698
23121,9.392166
23142,9.401549
23163,9.483649
23184,9.455501
23205,9.434389
23226,9.422661
23247,9.401549
23268,9.345251
23289,9.408587
23310,9.366363
23331,9.347597
23352,9.394512
23373,9.319448
23394,9.253768
23415,9.270188
23436,9.281918
23457,9.211545
23478,9.293646
23499,9.225619
23520,9.25846
23541,9.24204
23562,9.213891
23583,9.295992
23604,9.077839
23625,9.084876
23646,9.178705
23667,9.127099
23688,9.300683
23709,9.103642
23730,9.122408
23751,9.218582
23772,9.197471
23793,9.303029
23814,9.396858
23835,9.410933
23856,9.319448
23877,9.422661
23898,9.495378
23919,9.53291
23940,9.542293
23961,9.673654
23982,9.795631
24003,9.814397
24024,9.875386
24045,9.912917
24066,9.948103
24087,10.02786
24108,9.990326
24129,10.09119
24150,10.10527
24171,10.14749
24192,10.25305
24213,10.29527
24234,10.45713
24255,10.34453
24276,10.23897
24297,10.45009
24318,10.43367
24339,10.50404
24360,10.52984
24381,10.55799
24402,10.53219
24423,10.60022
24444,10.65417
24465,10.75034
24486,10.62367
24507,10.76911
24528,10.59552
24549,10.77849
24570,10.7738
24591,10.63775
24612,10.61898
24633,10.92627
24654,10.79022
24675,10.82306
24696,10.75269
24717,10.71046
24738,10.92862
24759,10.87701
24780,10.84652
24801,10.9122
24822,10.938
24843,10.88874
24864,10.77849
24885,10.83948
24906,10.88639
24927,10.82071
24948,10.8301
24969,10.75503
24990,10.77145
25011,10.7738
25032,10.6917
25053,10.72219
25074,10.64713
25095,10.61194
25116,10.56034
25137,10.37268
25158,10.30231
25179,10.43132
25200,10.24601
25221,10.03255
25242,10.08885
25263,10.11465
25284,9.870694
25305,9.645505
25326,9.915263
25347,9.671308
25368,9.898843
25389,9.235003
25410,9.612664
25431,9.671308
25452,9.265497
25473,9.443772
25494,9.403895
25515,9.408587
25536,9.378092
25557,9.286609
25578,9.342906
25599,9.401549
25620,9.303029
25641,9.347597
25662,9.354634
25683,9.317103
25704,9.300683
25725,9.317103
25746,9.263151
25767,9.272534
25788,9.223273
25809,9.317103
25830,9.288955
25851,9.277225
25872,9.317103
25893,9.345251
25914,9.366363
25935,9.35698
25956,9.493032
25977,9.450809
25998,9.511798
26019,9.413278
26040,9.408587
26061,9.558713
26082,9.455501
26103,9.443772
26124,9.464884
26145,9.40624
26166,9.415624
26187,9.453156
26208,9.439081
26229,9.40624
26250,9.382783
26271,9.345251
26292,9.368709
26313,9.432044
26334,9.387475
26355,9.354634
26376,9.359325
26397,9.368709
26418,9.338214
26439,9.387475
26460,9.361671
26481,9.331178
26502,9.422661
26523,9.371055
26544,9.256114
26565,9.2913
26586,9.270188
26607,9.265497
26628,9.317103
26649,9.253768
26670,9.195126
26691,9.249077
26712,9.333523
26733,9.145865
26754,9.188088
26775,9.171668
26796,9.169322
26817,9.265497
26838,9.197471
26859,9.134136
26880,9.110679
26901,9.136482
26922,9.084876
26943,9.281918
26964,9.164631
26985,9.2092
27006,9.256114
27027,9.2092
27048,9.178705
27069,9.361671
27090,9.347597
27111,9.408587
27132,9.469575
27153,9.493032
27174,9.622047
27195,9.755754
27216,9.678345
27237,9.751062
27258,9.903535
27279,9.889461
27300,9.955141
27321,10.0865
27342,10.09354
27363,10.15453
27384,10.14514
27405,10.23897
27426,10.37737
27447,10.35626
27468,10.48762
27489,10.41256
27510,10.59552
27531,10.60256
27552,10.54626
27573,10.69639
27594,10.69874
27615,10.73861
27636,10.78318
27657,10.80664
27678,10.62367
27699,10.72454
27720,10.83479
27741,10.84417
27762,11.02245
27783,10.86528
27804,10.94035
27825,10.70108
27846,10.80899
27867,10.78318
27888,10.87936
27909,10.91689
27930,10.81368
27951,10.78553
27972,10.80429
27993,10.86528
28014,10.8817
28035,10.81368
28056,10.7738
28077,10.73158
28098,10.78318
28119,10.75972
28140,10.78084
28161,10.70812
28182,10.76911
28203,10.76911
28224,10.71985
28245,10.61898
28266,10.62836
28287,10.58614
28308,10.61898
28329,10.48058
28350,10.43601
28371,10.33515
28392,10.33749
28413,10.2812
28434,10.22959
28455,10.13107
28476,9.858966
28497,10.33046
28518,8.704868
28539,10.54157
28560,9.113025
28581,10.03724
28602,9.924646
28623,9.603281
28644,9.525873
28665,9.626739
28686,9.481303
28707,9.441426
28728,9.40624
28749,9.378092
28770,9.441426
28791,9.199817
28812,9.263151
28833,9.314757
28854,9.319448
28875,9.288955
28896,9.295992
28917,9.237348
28938,9.185742
28959,9.281918
28980,9.166977
29001,9.117716
29022,9.239694
29043,9.176359
29064,9.227965
29085,9.272534
29106,9.256114
29127,9.237348
29148,9.249077
29169,9.239694
29190,9.324141
29211,9.539948
29232,9.420315
29253,9.303029
29274,9.312411
29295,9.272534
29316,9.232656
29337,9.2913
29358,9.235003
29379,9.218582
29400,9.152903
29421,9.2092
29442,9.127099
29463,9.169322
29484,9.105988
29505,9.143519
29526,9.030925
29547,9.087222
29568,9.15994
29589,9.073148
29610,9.070802
29631,9.026234
29652,9.089567
29673,9.052036
29694,9.080185
29715,9.105988
29736,9.15994
29757,9.141173
29778,9.108333
29799,9.138828
29820,9.181051
29841,9.256114
29862,9.272534
29883,9.150557
29904,9.246731
29925,9.244386
29946,9.2092
29967,9.485995
29988,9.396858
30009,9.54933
30030,9.439081
30051,9.572787
30072,9.507107
30093,9.584516
30114,9.579824
30135,9.624393
30156,9.690074
30177,9.762791
30198,9.797977
30219,9.842546
30240,9.931683
30261,9.931683
30282,9.973906
30303,9.957487
30326,10.01378
30349,10.0865
30370,10.14984
30391,10.17564
30412,10.2765
30433,10.34453
30454,10.3328
30475,10.44071
30496,10.48762
30517,10.51811
30538,10.56972
30559,10.52515
30580,10.67293
30601,10.63775
30622,10.59083
30643,10.748
30664,10.64009
30685,10.67059
30706,10.68935
30727,10.88405
30748,11.08813
30769,10.98492
30790,10.84183
30811,10.83479
30832,10.92627
30853,11.58777
30874,10.92393
30895,10.86997
30916,10.81368
30937,10.7738
30958,10.82071
30979,10.97084
31000,10.7738
31021,10.70812
31042,10.65417
31063,10.62367
31084,10.60725
31105,10.61664
31126,10.52046
31147,10.43601
31169,10.55096
31190,10.51811
31211,10.497
31232,10.43601
31253,10.42898
31274,10.4149
31295,10.41959
31316,10.34922
31337,10.41725
31358,10.37503
31379,10.32342
31400,10.05601
31421,10.07008
31442,10.18268
31463,10.07712
31484,9.643159
31505,10.65182
31526,9.788594
31547,10.89578
31568,9.361671
31589,10.15922
31610,9.61501
31631,9.483649
31652,9.570441
31673,9.518835
31694,9.300683
31715,9.349943
31736,9.225619
31757,9.206854
31778,9.185742
31799,9.042653
31820,9.019196
31841,9.028579
31862,8.991047
31883,8.93475
31904,8.95117
31925,9.00043
31946,9.070802
31967,8.988701
31988,8.960552
32009,8.98401
32030,9.094258
32051,9.195126
32072,9.152903
32093,9.169322
32114,9.199817
32135,9.244386
32156,9.235003
32177,9.225619
32198,9.227965
32219,9.256114
32240,9.40624
32261,9.354634
32282,9.338214
32303,9.30772
32324,9.326486
32345,9.401549
32366,9.425007
32387,9.321795
32408,9.399203
32429,9.333523
32450,9.286609
32471,9.352288
32492,9.333523
32513,9.286609
32534,9.237348
32555,9.249077
32576,9.211545
32597,9.293646
32618,9.300683
32639,9.249077
32660,9.213891
32681,9.30772
32702,9.239694
32723,9.150557
32744,9.19278
32765,9.070802
32786,9.084876
32807,9.063765
32828,9.103642
32849,9.281918
32870,9.183396
32891,9.166977
32912,9.124753
32933,9.270188
32954,9.380438
32975,9.328832
32996,9.305374
33017,9.401549
33038,9.460192
33059,9.485995
33080,9.462538
33101,9.556367
33122,9.546985
33143,9.645505
33164,9.654888
33185,9.7581
33206,9.863657
33227,9.767483
33248,9.882422
33269,9.837853
33290,9.955141
33311,9.976252
33332,10.05601
33353,10.16156
33374,10.30231
33395,10.36095
33416,10.25774
33437,10.34453
33458,10.497
33479,10.34219
33500,10.29996
33521,10.61194
33542,10.81837
33563,10.54861
33584,10.63306
33605,10.68701
33626,10.71985
33647,10.71985
33668,10.74565
33689,10.73392
33710,10.8559
33731,10.84652
33752,10.85355
33773,11.00368
33794,10.96849
33815,10.81368
33836,10.84652
33857,10.83713
33878,10.82775
33899,10.86763
33920,10.88874
33941,11.02714
33962,10.93096
33983,10.90281
34004,10.9122
34025,10.7996
34046,10.84886
34067,10.89109
34088,10.78787
34109,10.84417
34130,10.85121
34151,10.70343
34172,10.67528
34193,10.64713
34214,10.55799
34235,10.53219
34256,10.40317
34277,10.39379
34298,10.11934
34319,10.3328
34340,10.61429
34361,10.70108
34382,10.01613
34403,10.31404
34424,9.678345
34445,10.14984
34466,10.05366
34487,9.661925
34508,9.898843
34529,9.948103
34550,9.85662
34571,9.866002
34592,9.654888
34613,9.692419
34634,9.715877
34655,9.591553
34676,9.568096
34697,9.380438
34718,9.570441
34739,9.333523
34760,9.457847
34781,9.232656
34802,9.293646
34823,9.342906
34844,9.401549
34865,9.310066
34886,9.176359
34907,9.23031
34928,9.122408
34949,9.13179
34970,9.317103
34991,9.178705
35012,9.124753
35033,9.19278
35054,9.174014
35075,9.056727
35096,9.09895
35117,9.281918
35138,9.157594
35159,9.089567
35180,9.077839
35201,9.009813
35222,8.958207
35243,9.021542
35264,9.056727
35285,9.077839
35306,9.009813
35327,9.066111
35348,9.084876
35369,9.037962
35390,8.98401
35411,9.077839
35432,9.188088
35453,9.113025
35474,9.138828
35495,9.136482
35516,9.190434
35537,9.009813
35558,9.028579
35579,9.037962
35600,9.166977
35621,8.98401
35642,9.087222
35663,9.120062
35684,8.944133
35705,9.014504
35726,9.068456
35747,9.030925
35768,9.279572
35789,9.136482
35810,9.249077
35831,9.094258
35852,9.176359
35873,9.122408
35894,9.166977
35915,9.267843
35936,9.232656
35957,9.399203
35978,9.265497
35999,9.392166
36020,9.314757
36041,9.420315
36062,9.483649
36083,9.563404
36104,9.685382
36125,9.793285
36146,9.589207
36167,9.760445
36188,9.779211
36209,9.945757
36230,10.00909
36251,10.03959
36272,10.18502
36293,10.26008
36314,10.28823
36335,10.26712
36356,10.36799
36377,10.44071
36398,10.44774
36419,10.5275
36440,10.5791
36461,10.71985
36482,10.77849
36503,10.68935
36524,10.65651
36545,10.74331
36566,10.7738
36587,10.75269
36608,10.6917
36629,10.90047
36650,11.02479
36671,11.04121
36692,10.93565
36713,10.76442
36734,10.86528
36755,10.79491
36776,10.87232
36797,10.66824
36818,10.76442
36839,10.75738
36860,10.59552
36881,10.6659
36902,10.64478
36923,10.55565
36944,10.50404
36965,10.49466
36986,10.51342
37007,10.50639
37028,10.49935
37049,10.51577
37070,10.43836
37091,10.48762
37112,10.51577
37133,10.39848
37154,10.35626
37175,10.40552
37196,10.49231
37217,10.48762
37238,10.50169
37259,10.43367
37280,10.39145
37301,10.33515
37322,10.27181
37343,10.29996
37364,10.13342
37385,10.16626
37406,10.13576
37427,9.812052
37448,10.0302
37469,9.976252
37490,9.891806
37511,9.842546
37532,9.673654
37553,9.425007
37574,9.53291
37595,9.446118
37616,9.41797
37637,9.375746
37658,9.272534
37679,9.286609
37700,9.260805
37721,9.286609
37742,9.23031
37763,9.265497
37784,9.253768
37805,9.122408
37826,9.218582
37847,9.145865
37868,9.171668
37889,9.122408
37910,9.09895
37931,9.174014
37952,9.145865
37973,9.305374
37994,9.145865
38015,9.223273
38036,9.216236
38057,9.256114
38078,9.2092
38099,9.150557
38120,9.267843
38141,9.319448
38162,9.284263
38183,9.211545
38204,9.2913
38225,9.371055
38246,9.403895
38267,9.38982
38288,9.2913
38309,9.256114
38330,9.204508
38351,9.326486
38372,9.181051
38393,9.08253
38414,9.206854
38435,9.166977
38456,9.091913
38477,9.070802
38498,9.026234
38519,9.073148
38540,9.047344
38561,9.066111
38582,9.068456
38603,9.028579
38624,9.021542
38645,9.124753
38666,9.042653
38687,9.127099
38708,9.188088
38729,9.13179
38750,9.148211
38771,9.091913
38792,9.13179
38813,9.169322
38834,9.197471
38855,9.277225
38876,9.23031
38897,9.429698
38918,9.41797
38939,9.476612
38960,9.432044
38981,9.441426
39002,9.554022
39023,9.652542
39044,9.680691
39065,9.858966
39086,9.833163
39107,9.945757
39128,9.938721
39149,10.03489
39170,10.02786
39191,10.11934
39212,10.24366
39233,10.21083
39254,10.27416
39275,10.5275
39296,10.36564
39317,10.49231
39338,10.69639
39359,10.37503
39380,10.60491
39401,10.67997
39422,10.77614
39443,10.61194
39464,10.74331
39485,10.7738
39506,10.85121
39527,10.82306
39548,10.84652
39569,10.86528
39590,11.07171
39611,11.02948
39632,10.98961
39653,11.01072
39674,11.09282
39695,11.00368
39716,10.80195
39737,11.06701
39758,11.03183
39779,11.02479
39800,11.01072
39821,11.00368
39842,10.96849
39863,10.91923
39884,10.93565
39905,10.88874
39926,10.92158
39947,10.85355
39968,10.8301
39989,10.6354
40010,10.47824
40031,10.93565
40052,10.67059
40073,10.85121
40094,10.57207
40115,10.33515
40136,10.29292
40157,10.42898
40178,10.2249
40199,10.27416
40220,9.868348
40241,10.01613
40262,10.40787
40283,9.85662
40304,9.697111
40325,9.788594
40346,9.800323
40367,9.697111
40388,9.80736
40409,9.387475
40430,9.359325
40451,9.249077
40472,9.2913
40493,9.432044
40514,9.40624
40535,9.546985
40556,9.629085
40577,9.446118
40598,9.2913
40619,9.35698
40640,9.41797
40661,9.373401
40682,9.34056
40703,9.295992
40724,9.164631
40745,9.30772
40766,9.425007
40787,9.24204
40808,9.328832
40829,9.270188
40850,9.2913
40871,9.227965
40892,9.265497
40913,9.117716
40934,9.117716
40955,9.115371
40976,9.2092
40997,8.636843
41018,9.178705
41039,9.152903
41060,9.042653
41081,9.152903
41102,9.150557
41123,9.103642
41144,9.227965
41165,9.138828
41186,9.127099
41207,9.063765
41228,9.019196
41249,9.01685
41270,9.188088
41291,9.113025
41312,9.037962
41333,9.105988
41354,9.068456
41375,9.105988
41396,8.261526
41417,8.36943
41438,9.129445
41459,8.894873
41480,9.040307
41501,8.890181
41522,9.091913
41543,8.979319
41564,9.054381
41585,8.904256
41606,9.091913
41627,8.98401
41648,9.174014
41669,9.185742
41690,8.962898
41711,8.976973
41732,9.148211
41753,9.265497
41774,9.03327
41795,8.965244
41816,8.965244
41837,9.012158
41858,9.34056
41879,9.279572
41900,9.413278
41921,9.622047
41942,9.687728
41963,9.568096
41984,9.748716
42005,9.607973
42026,10.47355
42047,9.659579
42068,9.828471
42089,10.11465
42110,9.917608
42131,10.29058
42152,10.33749
42173,10.44305
42194,10.33046
42215,10.42194
42236,10.51577
42257,10.44774
42278,10.6659
42299,10.54861
42320,10.59787
42341,10.73627
42362,10.67059
42383,10.74565
42404,10.83479
42425,10.86528
42446,10.98022
42467,10.95442
42488,10.93565
42509,10.87232
42530,10.9122
42551,10.8301
42572,10.81368
42593,10.86528
42614,10.6354
42635,10.56503
42656,10.56972
42677,10.61429
42698,10.61194
42719,10.72923
42740,10.67528
42761,10.61429
42782,10.54861
42803,10.54157
42824,10.70108
42845,10.85355
42866,10.72923
42887,10.64244
42908,10.63306
42929,10.52281
42950,10.56972
42971,10.50873
42992,10.5791
43013,10.59552
43034,10.4712
43055,10.43367
43076,10.45713
43097,10.33749
43118,10.39379
43139,10.21083
43160,10.18033
43181,10.25305
43202,10.15453
43223,10.06539
43244,9.950449
43265,10.03959
43286,9.948103
43307,9.776865
43328,9.56575
43349,9.575133
43370,9.493032
43391,9.345251
43412,9.321795
43433,9.197471
43454,9.141173
43475,9.152903
43496,9.13179
43517,9.157594
43538,9.213891
43559,9.166977
43580,9.042653
43601,9.113025
43622,9.225619
43643,9.162285
43664,9.063765
43685,9.09895
43706,9.115371
43727,9.213891
43748,9.220928
43769,9.199817
43790,9.108333
43811,9.152903
43832,9.253768
43853,9.157594
43874,9.206854
43895,9.096604
43916,9.01685
43937,9.103642
43958,9.195126
43979,9.136482
44000,9.256114
44021,9.181051
44042,9.155248
44063,9.134136
44084,9.23031
44105,9.136482
44126,9.04969
44147,9.089567
44168,9.134136
44189,9.120062
44210,8.972281
44231,8.866723
44252,9.002776
44273,8.974627
44294,8.878452
44315,8.838574
44336,9.00043
44357,9.124753
44378,9.070802
44399,9.03327
44420,9.044999
44441,9.202163
44462,9.195126
44483,9.164631
44504,9.162285
44525,9.185742
44546,9.422661
44567,9.34056
44588,9.279572
44609,9.542293
44630,9.575133
44651,9.507107
44672,9.622047
44693,9.579824
44714,9.596244
44735,9.795631
44756,9.748716
44777,9.875386
44798,9.924646
44819,9.936375
44840,10.01613
44861,9.898843
44882,9.943413
44903,10.12169
44924,10.01378
44945,10.42663
44966,10.05601
44987,10.24836
45008,10.20379
45029,10.20144
45050,10.25539
45071,10.31638
45092,10.46182
45113,10.34219
45134,10.34219
45155,10.40317
45176,10.50169
45197,10.46416
45218,10.52281
45239,10.55565
45260,10.52281
45281,10.6659
45302,10.66824
45323,10.6917
45344,10.78084
45365,10.74565
45386,10.83948
45407,10.76442
45428,10.83713
45449,10.86997
45470,10.86997
45491,11.00603
45512,11.04825
45533,10.96146
45554,10.99195
45575,11.01775
45596,11.00837
45617,10.89812
45638,10.78787
45659,10.74565
45680,11.18665
45701,11.31332
45722,11.0459
45743,10.71985
45764,10.54392
45785,10.77145
45806,10.96615
45827,10.70577
45848,10.73627
45869,10.59787
45890,10.48528
45911,10.52046
45932,10.3633
45953,10.37972
45974,10.29762
45995,10.2507
46016,10.26478
46037,10.15218
46058,9.957487
46079,10.31169
46100,10.10058
46121,9.992672
46142,9.917608
46163,9.964523
46184,9.467229
46205,9.819089
46226,9.715877
46247,9.629085
46268,9.558713
46289,9.699456
46310,9.593899
46331,9.476612
46352,9.364017
46373,9.410933
46394,9.331178
46415,9.246731
46436,9.23031
46457,9.2092
46478,9.267843
46499,9.185742
46520,9.155248
46541,9.063765
46562,9.108333
46583,9.08253
46604,9.028579
46625,9.070802
46646,9.066111
46667,9.171668
46688,9.002776
46709,9.007467
46730,9.023888
46751,8.965244
46772,9.026234
46793,8.962898
46814,9.068456
46835,9.120062
46856,9.059073
46877,9.021542
46898,9.059073
46919,9.061419
46940,9.026234
46961,9.077839
46982,9.138828
47003,9.070802
47024,9.272534
47045,9.089567
47066,9.096604
47087,9.035616
47108,9.054381
47129,9.059073
47150,9.042653
47171,9.178705
47192,9.136482
47213,9.01685
47234,9.012158
47255,9.059073
47276,9.169322
47297,9.319448
47318,9.199817
47339,9.087222
47360,9.03327
47381,9.225619
47402,9.223273
47423,9.23031
47444,9.174014
47465,9.286609
47486,9.420315
47507,9.23031
47528,9.364017
47549,9.415624
47570,9.349943
47591,9.359325
47612,9.493032
47633,9.457847
47654,9.497724
47675,9.638468
47696,9.793285
47717,9.694765
47738,9.610318
47759,9.776865
47780,9.882422
47801,10.04193
47822,9.828471
47843,9.964523
47864,10.17798
47885,10.29292
47906,10.22255
47927,10.45713
47948,10.37503
47969,10.40083
47990,10.60256
48011,10.58849
48032,10.56738
48053,10.78318
48074,10.76676
48095,10.87467
48116,10.84652
48137,10.85355
48158,10.94504
48179,11.01072
48200,11.09751
48221,11.0764
48242,10.95442
48263,10.95442
48284,11.14677
48305,11.19368
48326,11.09047
48347,10.98492
48368,10.86059
48389,10.57441
48410,11.35788
48431,11.13973
48452,11.12331
48473,10.75034
48494,10.7996
48515,10.72454
48536,10.81133
48557,10.89343
48578,11.01541
48599,10.82306
48620,10.73158
48641,10.61429
48662,10.58614
48683,10.74331
48704,10.70812
48725,10.61898
48746,10.42429
48767,10.5275
48788,10.53219
48809,10.3633
48830,10.16391
48851,10.13107
48872,10.15687
48893,10.17798
48914,10.1123
48935,9.964523
48956,9.854274
48977,9.926992
48998,10.01613
49019,9.950449
49040,9.753407
49061,9.579824
49082,9.345251
49103,9.399203
49124,9.53291
49145,9.253768
49166,9.2913
49187,9.338214
49208,9.19278
49229,8.995738
49250,9.077839
49271,9.244386
49292,9.249077
49313,9.239694
49334,9.056727
49355,9.117716
49376,9.195126
49397,9.152903
49418,9.122408
49439,9.206854
49460,9.136482
49481,9.162285
49502,9.178705
49523,9.30772
49544,9.260805
49565,9.188088
49586,9.19278
49607,9.328832
49628,9.244386
49649,9.312411
49670,9.324141
49691,9.267843
49712,9.256114
49733,9.293646
49754,9.295992
49775,9.227965
49796,9.211545
49817,9.373401
49838,9.300683
49859,9.206854
49880,9.324141
49901,9.528218
49922,9.059073
49943,8.779932
49964,8.915984
49985,9.155248
50006,8.965244
50027,8.993393
50048,9.096604
50069,9.021542
50090,9.199817
50111,9.120062
50132,9.040307
50153,9.040307
50174,9.256114
50195,9.263151
50216,9.211545
50237,9.061419
50258,9.303029
50279,9.326486
50300,9.361671
50321,9.347597
50342,9.40624
50363,9.387475
50384,9.48834
50405,9.530564
50426,9.371055
50447,9.603281
50468,9.701802
50489,9.481303
50510,9.554022
50531,9.636122
50552,9.680691
50573,9.821435
50594,9.910572
50615,9.809706
50636,9.842546
50657,9.809706
50678,10.0044
50699,9.971561
50720,10.07946
50741,10.16391
50762,10.18268
50783,10.35626
50804,10.31404
50825,10.29996
50846,10.31638
50867,10.42429
50888,10.43367
50909,10.39379
50930,10.61429
50951,10.59552
50972,10.55096
50993,10.51811
51014,10.65651
51035,10.6354
51056,10.68232
51077,10.81133
51098,10.65182
51119,10.72688
51140,10.74331
51161,10.75269
51182,10.84183
51203,10.82306
51224,10.84183
51245,10.76442
51266,10.83713
51287,10.80664
51308,10.83713
51329,10.84652
51350,10.97319
51371,10.86528
51392,10.80899
51413,10.79022
51434,10.74331
51455,10.60491
51476,10.8559
51497,10.89109
51518,10.92627
51539,10.87936
51560,10.64478
51581,10.67762
51602,10.49466
51623,10.58145
51644,10.47589
51665,10.49231
51686,10.41021
51707,10.24366
51728,10.37268
51749,10.40317
51770,10.23428
51791,10.07946
51812,10.20379
51836,10.31638
51861,10.05366
51882,10.01613
51903,10.15687
51924,10.09823
51945,9.959831
51966,9.938721
51987,9.980944
52008,9.903535
52029,9.992672
52050,9.819089
52071,9.814397
52092,9.720568
52113,9.572787
52134,9.610318
52155,9.645505
52176,9.539948
52197,9.511798
52218,9.467229
52239,9.41797
52260,9.425007
52281,9.396858
52302,9.427352
52323,9.443772
52344,9.380438
52365,9.40624
52386,9.2913
52407,9.331178
52428,9.284263
52449,9.34056
52470,9.321795
52491,9.286609
52512,9.485995
52533,9.34056
52554,9.394512
52575,9.2092
52596,9.237348
52617,9.286609
52638,9.2913
52659,9.328832
52680,9.263151
52701,9.256114
52722,9.197471
52743,9.183396
52764,9.190434
52785,9.2913
52806,9.298337
52827,9.361671
52848,9.305374
52869,9.138828
52890,9.122408
52911,9.202163
52932,9.263151
52953,9.321795
52974,9.218582
52995,9.195126
53016,9.249077
53037,6.612481
53058,10.50639
53079,9.030925
53100,9.171668
53121,9.089567
53142,9.068456
53163,8.93475
53184,9.256114
53205,8.90191
53226,9.070802
53247,9.113025
53268,9.059073
53289,9.288955
53310,9.181051
53331,9.09895
53352,9.157594
53373,9.225619
53394,9.120062
53415,9.148211
53436,9.235003
53457,9.251423
53478,9.293646
53500,9.326486
53521,9.324141
53542,9.385129
53563,9.321795
53584,9.476612
53605,9.643159
53626,9.711185
53647,9.718222
53668,9.722914
53689,9.79094
53710,9.976252
53731,10.08416
53752,10.03489
53773,10.06773
53794,10.17798
53815,10.10527
53836,10.31638
53857,10.32811
53878,10.42429
53899,10.41725
53920,10.48762
53941,10.55565
53962,10.51577
53983,10.63071
54004,10.61898
54025,10.85121
54046,10.73861
54067,10.72923
54088,10.78084
54109,10.78318
54130,10.75738
54151,10.63071
54172,10.58145
54193,10.64947
54214,10.9943
54235,10.7175
54256,10.67059
54277,10.76911
54298,10.57676
54319,10.75972
54340,10.74096
54361,10.59787
54382,10.70108
54403,10.60725
54424,10.46182
54445,10.78787
54466,11.02948
54487,10.69874
54508,10.57207
54529,10.5838
54550,10.60725
54571,10.53923
54592,10.60022
54613,10.67762
54634,10.64009
54655,10.65651
54676,10.51342
54697,10.60491
54718,10.53923
54739,10.46885
54760,10.41725
54781,10.41725
54802,10.37268
54823,10.38206
54844,10.45244
54865,10.41959
54886,10.29527
54907,10.22725
54928,10.20848
54949,10.18502
54970,10.25305
54991,10.1428
55012,10.06305
55033,10.02551
55054,10.08181
55075,9.997364
55096,10.00206
55117,9.898843
55138,9.919954
55159,9.821435
55180,9.896498
55201,9.74637
55222,9.704147
55243,9.779211
55264,9.713531
55285,9.765137
55306,9.612664
55327,9.579824
55348,9.584516
55369,9.586862
55390,9.563404
55411,9.521181
55432,9.525873
55453,9.455501
55474,9.485995
55495,9.446118
55516,9.420315
55537,9.446118
55558,9.371055
55579,9.324141
55600,9.328832
55621,9.396858
55642,9.239694
55663,9.41797
55684,9.335869
55705,9.371055
55726,9.401549
55747,9.286609
55768,9.347597
55789,9.328832
55810,9.281918
55831,9.253768
55852,9.169322
55873,9.246731
55894,9.129445
55915,9.136482
55936,9.15994
55957,9.178705
55978,9.24204
55999,9.178705
56020,9.199817
56041,9.113025
56062,9.012158
56083,9.113025
56104,9.197471
56125,9.155248
56146,9.188088
56167,9.096604
56188,9.054381
56209,9.120062
56230,9.08253
56251,9.073148
56272,9.115371
56293,9.138828
56314,9.120062
56335,9.213891
56356,9.181051
56377,9.223273
56398,9.155248
56419,9.293646
56440,9.183396
56461,9.305374
56482,9.23031
56503,9.321795
56524,9.364017
56545,9.434389
56566,9.422661
56587,9.441426
56608,9.54933
56629,9.525873
56650,9.427352
56671,9.572787
56692,9.715877
56713,9.556367
56734,9.561059
56755,9.645505
56776,9.748716
56797,9.704147
56818,9.840199
56839,9.776865
56860,9.812052
56881,9.840199
56902,9.999709
56923,9.901189
56944,9.978598
56965,9.938721
56986,10.00675
57007,10.05366
57028,10.10996
57049,10.15687
57070,10.1686
57091,10.23428
57112,10.25539
57133,10.2812
57154,10.21786
57175,10.23897
57196,10.20144
57217,10.25305
57238,10.55565
57259,10.56503
57280,10.52984
57301,10.48293
57322,10.57441
57343,10.57207
57364,10.57441
57385,10.5838
57406,10.5838
57427,10.59318
57448,10.52046
57469,10.55799
57490,10.56268
57511,10.51577
57532,10.48293
57553,10.40552
57574,10.93331
57595,10.51811
57616,10.44305
57637,10.48058
57658,10.5275
57679,10.60256
57700,10.54626
57721,10.62133
57742,10.68701
57763,10.58145
57784,10.59552
57805,10.6096
57826,10.60491
57847,10.71046
57868,10.57441
57889,10.5791
57910,10.54157
57931,10.53219
57952,10.43132
57973,10.53923
57994,10.53453
58015,10.51811
58036,10.60725
58057,10.45009
58078,10.41725
58099,10.56738
58120,10.35626
58141,10.53923
58162,10.20613
58183,10.09354
58204,10.31169
58225,10.33984
58246,10.03255
58267,10.04897
58288,9.971561
58309,10.09588
58330,9.971561
58351,10.02786
58372,9.896498
58393,9.875386
58414,9.694765
58435,9.795631
58456,9.718222
58477,9.51649
58498,9.657233
58519,9.546985
58540,9.511798
58561,9.48834
58582,9.443772
58603,9.446118
58624,9.399203
58645,9.429698
58666,9.432044
58687,9.382783
58708,9.385129
58729,9.354634
58750,9.41797
58771,9.199817
58792,9.260805
58813,9.183396
58834,9.260805
58855,9.227965
58876,9.270188
58897,9.249077
58918,9.286609
58939,9.19278
58960,9.335869
58981,9.326486
59002,9.249077
59023,9.211545
59044,9.145865
59065,9.15994
59086,9.2092
59107,9.206854
59128,9.136482
59149,9.04969
59170,9.026234
59191,9.03327
59212,9.052036
59233,9.089567
59254,9.019196
59275,9.026234
59296,8.965244
59317,8.967589
59338,8.958207
59359,8.974627
59380,8.920675
59401,9.026234
59422,9.012158
59443,9.019196
59464,9.066111
59485,9.115371
59506,9.124753
59527,9.066111
59548,9.237348
59569,9.218582
59590,9.063765
59611,9.143519
59632,9.181051
59653,9.277225
59674,9.288955
59695,9.338214
59716,9.300683
59737,9.368709
59758,9.34056
59779,9.361671
59800,9.380438
59821,9.530564
59842,9.572787
59863,9.607973
59884,9.610318
59905,9.563404
59926,9.570441
59947,9.676
59968,9.788594
59989,9.908226
60010,9.666616
60031,9.732296
60052,9.711185
60073,9.800323
60094,9.945757
60115,10.0865
60136,9.985635
60157,9.969215
60178,10.16156
60199,10.18737
60220,10.17564
60241,10.41725
60262,10.28354
60283,10.43601
60304,10.36564
60325,10.46182
60346,10.51108
60367,10.5533
60388,10.54626
60409,10.52281
60430,10.57207
60451,10.65417
60472,10.74331
60493,10.75503
60514,10.58614
60535,10.46182
60556,10.9943
60577,10.72219
60598,10.86294
60619,10.8559
60640,10.73627
60661,10.71281
60682,10.64478
60703,10.82306
60724,10.77614
60745,10.77849
60766,10.69404
60787,10.63775
60808,10.67997
60829,10.63775
60850,10.62836
60871,10.60491
60892,10.64478
60913,10.56503
60934,10.61194
60955,10.53219
60976,10.5791
60997,10.60491
61018,10.54861
61039,10.60491
61060,10.61898
61081,10.59083
61102,10.61429
61123,10.45713
61144,10.49231
61165,10.37503
61186,10.29762
61207,10.31169
61228,10.5791
61249,10.30935
61270,10.15922
61291,10.52515
61312,10.17329
61333,9.992672
61354,9.945757
61375,10.13576
61396,10.03255
61417,9.786248
61438,9.793285
61459,9.683037
61480,9.586862
61501,9.687728
61522,9.537601
61543,9.607973
61564,9.342906
61585,9.464884
61606,9.371055
61627,9.314757
61648,9.249077
61669,9.305374
61690,9.27488
61711,9.211545
61732,9.211545
61753,9.166977
61774,9.24204
61795,9.122408
61816,9.068456
61837,9.087222
61858,9.349943
61879,9.171668
61900,9.666616
61921,9.075493
61942,9.056727
61963,9.113025
61984,9.117716
62005,9.166977
62026,9.120062
62047,9.138828
62068,9.061419
62089,9.115371
62110,9.150557
62131,9.103642
62152,8.986356
62173,8.979319
62194,9.220928
62215,9.145865
62236,9.075493
62257,9.162285
62278,9.040307
62299,9.073148
62320,9.066111
62341,8.991047
62362,9.063765
62383,9.054381
62404,9.09895
62425,9.070802
62446,8.993393
62467,9.073148
62488,9.108333
62509,9.152903
62530,9.129445
62551,9.181051
62572,9.00043
62593,9.141173
62614,9.2092
62635,9.272534
62656,9.34056
62677,9.462538
62698,9.457847
62719,9.490686
62740,9.605627
62761,9.539948
62782,9.652542
62803,9.619701
62824,9.692419
62845,9.727605
62866,9.765137
62887,9.840199
62908,9.889461
62929,10.00909
62950,9.924646
62971,9.917608
62992,9.997364
63013,9.854274
63034,10.12638
63055,9.910572
63076,10.13107
63097,10.21552
63118,10.16626
63139,10.31638
63160,10.23428
63181,10.23663
63202,10.35626
63223,10.3328
63244,10.37503
63265,10.46182
63286,10.36564
63307,10.3891
63328,10.11934
63349,10.99899
63370,10.95911
63391,10.26243
63412,10.56268
63433,10.59552
63454,10.66824
63475,10.63306
63496,10.64009
63517,10.67762
63538,10.67293
63559,10.76442
63580,10.72454
63601,10.64713
63622,10.54157
63643,10.70343
63664,10.66824
63685,10.80899
63706,10.65886
63727,10.70812
63748,10.64713
63769,10.70812
63790,10.66121
63811,10.72219
63832,10.66121
63853,10.67997
63874,10.60256
63895,10.67762
63916,10.71985
63937,10.61664
63958,10.52515
63979,10.59083
64000,10.51811
64021,10.36564
64042,10.52984
64063,10.37503
64084,10.32811
64105,10.40317
64126,10.41021
64147,10.34453
64168,10.34922
64189,10.09354
64210,10.26478
64231,10.26478
64252,10.15218
64273,10.25774
64294,10.0865
64315,10.10527
64336,10.20144
64357,10.09119
64378,10.01144
64399,10.0607
64420,10.12169
64441,10.10292
64462,9.870694
64483,9.828471
64504,9.769828
64525,9.772174
64546,9.755754
64567,9.481303
64588,9.523527
64609,9.453156
64630,9.460192
64651,9.511798
64672,9.27488
64693,9.403895
64714,9.382783
64735,9.281918
64756,9.249077
64777,9.35698
64798,9.361671
64819,9.19278
64840,9.237348
64861,9.288955
64882,9.373401
64903,9.199817
64924,9.136482
64945,9.202163
64966,9.037962
64987,9.216236
65008,9.211545
65029,9.169322
65050,9.101295
65071,9.169322
65092,9.185742
65113,9.138828
65134,9.171668
65155,9.136482
65176,9.169322
65197,9.115371
65218,9.166977
65239,9.166977
65260,9.096604
65281,9.061419
65302,9.127099
65323,9.197471
65344,9.129445
65365,9.080185
65386,9.145865
65407,9.009813
65428,9.019196
65449,9.117716
65470,9.059073
65491,9.096604
65512,9.143519
65533,9.105988
65554,9.145865
65575,9.120062
65596,9.164631
65617,9.321795
65638,9.284263
65659,9.27488
65680,9.213891
65701,9.166977
65722,9.225619
65743,9.124753
65764,9.345251
65785,9.272534
65806,9.364017
65827,9.197471
65848,9.352288
65869,9.349943
65890,9.394512
65911,9.443772
65932,9.56575
65953,9.446118
65974,9.58217
65995,9.589207
66016,9.704147
66037,9.819089
66058,9.814397
66079,9.74637
66100,9.882422
66121,9.978598
66142,9.950449
66163,10.00909
66184,10.12403
66205,10.03255
66226,10.07477
66247,10.35626
66268,10.36799
66289,10.29996
66310,10.41021
66331,10.31169
66352,10.29996
66373,10.34922
66394,10.50639
66415,10.55565
66436,10.40317
66457,10.57676
66478,10.43367
66499,10.62133
66520,10.77849
66541,10.64009
66562,10.68232
66583,10.62836
66604,10.41256
66625,10.51342
66646,10.52515
66667,10.65182
66688,10.65651
66709,10.60022
66730,10.51342
66751,10.37737
66772,10.53219
66793,10.56034
66814,10.72688
66835,10.67059
66856,10.64713
66877,10.59787
66898,10.73861
66919,10.66121
66940,10.73392
66961,10.6917
66982,10.59787
67003,10.65182
67024,10.76442
67045,10.63071
67066,10.60022
67087,10.73158
67108,10.71281
67129,10.748
67150,10.65886
67171,10.63306
67192,10.67997
67213,10.66355
67234,10.37268
67255,10.35861
67276,10.38206
67297,10.30231
67318,10.39614
67339,10.45244
67360,10.16391
67381,10.01613
67402,10.29762
67423,10.10996
67444,10.10058
67465,9.901189
67486,10.07477
67507,9.990326
67528,10.00675
67549,9.85662
67570,9.434389
67591,9.779211
67612,9.842546
67633,9.586862
67654,9.525873
67675,9.504761
67696,9.561059
67717,9.446118
67738,9.450809
67759,9.464884
67780,9.408587
67801,9.277225
67822,9.385129
67843,9.225619
67864,9.178705
67885,9.352288
67906,9.223273
67927,9.171668
67948,9.183396
67969,9.202163
67990,9.277225
68011,9.174014
68032,9.202163
68053,9.169322
68074,9.075493
68095,9.047344
68116,9.185742
68137,9.134136
68158,9.120062
68179,9.01685
68200,9.042653
68221,9.028579
68242,9.101295
68263,8.988701
68284,9.04969
68305,9.061419
68326,8.948824
68347,8.976973
68368,8.920675
68389,8.930058
68410,8.967589
68431,8.920675
68452,8.866723
68473,8.894873
68494,8.871415
68515,9.056727
68536,9.084876
68557,9.073148
68578,9.021542
68599,9.075493
68620,8.995738
68641,9.09895
68662,9.267843
68683,9.068456
68704,9.089567
68725,9.392166
68746,9.288955
68767,9.319448
68788,9.354634
68809,9.359325
68830,9.462538
68851,9.504761
68872,9.633776
68893,9.53291
68914,9.722914
68935,9.53291
68956,9.643159
68977,9.511798
68998,9.659579
69019,9.518835
69040,9.894152
69061,9.744025
69082,9.708839
69103,9.772174
69124,9.748716
69145,9.999709
69166,9.901189
69187,9.812052
69208,9.812052
69229,9.828471
69250,9.943413
69271,10.08181
69292,9.98329
69313,10.04428
69334,10.1428
69355,10.15687
69376,10.23897
69397,10.28589
69418,10.30231
69439,10.33046
69460,10.35157
69481,10.43132
69502,10.37033
69523,10.41256
69544,10.46651
69565,10.47355
69586,10.48058
69607,10.51342
69628,10.51108
69649,10.59083
69670,10.60256
69691,10.56268
69712,10.71281
69733,10.66824
69754,10.6659
69775,10.65886
69796,10.60256
69817,10.54157
69838,10.53219
69859,10.63306
69880,10.54626
69901,10.53453
69922,10.48058
69943,10.56034
69964,10.5275
69985,10.54861
70006,10.47824
70027,10.44774
70048,10.59552
70069,10.39848
70090,10.48528
70111,10.3891
70132,10.38441
70153,10.46416
70174,10.48293
70195,10.46416
70216,10.47589
70237,10.40083
70258,10.32576
70279,10.32342
70300,10.4454
70321,10.44305
70342,10.30465
70363,10.35861
70384,10.33515
70405,10.32342
70426,10.29292
70447,10.2249
70468,10.22959
70489,10.31169
70510,10.07712
70531,10.16156
70552,10.12638
70573,10.1686
70594,9.98329
70615,9.966869
70636,9.821435
70657,9.948103
70678,9.74637
70699,9.577478
70720,9.511798
70741,9.446118
70762,9.455501
70783,9.422661
70804,9.277225
70825,9.48834
70846,9.385129
70867,9.371055
70888,9.220928
70909,9.331178
70930,9.394512
70951,9.303029
70972,9.279572
70993,9.251423
71014,9.286609
71035,9.235003
71056,9.239694
71077,9.150557
71098,9.141173
71119,9.19278
71140,9.13179
71161,9.030925
71182,9.206854
71203,9.073148
71224,9.056727
71245,9.141173
71266,9.120062
71287,9.108333
71308,9.253768
71329,9.197471
71350,9.239694
71371,9.096604
71392,9.152903
71413,9.087222
71434,9.120062
71455,9.223273
71476,9.019196
71497,9.124753
71518,8.998084
71539,8.920675
71560,8.939441
71581,8.897219
71602,8.915984
71623,9.091913
71644,9.005121
71665,8.981664
71686,9.108333
71707,9.044999
71728,9.077839
71749,9.044999
71770,9.110679
71791,9.166977
71812,9.272534
71833,9.349943
71854,9.253768
71875,9.044999
71896,9.213891
71917,9.319448
71938,9.410933
71959,9.436735
71980,9.371055
72001,9.385129
72022,9.495378
72043,9.539948
72064,9.40624
72085,9.464884
72106,9.66427
72127,9.629085
72148,9.781557
72169,9.697111
72190,9.542293
72211,9.739333
72232,9.77452
72253,9.971561
72274,9.802669
72295,9.903535
72316,9.673654
72337,9.797977
72358,9.896498
72379,9.908226
72400,10.16626
72421,10.13811
72442,9.891806
72463,9.976252
72484,9.952795
72505,10.07008
72526,9.999709
72547,10.0607
72568,10.10761
72589,10.20379
72610,10.2765
72631,10.60725
72652,10.72923
72673,10.60725
72694,10.44774
72715,10.37737
72736,10.40787
72757,10.51342
72778,10.60256
72799,10.87936
72820,10.85121
72841,10.78318
72862,10.86997
72883,10.82775
72904,10.68232
72925,10.89578
72946,10.89812
72967,11.02245
72988,11.06467
73009,11.05294
73030,10.95207
73051,11.03183
73072,10.92158
73093,10.92627
73114,10.98961
73135,10.83713
73156,10.87936
73177,10.76676
73198,10.66121
73219,10.68701
73240,10.66824
73261,10.71985
73282,10.61194
73303,10.65651
73324,10.47589
73345,10.42429
73366,10.497
73387,10.35391
73408,10.45478
73429,10.3891
73450,10.36799
73471,10.10058
73492,10.20379
73513,10.1428
73534,10.10292
73555,9.98798
73576,9.943413
73597,10.05132
73618,10.06305
73639,9.868348
73660,9.793285
73681,9.631431
73702,9.657233
73723,9.751062
73744,9.511798
73765,9.34056
73786,9.413278
73807,9.380438
73828,9.502416
73849,9.145865
73870,9.068456
73891,8.972281
73912,9.023888
73933,9.218582
73954,8.939441
73975,8.993393
73996,8.944133
74017,8.876106
74038,8.876106
74059,8.913638
74080,8.878452
74101,8.876106
74122,8.859686
74143,8.920675
74164,8.920675
74185,9.037962
74206,8.979319
74227,8.932404
74248,8.920675
74269,8.915984
74290,9.042653
74311,9.169322
74332,9.117716
74353,9.134136
74374,8.991047
74395,9.026234
74416,9.094258
74437,9.108333
74458,9.052036
74479,9.061419
74500,9.084876
74521,9.021542
74542,8.991047
74563,9.117716
74584,9.019196
74605,9.124753
74626,9.115371
74647,9.174014
74668,8.998084
74689,9.09895
74710,9.185742
74731,8.986356
74752,9.293646
74773,8.939441
74794,9.066111
74815,9.23031
74836,9.190434
74857,9.110679
74878,9.105988
74899,9.134136
74920,9.286609
74941,9.34056
74962,9.183396
74983,9.239694
75004,9.136482
75025,9.237348
75046,9.436735
75067,9.7581
75088,9.706493
75109,9.605627
75130,9.643159
75151,9.622047
75172,9.744025
75193,9.739333
75214,9.98798
75235,9.929338
75256,10.10527
75277,10.29292
75298,10.04193
75319,10.36564
75340,10.48528
75361,10.49231
75382,10.4149
75403,10.49466
75424,10.62602
75445,10.73627
75466,10.66355
75487,10.72923
75508,10.89343
75529,10.87701
75550,10.8817
75571,11.0506
75592,11.1022
75613,11.02948
75634,10.97084
75655,10.80664
75676,10.76442
75697,10.92627
75718,11.60653
75739,11.09517
75760,10.88874
75781,10.96849
75802,10.85824
75823,10.90751
75844,10.85355
75865,10.95207
75886,10.89578
75907,10.76911
75928,10.93565
75949,10.96146
75970,10.9943
75991,10.84886
76012,10.7175
76033,10.82306
76054,10.86294
76075,10.81837
76096,10.78084
76117,10.54392
76138,10.60256
76159,10.52281
76180,10.5791
76201,10.50873
76222,10.40552
76243,10.33984
76264,10.30465
76285,10.12638
76306,10.09588
76327,10.29762
76348,10.04662
76369,9.884768
76390,9.612664
76411,9.842546
76432,9.708839
76453,9.79094
76474,9.659579
76495,9.61501
76516,9.514144
76537,9.432044
76558,9.50007
76579,9.474266
76600,9.338214
76621,9.427352
76642,9.317103
76663,9.272534
76684,9.2092
76705,9.300683
76726,9.235003
76747,9.24204
76768,9.178705
76789,9.190434
76810,9.218582
76831,9.25846
76852,9.188088
76873,9.197471
76894,9.237348
76915,9.256114
76936,9.249077
76957,9.303029
76978,9.19278
76999,9.216236
77020,9.270188
77041,9.260805
77062,9.30772
77083,9.338214
77104,9.333523
77125,9.213891
77146,9.265497
77167,9.288955
77188,9.279572
77209,9.272534
77230,9.181051
77251,9.227965
77272,9.166977
77293,9.225619
77314,9.174014
77335,9.197471
77356,9.171668
77377,9.110679
77398,9.108333
77419,9.115371
77440,9.141173
77461,9.122408
77482,9.136482
77503,9.148211
77524,9.134136
77545,9.110679
77566,9.162285
77587,9.113025
77608,9.127099
77629,9.127099
77650,9.188088
77671,9.150557
77692,9.09895
77713,9.206854
77734,9.213891
77755,9.176359
77776,9.117716
77797,9.272534
77818,9.195126
77839,9.286609
77860,9.347597
77881,9.256114
77902,9.368709
77923,9.401549
77944,9.507107
77965,9.59859
77986,9.495378
78007,9.729951
78028,9.497724
78049,9.727605
78070,9.732296
78091,9.727605
78112,9.931683
78133,9.518835
78154,10.00909
78175,10.08885
78196,10.11465
78217,10.31638
78238,10.41959
78259,10.36799
78280,10.40083
78301,10.4454
78322,10.47824
78343,10.63071
78364,10.84183
78385,10.81368
78406,10.85824
78427,10.96849
78448,10.95442
78469,11.05294
78490,11.06701
78511,11.0764
78532,11.19134
78553,11.25467
78574,11.17492
78595,10.89109
78616,11.0459
78637,11.55727
78658,11.32739
78679,11.2148
78700,11.32739
78721,11.23356
78742,11.13973
78763,11.41418
78784,11.60184
78805,11.19368
78826,10.89343
78847,11.01775
78868,10.37268
78889,10.78553
78910,10.62602
78931,10.76207
78952,10.82775
78973,10.79256
78994,10.497
79015,10.45244
79036,10.307
79057,10.31169
79078,10.39145
79099,10.2765
79120,10.17095
79141,10.32811
79162,10.26478
79183,9.870694
79204,9.985635
79225,9.934029
79246,10.05132
79267,9.776865
79288,9.732296
79309,9.643159
79330,9.497724
79351,9.490686
79372,9.544639
79393,9.441426
79414,9.331178
79435,9.371055
79456,9.396858
79477,9.19278
79498,9.195126
79519,9.23031
79540,9.138828
79561,9.044999
79582,9.063765
79603,9.052036
79624,8.941787
79645,9.03327
79666,9.061419
79687,9.080185
79708,8.993393
79729,9.04969
79750,8.908947
79771,8.972281
79792,8.904256
79813,8.915984
79834,8.918329
79855,8.899564
79876,8.871415
79897,8.920675
79918,8.937096
79939,8.864378
79960,8.932404
79981,8.845612
80002,8.967589
80023,8.972281
80044,8.958207
80065,9.054381
80086,8.998084
80107,9.01685
80128,8.998084
80149,9.023888
80170,8.965244
80191,8.967589
80212,9.059073
80233,9.094258
80254,9.063765
80275,9.19278
80296,9.061419
80317,9.171668
80338,9.066111
80359,9.138828
80380,8.955861
80401,8.899564
80422,9.063765
80443,9.410933
80464,9.244386
80485,9.150557
80506,9.293646
80527,9.469575
80548,9.432044
80569,9.568096
80590,9.394512
80611,9.439081
80632,9.511798
80653,9.61501
80674,9.643159
80695,9.544639
80716,9.643159
80737,9.805015
80758,9.706493
80779,9.718222
80800,9.952795
80821,9.875386
80842,10.12403
80863,9.999709
80884,10.13342
80905,10.40317
80926,10.31873
80947,10.27416
80968,10.37503
80989,10.36095
81010,10.39145
81031,10.54861
81052,10.60491
81073,10.75269
81094,10.86997
81115,10.82541
81136,10.85824
81157,10.94973
81178,10.79256
81199,10.86997
81220,10.95442
81241,10.86059
81262,10.79256
81283,10.73627
81304,10.70812
81325,10.54626
81346,11.24529
81367,10.46416
81388,10.99195
81409,10.87467
81430,10.63775
81451,10.91923
81472,10.60022
81493,10.75738
81514,10.79726
81535,10.54157
81556,10.63071
81577,10.48293
81598,10.58145
81619,10.68232
81640,10.6659
81661,10.45009
81682,10.52281
81703,10.58849
81724,10.57441
81745,10.62367
81766,10.73158
81787,10.52984
81808,10.6354
81829,10.55799
81850,10.54157
81871,10.54392
81892,10.59318
81913,10.4712
81934,10.30935
81955,10.29996
81976,10.35626
81997,10.31873
82018,10.24366
82039,10.2812
82060,10.00675
82081,10.06773
82102,9.98798
82123,10.0607
82144,9.821435
82165,9.744025
82186,9.722914
82207,9.561059
82228,9.542293
82249,9.460192
82270,9.448463
82291,9.56575
82312,9.321795
82333,9.237348
82354,9.34056
82375,9.169322
82396,9.223273
82417,9.138828
82438,9.251423
82459,9.070802
82480,9.164631
82501,9.164631
82522,9.15994
82543,9.178705
82564,9.075493
82585,9.044999
82606,9.089567
82627,9.134136
82648,9.094258
82669,9.08253
82690,9.089567
82711,9.150557
82732,9.176359
82753,9.176359
82774,9.047344
82795,9.073148
82816,9.162285
82837,9.174014
82858,9.174014
82879,9.164631
82900,9.227965
82921,9.216236
82942,9.197471
82963,9.134136
82984,9.270188
83005,9.213891
83026,9.174014
83047,9.101295
83068,9.155248
83089,9.176359
83110,9.352288
83131,9.270188
83152,9.084876
83173,9.00043
83194,9.206854
83215,9.227965
83236,9.338214
83257,9.314757
83278,9.225619
83299,9.237348
83320,9.272534
83341,9.387475
83362,9.504761
83383,9.420315
83404,9.342906
83425,9.401549
83446,9.446118
83467,9.666616
83488,9.722914
83509,9.457847
83530,9.610318
83551,9.77452
83572,9.657233
83593,9.7581
83614,9.666616
83635,9.840199
83656,9.889461
83677,9.795631
83698,9.936375
83719,9.805015
83740,9.722914
83761,10.117
83782,10.03724
83803,10.12403
83824,10.05835
83845,10.17798
83866,10.18268
83887,10.21786
83908,10.25539
83929,10.24132
83950,10.28354
83971,10.27885
83992,10.31404
84013,10.33046
84034,10.41021
84055,10.33749
84076,10.46182
84097,10.45244
84118,10.4712
84139,10.58145
84160,10.55799
84181,10.47589
84202,10.63071
84223,10.69874
84244,10.57441
84265,10.66121
84286,10.6354
84307,10.59787
84328,10.58145
84349,10.68935
84370,10.47824
84391,10.98492
84412,10.43132
84433,10.72923
84454,10.87232
84475,10.42429
84496,10.6096
84517,10.79491
84538,10.80899
84559,10.75269
84580,10.67528
84601,10.6096
84622,10.59787
84643,10.56034
84664,10.63306
84685,10.56503
84706,10.57441
84727,10.57207
84748,10.4149
84769,10.4454
84790,10.58849
84811,10.45244
84832,10.24836
84853,10.37737
84874,10.40317
84895,10.30465
84916,10.26947
84937,10.307
84958,10.2507
84979,10.18971
85000,10.24366
85021,10.2507
85042,10.21317
85063,10.1686
85084,10.24132
85105,10.07712
85126,10.17798
85147,9.912917
85168,9.938721
85189,10.04193
85210,9.908226
85231,10.01378
85252,9.955141
85273,9.765137
85294,9.704147
85315,9.77452
85336,9.584516
85357,9.572787
85378,9.464884
85399,9.415624
85420,9.53291
85441,9.443772
85462,9.399203
85483,9.345251
85504,9.382783
85525,9.364017
85546,9.366363
85567,9.373401
85588,9.260805
85609,9.27488
85630,9.235003
85651,9.281918
85672,9.235003
85693,9.23031
85714,9.223273
85735,9.2913
85756,9.324141
85777,9.251423
85798,9.204508
85819,9.338214
85840,9.251423
85861,9.288955
85882,9.303029
85903,9.286609
85924,9.349943
85945,9.202163
85966,9.324141
85987,9.305374
86008,9.293646
86029,9.352288
86050,9.366363
86071,9.385129
86092,9.314757
86113,9.288955
86134,9.387475
86155,9.284263
86176,9.279572
86197,9.24204
86218,9.317103
86239,9.227965
86260,9.352288
86281,9.321795
86302,9.333523
86323,9.319448
86344,9.263151
86365,9.239694
86386,9.270188
86407,9.244386
86428,9.263151
86449,9.251423
86470,9.256114
86491,9.436735
86512,9.436735
86533,9.317103
86554,9.19278
86575,9.143519
86596,9.401549
86617,9.779211
86638,9.40624
86659,9.310066
86680,9.579824
86701,9.530564
86722,9.338214
86743,9.624393
86764,9.577478
86785,9.561059
86806,9.685382
86827,9.690074
86848,9.683037
86869,9.718222
86890,9.722914
86911,9.868348
86932,9.861312
86953,9.79094
86974,9.751062
86995,10.06539
87016,9.870694
87037,10.03489
87058,10.12169
87079,9.882422
87100,9.950449
87121,10.10527
87142,9.997364
87163,9.903535
87184,10.07477
87205,10.09119
87226,10.13811
87247,10.22021
87268,10.2812
87289,10.26712
87310,10.25774
87331,10.12403
87352,10.27181
87373,10.08181
87394,10.15922
87415,10.39848
87436,10.81602
87457,10.45478
87478,10.49231
87499,10.497
87520,10.38675
87541,10.36799
87562,10.53453
87583,10.5533
87604,10.54157
87625,10.59318
87646,10.64947
87667,10.65417
87688,10.33984
87709,10.3891
87730,10.58145
87751,10.7175
87772,10.56034
87793,10.66824
87814,10.79726
87835,10.60725
87856,10.59318
87877,10.71516
87898,10.7738
87919,10.66355
87940,10.66355
87961,10.56034
87982,10.53688
88003,10.62602
88024,10.51811
88045,10.61429
88066,10.54392
88087,10.42429
88108,10.37503
88129,10.43367
88150,10.41021
88171,10.31404
88192,10.307
88213,10.31404
88234,10.26243
88255,10.45713
88276,10.21786
88297,10.19441
88318,10.11934
88339,10.10996
88360,10.15922
88381,10.117
88402,10.16391
88423,10.17564
88444,10.07946
88465,10.18737
88486,10.07008
88507,10.08181
88528,10.06539
88549,10.307
88570,9.915263
88591,10.07008
88612,10.0607
88633,9.898843
88654,9.833163
88675,9.936375
88696,9.87304
88717,9.812052
88738,9.795631
88759,9.640813
88780,9.650196
88801,9.53291
88822,9.521181
88843,9.636122
88864,9.650196
88885,9.528218
88906,9.50007
88927,9.48834
88948,9.347597
88969,9.439081
88990,9.382783
89011,9.467229
89032,9.469575
89053,9.38982
89074,9.385129
89095,9.324141
89116,9.27488
89137,9.396858
89158,9.35698
89179,9.396858
89200,9.476612
89221,9.368709
89242,9.333523
89263,9.35698
89284,9.319448
89305,9.30772
89326,9.288955
89347,9.300683
89368,9.312411
89389,9.478958
89410,9.382783
89431,9.281918
89452,9.227965
89473,9.305374
89494,9.328832
89515,9.474266
89536,9.335869
89557,9.227965
89578,9.157594
89599,9.166977
89620,9.288955
89641,9.387475
89662,9.349943
89683,9.239694
89704,9.2913
89725,9.204508
89746,9.01685
89767,9.13179
89788,9.166977
89809,9.113025
89830,8.998084
89851,9.227965
89872,9.260805
89893,9.352288
89914,9.263151
89935,9.225619
89956,9.183396
89977,9.211545
89998,9.495378
90019,9.164631
90040,9.24204
90061,9.56575
90082,9.542293
90103,9.394512
90124,9.474266
90145,9.584516
90166,9.504761
90187,9.577478
90208,9.591553
90229,9.502416
90250,9.687728
90271,9.715877
90292,9.671308
90313,9.687728
90334,9.776865
90355,9.744025
90376,9.816743
90397,9.722914
90418,9.884768
90439,9.823779
90460,9.828471
90481,9.795631
90502,9.924646
90523,9.903535
90544,9.887115
90565,10.07477
90586,10.15218
90607,10.18268
90628,10.0302
90649,10.04193
90670,10.13576
90691,9.980944
90712,10.10761
90733,10.15453
90754,10.20379
90775,10.25539
90796,10.47355
90817,10.56268
90838,10.55096
90859,10.46182
90880,10.51811
90901,10.55565
90922,10.59083
90943,10.67528
90964,10.67762
90985,10.76676
91006,10.73392
91027,10.81133
91048,10.81837
91069,10.93096
91090,10.7738
91111,10.82071
91132,10.80899
91153,10.76207
91174,10.75503
91195,11.00837
91216,10.91689
91237,10.94269
91258,10.8817
91279,10.94035
91300,10.81602
91321,10.73392
91342,10.8559
91363,10.86528
91384,10.73627
91405,10.73627
91426,10.748
91447,10.65651
91468,10.61429
91489,10.5533
91510,10.51811
91531,10.52984
91552,10.52984
91573,10.43836
91594,10.43132
91615,10.35391
91636,10.32576
91657,10.48293
91678,10.34219
91699,10.21317
91720,10.28354
91741,10.28823
91762,10.01378
91783,10.14045
91804,10.36799
91825,10.07243
91846,10.11465
91867,10.07243
91888,9.85662
91909,9.79094
91930,9.755754
91951,9.715877
91972,9.640813
91993,9.762791
92014,9.619701
92035,9.50007
92056,9.429698
92077,9.394512
92098,9.366363
92119,9.345251
92140,9.366363
92161,9.317103
92182,9.333523
92203,9.047344
92224,9.068456
92245,9.110679
92266,9.03327
92287,9.218582
92308,9.026234
92329,8.960552
92350,8.962898
92371,8.953515
92392,9.059073
92413,9.15994
92434,9.108333
92455,9.007467
92476,9.122408
92497,9.197471
92518,8.981664
92539,8.981664
92560,9.002776
92581,9.091913
92602,9.15994
92623,9.157594
92644,9.115371
92665,9.110679
92686,9.15994
92707,9.152903
92728,8.923021
92749,8.927712
92770,9.061419
92791,9.141173
92812,9.152903
