8817,11.76604
8838,11.91617
8859,12.33605
8880,12.51198
8901,12.54717
8922,12.78643
8943,13.00459
8964,13.9851
8985,13.76695
9006,13.28842
9027,13.07965
9048,13.35879
9069,12.77939
9090,13.26731
9111,13.62151
9132,13.15706
9153,13.10076
9174,12.88261
9195,12.19531
9216,12.69026
9237,12.20235
9258,11.7074
9279,11.68394
9300,10.54626
9321,10.65886
9342,10.63306
9363,10.37737
9384,9.866002
9405,9.378092
9426,9.188088
9447,9.223273
9468,8.723634
9489,8.620422
9510,8.503136
9531,8.048065
9552,8.083251
9573,7.712626
9594,8.094979
9615,7.25521
9636,7.37015
9657,7.299778
9678,7.076934
9699,6.802485
9720,6.983105
9741,6.605443
9762,6.879893
9783,6.570258
9804,6.511615
9825,7.414719
9846,6.769645
9867,7.088663
9888,6.218399
9909,6.910388
9930,6.713347
9951,7.135578
9972,7.459288
9993,7.025329
10014,7.339655
10035,7.80411
10056,7.872136
10077,7.95189
10098,8.266218
10119,8.43511
10140,8.803389
10161,9.115371
10182,9.429698
10203,9.622047
10224,9.971561
10245,9.704147
10266,10.17095
10287,10.04662
10308,10.27885
10329,10.59318
10350,10.75034
10371,11.06467
10392,11.13504
10413,11.84345
10434,11.86456
10455,12.0616
10476,11.96308
10497,12.09444
10518,12.53075
10539,13.1899
10560,11.9279
10581,11.91851
10602,11.77542
10623,12.1742
10644,12.27741
10665,12.1437
10686,11.92321
10707,11.85518
10728,11.88802
10749,11.92555
10770,11.65345
10791,11.45171
10812,11.379
10833,10.89343
10854,10.54392
10875,10.30465
10896,10.07008
10917,9.335869
10938,8.958207
10959,8.629806
10980,9.281918
11001,7.928433
11022,8.094979
11043,7.618797
11064,7.61176
11085,7.417065
11106,7.489782
11127,7.414719
11148,7.334964
11169,7.35373
11190,7.398299
11211,7.414719
11232,7.231752
11253,7.273975
11274,7.266938
11295,7.325581
11316,7.306816
11337,7.149652
11358,7.128541
11379,7.166072
11400,7.309161
11421,6.96434
11442,6.828288
11463,6.711001
11484,6.689889
11505,7.107429
11527,8.092634
11548,6.814213
11569,7.449905
11590,7.583611
11611,7.710281
11632,8.186462
11653,8.723634
11674,8.876106
11695,8.946478
11716,9.253768
11737,9.952795
11758,10.24366
11779,9.840199
11800,10.11934
11821,9.943413
11842,9.762791
11863,10.748
11884,9.903535
11905,9.952795
11926,10.24836
11947,10.10996
11968,10.04428
11989,10.43367
12010,10.47589
12031,10.78787
12052,11.03887
12073,11.36727
12094,11.95605
12115,11.29924
12136,11.72382
12157,11.38369
12178,11.60653
12199,11.39542
12220,11.24529
12241,10.8559
12262,11.05998
12283,10.79491
12304,11.11862
12325,11.27578
12346,11.35085
12367,11.14208
12388,11.13739
12409,11.80123
12430,10.23428
12451,10.81368
12472,10.27416
12493,9.858966
12514,9.753407
12535,8.986356
12556,8.601656
12577,8.40227
12598,8.012879
12619,7.740775
12640,7.555463
12661,7.264592
12682,7.452251
12703,7.290396
12724,7.398299
12745,7.091009
12766,7.283359
12787,7.088663
12808,6.734458
12829,8.17708
12850,7.998805
12871,6.682852
12892,7.384225
12913,7.895593
12934,7.339655
12955,7.35373
12976,7.38657
12997,7.454596
13018,7.445214
13039,7.32089
13060,7.440522
13081,7.309161
13102,7.290396
13123,6.896314
13144,7.292741
13165,7.384225
13186,7.672749
13207,7.278666
13228,7.571883
13249,7.529659
13270,7.665711
13291,7.860407
13312,7.872136
13333,7.994113
13354,8.383504
13375,8.728326
13396,8.955861
13417,9.572787
13438,9.464884
13459,9.868348
13480,9.697111
13501,10.26947
13522,9.769828
13543,10.11934
13564,9.992672
13585,10.05366
13606,10.46885
13627,10.35626
13648,10.37503
13669,10.50873
13690,11.23356
13711,11.1843
13732,11.12331
13753,11.78481
13774,12.13432
13795,11.45641
13816,11.03417
13837,9.321795
13858,11.59949
13879,10.8301
13900,10.83244
13921,10.81837
13942,10.30935
13963,12.72779
13984,10.24836
14005,10.50639
14026,10.47355
14047,10.35861
14068,11.17961
14089,9.546985
14110,9.903535
14131,9.645505
14152,9.661925
14173,9.021542
14195,8.927712
14216,8.782278
14237,8.214611
14258,7.95189
14279,7.846333
14300,7.555463
14321,7.285704
14342,7.23879
14363,7.22237
14384,7.041749
14405,6.912734
14426,6.774336
14447,6.849399
14468,7.081625
14489,7.344347
14510,7.346693
14531,7.173109
14552,7.022983
14573,7.159035
14594,7.281013
14615,7.334964
14636,7.407681
14657,7.325581
14678,7.245827
14699,7.243481
14720,7.091009
14741,6.999526
14762,6.961994
14783,6.917425
14804,6.947919
14825,6.903351
14846,7.295087
14867,7.170763
14888,7.278666
14909,7.297433
14930,7.177801
14951,7.590648
14972,7.717318
14993,7.829913
15014,8.076214
15035,8.36943
15056,8.46795
15077,8.604002
15098,9.176359
15119,9.155248
15140,9.64785
15161,9.075493
15182,9.415624
15203,9.293646
15224,9.218582
15245,9.298337
15266,9.260805
15287,9.075493
15308,9.171668
15329,9.48834
15350,9.697111
15371,9.962177
15392,10.3328
15413,10.21083
15434,10.89812
15455,10.82775
15476,10.84652
15497,10.68466
15518,10.72454
15539,10.67293
15560,10.50639
15581,10.54392
15602,10.09588
15623,10.05601
15644,9.751062
15665,10.11934
15686,10.0302
15707,9.912917
15728,10.18971
15749,10.08885
15770,10.14045
15791,9.931683
15812,9.706493
15833,9.396858
15854,9.244386
15875,8.655608
15896,8.986356
15917,7.926087
15938,7.989422
15959,7.658674
15980,7.597685
16001,7.163726
16022,7.151998
16043,7.055823
16064,6.767299
16085,6.83767
16106,6.680507
16127,6.638284
16148,6.781373
16169,6.858782
16190,7.309161
16211,7.663366
16232,6.877548
16253,7.51324
16274,7.363113
16295,7.372496
16316,7.492128
16337,7.508548
16358,7.536696
16379,7.550771
16400,7.40299
16421,7.248173
16442,7.076934
16463,6.922117
16484,6.882239
16505,7.060514
16526,7.037057
16547,6.966685
16568,6.882239
16589,7.191875
16610,7.058169
16631,7.182492
16652,7.360767
16673,7.832259
16694,7.6446
16715,7.904976
16736,8.015225
16757,8.216957
16778,8.554742
16799,8.306095
16820,7.95189
16841,8.782278
16862,8.72598
16883,8.751783
16904,8.296712
16925,8.423381
16946,8.240415
16967,8.500791
16988,8.416345
17009,8.374122
17030,8.585237
17051,8.72598
17072,9.028579
17093,9.2913
17114,9.77452
17135,9.959831
17156,10.17329
17177,10.46885
17198,10.48762
17219,10.6354
17240,10.87936
17261,10.80429
17282,10.59083
17303,10.26008
17324,10.4454
17345,10.56034
17366,10.62602
17387,10.42194
17408,10.32811
17429,9.997364
17450,10.59318
17471,10.62602
17492,10.56503
17513,10.66824
17534,11.44937
17555,10.5275
17576,10.56268
17597,10.20613
17618,9.912917
17639,9.87304
17660,9.476612
17681,9.115371
17702,9.012158
17723,8.545359
17744,8.38585
17765,8.324861
17786,8.179425
17807,8.139548
17828,8.14424
17849,8.198192
17870,8.083251
17891,8.038682
17912,8.165352
17933,8.259181
17954,8.282638
17975,8.181771
17996,8.080905
18017,7.982385
18038,7.956582
18059,7.778307
18080,7.682132
18101,7.588303
18122,7.379533
18143,7.360767
18164,7.189529
18185,7.130886
18206,7.015945
18227,7.201258
18248,7.290396
18269,7.424102
18290,7.295087
18311,7.309161
18332,7.325581
18353,7.59534
18374,7.54608
18395,7.543734
18416,7.95189
18437,7.478054
18458,7.752503
18479,7.126195
18500,7.22237
18521,6.863473
18542,7.306816
18563,6.893968
18584,6.577295
18605,6.692235
18626,6.870511
18647,6.851745
18668,7.086318
18689,6.957303
18710,7.203603
18731,7.471016
18752,7.705589
18773,7.858061
18794,7.88621
18815,8.20992
18836,8.273255
18857,8.421036
18878,8.798697
18899,8.761166
18920,8.805735
18941,8.911292
18962,9.028579
18983,9.054381
19004,9.04969
19025,9.070802
19046,9.188088
19067,9.073148
19088,9.267843
19109,9.392166
19130,9.528218
19151,9.866002
19172,9.959831
19193,9.980944
19214,10.30935
19235,10.43601
19256,10.68232
19277,10.65182
19298,11.22887
19319,10.92158
19340,10.79491
19361,10.3328
19382,10.1991
19403,9.887115
19424,9.812052
19445,9.760445
19466,9.650196
19487,9.645505
19508,9.880077
19529,9.385129
19550,9.539948
19572,9.605627
19594,9.788594
19615,9.898843
19636,10.07243
19657,10.10527
19678,9.971561
19699,10.05132
19720,10.03959
19741,9.948103
19762,9.809706
19783,9.66427
19804,9.497724
19825,9.361671
19846,9.427352
19867,9.286609
19888,9.246731
19909,9.134136
19930,9.216236
19951,9.352288
19972,9.115371
19993,9.260805
20014,9.232656
20035,8.829192
20056,8.95117
20077,8.777586
20098,8.519556
20119,8.458567
20140,8.198192
20161,8.113746
20182,7.893247
20203,7.743121
20224,7.576574
20245,7.510894
20266,7.363113
20287,7.499165
20308,7.532005
20329,7.463979
20350,7.515585
20371,7.539042
20392,7.623489
20413,7.614106
20434,7.778307
20455,8.059793
20476,8.087942
20497,8.005842
20518,8.137203
20539,8.181771
20560,8.223994
20581,8.130166
20602,8.16066
20623,8.052756
20644,8.059793
20665,8.092634
20686,7.998805
20707,7.813492
20728,7.818184
20749,7.851024
20770,7.822875
20791,7.893247
20812,7.832259
20833,7.691514
20854,7.963619
20875,8.071522
20896,8.092634
20917,8.104362
20938,8.052756
20959,8.059793
20980,8.137203
21001,8.048065
21022,7.914359
21043,7.729046
21064,8.090288
21085,8.041028
21106,7.977693
21127,7.883864
21148,8.090288
21169,7.954236
21190,8.301403
21211,8.30844
21232,8.371776
21253,8.686103
21274,8.812772
21295,8.930058
21316,9.084876
21337,9.235003
21358,9.450809
21379,9.875386
21400,9.699456
21421,10.36095
21442,10.10527
21463,10.45009
21484,10.24601
21505,10.30465
21526,10.45478
21547,10.56738
21568,10.53453
21589,10.64713
21610,10.5533
21631,10.75034
21652,10.86294
21673,11.12097
21694,10.89109
21715,10.7738
21736,10.86528
21757,10.97319
21778,11.20072
21799,10.97319
21820,10.69639
21841,10.55799
21862,10.69639
21883,10.75503
21904,10.35391
21925,10.2249
21946,10.08181
21967,9.87304
21988,9.732296
22009,9.812052
22030,9.966869
22051,9.666616
22072,9.898843
22093,9.605627
22114,9.875386
22135,9.812052
22156,10.09823
22177,10.03724
22198,10.03724
22219,10.06539
22240,9.999709
22261,10.03255
22282,9.823779
22303,9.997364
22324,9.917608
22345,9.802669
22366,9.786248
22387,9.589207
22408,9.687728
22429,9.563404
22450,9.631431
22471,9.385129
22492,9.265497
22513,9.223273
22534,9.225619
22555,9.129445
22576,9.178705
22597,9.044999
22618,8.937096
22639,8.899564
22660,8.878452
22681,8.779932
22702,8.7424
22723,8.686103
22744,8.650917
22765,8.679066
22786,8.512519
22807,8.282638
22828,8.345972
22849,8.282638
22870,8.40227
22891,8.317823
22912,8.266218
22933,8.348318
22954,8.362392
22975,8.289675
22996,8.353009
23017,8.41869
23038,8.444492
23059,8.554742
23080,8.524248
23101,8.550051
23122,8.45153
23143,8.383504
23164,8.233377
23185,8.273255
23206,8.22634
23227,8.249798
23248,8.2756
23269,8.14424
23290,8.132511
23311,7.982385
23332,7.843987
23353,8.008188
23374,7.926087
23395,8.130166
23416,8.099671
23437,8.099671
23458,8.277946
23479,8.327207
23500,8.301403
23521,8.413999
23542,8.416345
23563,8.430418
23584,8.489061
23605,8.599311
23626,8.528939
23647,8.313132
23668,8.976973
23689,8.564125
23710,9.122408
23731,8.958207
23752,9.120062
23773,9.504761
23794,8.998084
23815,9.354634
23836,9.80736
23857,9.978598
23878,10.05132
23899,10.30231
23920,10.44071
23941,10.75269
23962,10.70812
23983,10.75972
24004,10.81602
24025,10.86059
24046,10.91454
24067,10.8817
24088,10.87232
24109,11.25233
24130,11.00368
24151,10.51342
24172,10.89343
24193,12.15778
24214,10.62836
24235,11.02479
24256,10.7738
24277,10.63775
24298,11.39307
24319,10.46182
24340,10.37033
24361,10.80664
24382,10.50639
24403,10.55799
24424,10.33515
24445,10.3891
24466,10.07946
24487,10.14984
24508,9.884768
24529,9.976252
24550,9.833163
24571,9.676
24592,9.692419
24613,9.603281
24634,9.56575
24655,9.720568
24676,9.462538
24697,9.593899
24718,9.762791
24739,9.650196
24760,9.633776
24781,9.554022
24802,9.652542
24823,9.64785
24844,9.349943
24865,9.312411
24886,9.2913
24907,9.199817
24928,8.969935
24949,9.077839
24970,8.728326
24991,8.84092
25012,8.730671
25033,8.479678
25054,8.421036
25075,8.768204
25096,8.564125
25117,8.322515
25138,8.507828
25159,8.40227
25180,8.313132
25201,8.477333
25222,8.486716
25243,8.273255
25264,8.214611
25285,8.109054
25306,7.947199
25327,7.832259
25348,7.759541
25369,7.54608
25390,7.614106
25411,7.447559
25432,7.590648
25453,7.510894
25474,7.360767
25495,7.585957
25516,7.567191
25537,7.585957
25558,7.717318
25579,7.773615
25600,7.782998
25621,7.874481
25642,7.909667
25663,8.268563
25684,8.371776
25705,8.413999
25726,8.238069
25747,8.345972
25768,8.500791
25789,8.571162
25810,8.664991
25831,8.883143
25852,8.838574
25873,9.04969
25894,9.169322
25915,9.129445
25936,9.399203
25957,9.577478
25978,9.896498
25999,10.24132
26020,10.10058
26041,10.48058
26062,10.61194
26083,10.78553
26104,10.8559
26125,10.70108
26146,10.59083
26167,10.61429
26188,10.55799
26209,10.51108
26230,10.68232
26251,10.5791
26272,10.69874
26293,10.42898
26314,10.72454
26335,10.87936
26356,10.82775
26377,10.71046
26398,10.83713
26419,11.02245
26440,11.13504
26461,11.2922
26482,11.11627
26503,12.07333
26524,10.84417
26545,10.68466
26566,10.62836
26587,10.96615
26608,11.04825
26629,10.94035
26650,10.86763
26671,11.17961
26692,11.01775
26713,10.938
26734,10.72923
26755,11.08578
26776,10.20144
26797,10.31638
26818,10.05601
26839,9.79094
26860,9.823779
26881,9.50007
26902,9.056727
26923,8.90191
26944,8.411653
26965,8.36943
26986,8.313132
27007,8.212266
27028,8.019917
27049,7.968311
27070,7.799418
27091,7.818184
27112,7.705589
27133,7.649292
27154,7.682132
27175,7.646946
27196,7.581266
27217,7.80411
27238,7.590648
27259,7.482745
27280,7.205949
27301,7.121503
27322,7.285704
27343,7.311507
27364,7.269284
27385,7.159035
27406,6.98076
27427,7.04644
27448,6.924462
27469,7.283359
27490,7.257555
27511,7.318544
27532,7.463979
27553,7.527314
27574,7.700898
27595,7.553117
27616,7.792381
27637,8.045719
27658,8.40227
27679,8.430418
27700,8.315477
27721,8.740054
27742,8.474987
27763,9.190434
27784,8.979319
27805,9.272534
27826,9.24204
27847,9.293646
27868,9.075493
27889,9.096604
27910,9.174014
27931,9.368709
27952,9.495378
27973,9.715877
27994,10.2507
28015,10.31169
28036,10.31404
28057,10.39145
28078,10.5838
28099,10.76676
28120,11.08343
28141,11.16554
28162,10.39614
28183,9.826125
28204,10.75269
28225,10.58145
28246,10.64009
28267,10.748
28288,10.53219
28309,10.28823
28330,10.21786
28351,10.10527
28372,10.48528
28393,10.66121
28414,10.73627
28435,11.19838
28456,11.28986
28477,10.47824
28498,10.19675
28519,10.18033
28540,9.929338
28561,9.767483
28582,9.13179
28603,9.277225
28624,8.904256
28645,8.723634
28666,8.296712
28687,8.510174
28708,8.439801
28729,8.329552
28750,8.252144
28771,8.186462
28792,8.113746
28813,8.179425
28834,8.221649
28855,8.233377
28876,8.141894
28897,8.012879
28918,7.982385
28939,7.923741
28960,7.73843
28981,7.54608
29002,7.358422
29023,7.175455
29044,7.196567
29065,7.039403
29086,6.957303
29107,6.823596
29128,6.786064
29149,6.82125
29170,6.781373
29191,6.797793
29212,6.952611
29233,7.093355
29254,7.022983
29275,7.161381
29296,7.32089
29317,6.41544
29338,7.198912
29359,7.245827
29380,7.076934
29401,7.058169
29422,6.961994
29443,6.764953
29464,6.762608
29485,6.734458
29506,6.882239
29527,6.741496
29548,6.877548
29569,6.682852
29590,6.971377
29611,7.137923
29632,7.257555
29653,7.524968
29674,7.773615
29695,8.116092
29716,8.554742
29737,8.962898
29758,9.108333
29779,9.155248
29800,9.429698
29821,9.880077
29842,10.1991
29863,10.25305
29884,10.40552
29905,10.73627
29926,10.96849
29947,11.02948
29968,11.21949
29989,11.51974
30010,11.43295
30031,11.54789
30052,11.72616
30073,11.71209
30094,12.02642
30115,12.31494
30136,12.53778
30157,12.09679
30178,11.38838
30199,10.8559
30220,11.89036
30241,11.2406
30262,11.08343
30283,11.65814
30304,11.20776
30326,10.50404
30350,10.51577
30371,10.64713
30392,10.14514
30413,10.38206
30434,10.08885
30455,10.50873
30476,10.23897
30497,10.22959
30518,10.40787
30539,10.40317
30560,10.117
30581,10.0865
30602,10.21552
30623,9.964523
30644,9.814397
30665,9.577478
30686,9.612664
30707,9.314757
30728,9.263151
30749,9.044999
30770,8.974627
30791,8.681411
30812,8.62746
30833,8.421036
30854,8.315477
30875,8.188808
30896,8.118437
30917,6.652358
30938,9.110679
30959,8.240415
30980,7.841641
31001,9.744025
31022,6.922117
31043,7.719663
31064,7.710281
31085,7.778307
31106,7.696206
31127,7.600031
31148,7.217678
31170,7.271629
31191,7.276321
31212,7.316199
31233,7.105083
31254,6.999526
31275,7.119158
31296,7.205949
31317,7.384225
31338,7.428793
31359,7.499165
31380,7.581266
31401,7.893247
31422,7.942507
31443,7.933125
31464,7.994113
31485,8.350664
31506,8.639189
31527,8.735363
31548,9.054381
31569,9.103642
31590,9.270188
31611,9.59859
31632,9.734642
31653,9.826125
31674,10.30231
31695,10.46182
31716,10.81368
31737,10.80195
31758,11.25467
31779,11.49863
31800,11.42122
31821,11.65345
31842,11.83172
31863,11.79654
31884,11.7332
31905,11.62295
31926,11.50332
31947,11.55727
31968,11.58073
31989,11.54085
32010,11.32739
32031,11.41418
32052,11.0459
32073,11.07405
32094,10.90985
32115,10.94738
32136,11.26171
32157,11.2406
32178,11.48456
32199,11.30862
32220,11.3227
32241,11.15381
32262,11.09517
32283,10.92393
32304,10.89343
32325,10.97319
32346,10.88874
32367,10.90047
32388,10.68935
32409,10.69639
32430,10.65651
32451,10.58145
32472,10.55096
32493,10.53219
32514,10.41256
32535,10.21786
32556,10.21786
32577,10.10292
32598,10.05601
32619,9.668962
32640,9.729951
32661,9.701802
32682,9.464884
32703,9.026234
32724,8.850304
32745,8.854995
32766,8.803389
32787,8.733017
32808,8.552396
32829,8.299058
32850,8.263872
32871,8.350664
32892,8.390541
32913,8.341281
32934,8.050411
32955,8.198192
32976,8.094979
32997,8.038682
33018,7.794726
33039,7.677441
33060,7.743121
33081,7.733737
33102,7.625834
33123,7.691514
33144,7.529659
33165,7.424102
33186,7.393607
33207,7.581266
33228,7.604722
33249,7.38657
33270,7.412374
33291,7.419411
33312,7.668057
33333,7.876827
33354,7.733737
33375,7.499165
33396,7.867445
33417,8.010533
33438,8.284984
33459,8.134857
33480,8.200537
33501,8.505482
33522,8.564125
33543,8.873761
33564,8.873761
33585,9.225619
33606,9.514144
33627,9.610318
33648,9.448463
33669,9.349943
33690,11.17257
33711,9.162285
33732,10.05366
33753,10.16626
33774,10.5533
33795,10.70577
33816,11.03887
33837,10.98961
33858,11.03652
33879,11.36492
33900,11.25467
33921,11.45406
33942,12.02642
33963,10.87936
33984,11.7895
34005,11.06701
34026,11.22418
34047,11.49394
34068,11.5127
34089,11.5948
34110,11.49628
34131,11.74258
34152,11.14208
34173,11.27109
34194,11.71444
34215,11.45171
34236,11.34146
34257,11.20072
34278,11.05763
34299,10.88874
34320,10.61898
34341,10.2765
34362,10.07712
34383,9.748716
34404,9.478958
34425,9.249077
34446,9.333523
34467,8.986356
34488,9.453156
34509,9.399203
34530,8.254489
34551,8.883143
34572,8.500791
34593,8.561779
34614,8.46795
34635,8.348318
34656,8.446838
34677,8.273255
34698,7.973002
34719,7.867445
34740,7.973002
34761,7.768924
34782,7.703244
34803,7.494474
34824,7.332618
34845,7.262247
34866,7.299778
34887,7.196567
34908,7.037057
34929,6.77199
34950,6.947919
34971,7.166072
34992,7.105083
35013,7.072243
35034,6.969031
35055,7.154344
35076,7.194221
35097,7.11212
35118,7.149652
35139,7.091009
35160,7.208295
35181,7.334964
35202,7.053477
35223,7.252864
35244,7.191875
35265,7.40299
35286,7.379533
35307,7.635218
35328,7.766578
35349,7.808801
35370,8.024608
35391,8.125474
35412,8.531285
35433,9.331178
35454,8.817463
35475,9.185742
35496,9.629085
35517,9.751062
35538,10.04193
35559,10.40317
35580,10.64244
35601,10.95677
35622,11.18665
35643,11.47517
35664,11.61591
35685,11.84345
35706,11.94432
35727,11.87629
35748,12.18827
35769,11.99358
35790,11.71444
35811,12.16247
35832,12.20235
35853,12.34778
35874,12.19531
35895,12.56828
35916,12.19296
35937,12.27272
35958,11.8458
35979,11.88098
36000,11.9795
36021,11.59246
36042,11.0506
36063,10.86059
36084,10.72923
36105,10.30935
36126,10.37268
36147,10.01613
36168,9.929338
36189,9.786248
36210,9.788594
36231,9.35698
36252,10.41959
36273,10.18737
36294,8.728326
36315,10.05132
36336,8.681411
36357,9.24204
36378,8.838574
36399,8.920675
36420,8.718943
36441,8.498445
36462,8.263872
36483,8.099671
36504,8.043374
36525,7.916704
36546,7.785344
36567,7.625834
36588,7.630526
36609,7.452251
36630,7.384225
36651,7.163726
36672,7.147306
36693,7.285704
36714,7.346693
36735,7.21064
36756,7.201258
36777,7.208295
36798,7.302124
36819,7.32089
36840,7.414719
36861,7.21064
36882,7.241135
36903,7.163726
36924,7.248173
36945,7.184838
36966,7.161381
36987,7.128541
37008,7.297433
37029,7.40299
37050,7.499165
37071,7.790035
37092,7.916704
37113,7.93547
37134,8.137203
37155,8.474987
37176,9.075493
37197,9.108333
37218,9.490686
37239,10.02786
37260,9.898843
37281,11.96308
37302,10.01378
37323,10.85121
37344,11.17726
37365,11.0201
37386,11.41418
37407,11.76604
37428,11.73555
37449,11.83641
37470,12.00061
37491,12.06864
37512,11.93259
37533,12.46038
37554,12.65742
37575,12.67149
37596,12.07568
37617,11.56431
37638,12.54482
37659,12.5847
37680,12.53309
37701,12.45099
37722,12.21877
37743,12.04049
37764,11.84814
37785,11.78012
37806,11.52912
37827,11.09517
37848,11.08109
37869,10.91689
37890,10.77614
37911,10.78787
37932,10.41725
37953,10.26947
37974,10.14749
37995,10.16626
38016,9.995018
38037,10.18268
38058,9.957487
38079,9.462538
38100,9.671308
38121,9.542293
38142,9.425007
38163,9.232656
38184,8.878452
38205,8.948824
38226,8.707214
38247,8.772895
38268,8.472641
38289,8.186462
38310,8.148932
38331,8.045719
38352,8.015225
38373,8.055102
38394,7.90263
38415,7.822875
38436,7.921396
38457,7.700898
38478,7.785344
38499,7.616452
38520,7.740775
38541,7.7267
38562,7.848678
38583,7.818184
38604,7.797072
38625,7.736084
38646,7.379533
38667,7.339655
38688,7.363113
38709,7.285704
38730,7.339655
38751,7.487437
38772,7.501511
38793,7.492128
38814,7.614106
38835,7.670403
38856,7.61176
38877,7.963619
38898,8.409307
38919,8.376467
38940,8.688448
38961,8.854995
38982,9.066111
39003,9.211545
39024,9.495378
39045,9.74637
39066,10.0044
39087,10.18737
39108,10.58849
39129,10.83244
39150,10.75503
39171,11.01072
39192,11.05294
39213,11.44937
39234,11.4306
39255,11.48221
39276,11.85987
39297,11.72851
39318,12.12963
39339,12.3384
39360,12.00765
39381,12.29852
39402,12.38062
39423,12.17654
39444,12.38062
39465,12.22346
39486,11.95605
39507,12.0358
39528,12.08975
39549,11.88802
39570,11.72616
39591,11.57838
39612,11.44468
39633,11.29455
39654,11.19134
39675,11.2406
39696,11.07171
39717,11.04356
39738,10.90047
39759,10.83948
39780,10.85824
39801,10.82306
39822,10.5838
39843,10.44305
39864,10.39379
39885,10.22959
39906,10.14514
39927,10.14514
39948,10.20848
39969,10.03255
39990,10.15218
40011,9.969215
40032,9.908226
40053,9.701802
40074,9.478958
40095,9.387475
40116,9.073148
40137,9.213891
40158,9.115371
40179,8.885489
40200,8.798697
40221,8.754128
40242,8.636843
40263,8.779932
40284,8.554742
40305,8.482024
40326,8.575853
40347,8.505482
40368,8.618076
40389,8.355355
40410,8.322515
40431,8.388196
40452,8.399924
40473,8.353009
40494,8.1114
40515,8.371776
40536,8.392887
40557,8.573507
40578,8.284984
40599,8.153623
40620,8.343626
40641,8.395233
40662,8.331898
40683,8.30844
40704,8.0293
40725,8.446838
40746,8.498445
40767,8.531285
40788,8.531285
40809,8.535976
40830,8.589928
40851,8.604002
40872,8.500791
40893,8.812772
40914,8.786969
40935,8.930058
40956,8.932404
40977,9.13179
40998,9.066111
41019,9.073148
41040,9.152903
41061,9.129445
41082,9.373401
41103,9.448463
41124,9.600936
41145,9.915263
41166,9.821435
41187,10.05835
41208,9.976252
41229,9.882422
41250,10.22959
41271,10.14749
41292,10.32107
41313,10.40083
41334,10.45244
41355,10.48293
41376,10.81602
41397,10.99899
41418,10.90047
41439,11.08813
41460,11.20072
41481,11.15146
41502,11.50801
41523,11.25702
41544,11.01541
41565,10.99664
41586,11.31097
41607,11.39776
41628,11.39776
41649,11.30862
41670,11.32504
41691,10.88874
41712,11.25467
41733,11.28048
41754,11.16084
41775,11.03417
41796,10.938
41817,10.84886
41838,10.92158
41859,10.95442
41880,10.88405
41901,10.76911
41922,10.61898
41943,10.48528
41964,10.44774
41985,10.34453
42006,10.48528
42027,10.30231
42048,10.37033
42069,10.35861
42090,10.40787
42111,10.01378
42132,10.47355
42153,10.12403
42174,10.0865
42195,10.18502
42216,10.20144
42237,10.05835
42258,10.07243
42279,10.0607
42300,9.908226
42321,9.74637
42342,9.605627
42363,9.600936
42384,9.380438
42405,9.450809
42426,9.267843
42447,9.2092
42468,9.066111
42489,9.009813
42510,8.98401
42531,8.833883
42552,8.777586
42573,8.915984
42594,8.878452
42615,8.634497
42636,8.439801
42657,8.568816
42678,8.580544
42699,8.744746
42720,8.48437
42741,8.392887
42762,8.38585
42783,8.442147
42804,8.306095
42825,8.324861
42846,8.106709
42867,8.151278
42888,8.240415
42909,8.102016
42930,8.015225
42951,8.008188
42972,8.22634
42993,8.200537
43014,8.266218
43035,8.158315
43056,8.137203
43077,8.411653
43098,8.336589
43119,8.355355
43140,8.477333
43161,8.557088
43182,8.64388
43203,8.876106
43224,8.686103
43245,8.878452
43266,8.939441
43287,9.030925
43308,9.127099
43329,9.2092
43350,9.371055
43371,9.448463
43392,9.476612
43413,9.610318
43434,9.751062
43455,10.00206
43476,10.3891
43497,10.16626
43518,10.2249
43539,10.0607
43560,10.27416
43581,10.497
43602,10.56034
43623,11.15615
43644,10.73861
43665,10.65182
43686,10.56503
43707,10.90047
43728,10.48293
43749,10.6354
43770,10.64713
43791,11.03887
43812,11.20541
43833,10.75738
43854,10.95911
43875,10.86059
43896,10.63775
43917,10.5838
43938,10.87701
43959,11.0764
43980,11.14442
44001,11.02245
44022,11.03183
44043,10.50169
44064,10.72688
44085,10.6659
44106,10.70108
44127,10.5533
44148,10.57207
44169,10.51342
44190,10.68466
44211,10.71985
44232,10.7738
44253,10.59787
44274,10.45947
44295,10.51342
44316,10.60491
44337,10.32342
44358,10.29292
44379,10.08181
44400,10.06773
44421,9.969215
44442,9.788594
44463,9.85662
44484,9.720568
44505,9.753407
44526,9.579824
44547,9.593899
44568,9.572787
44589,9.59859
44610,9.765137
44631,9.694765
44652,9.596244
44673,9.603281
44694,9.429698
44715,9.319448
44736,9.35698
44757,9.197471
44778,9.014504
44799,9.012158
44820,8.892527
44841,8.695485
44862,8.770549
44883,8.604002
44904,8.439801
44925,8.350664
44946,8.357701
44967,8.331898
44988,8.14424
45009,8.310786
45030,8.446838
45051,8.411653
45072,8.277946
45093,8.299058
45114,8.294367
45135,8.477333
45156,8.474987
45177,8.256835
45198,8.132511
45219,8.141894
45240,8.153623
45261,7.729046
45282,7.839296
45303,7.865098
45324,7.705589
45345,7.62818
45366,7.515585
45387,7.689169
45408,7.665711
45429,7.717318
45450,7.764232
45471,7.846333
45492,7.743121
45513,7.961274
45534,8.148932
45555,8.048065
45576,8.45153
45597,8.320169
45618,8.207574
45639,8.428073
45660,8.629806
45681,8.770549
45702,8.883143
45723,8.953515
45744,9.124753
45765,9.270188
45786,9.448463
45807,9.607973
45828,9.739333
45849,9.908226
45870,9.936375
45891,10.26712
45912,10.42898
45933,10.53453
45954,10.56503
45975,10.90516
45996,11.17726
46017,10.35626
46038,10.87232
46059,10.48997
46080,10.50169
46101,10.56268
46122,10.40317
46143,10.33046
46164,10.2765
46185,10.25774
46206,10.16626
46227,10.32342
46248,10.24601
46269,10.4149
46290,10.55799
46311,10.52984
46332,10.37737
46353,10.45947
46374,10.50169
46395,10.49231
46416,10.53219
46437,10.42194
46458,10.36095
46479,10.29292
46500,10.33749
46521,10.40083
46542,10.45244
46563,10.47355
46584,10.30935
46605,10.307
46626,10.22725
46647,10.46182
46668,10.72688
46689,10.64947
46710,11.03183
46731,9.64785
46752,10.67528
46773,10.00206
46794,9.650196
46815,9.870694
46836,9.448463
46857,9.122408
46878,9.378092
46899,9.122408
46920,8.866723
46941,8.937096
46962,9.075493
46983,8.843266
47004,8.700177
47025,8.714252
47046,8.749437
47067,8.754128
47088,8.737708
47109,8.695485
47130,8.526593
47151,8.489061
47172,8.646226
47193,8.460913
47214,8.310786
47235,8.303749
47256,8.106709
47277,7.855715
47298,7.914359
47319,7.987076
47340,7.797072
47361,7.569537
47382,7.583611
47403,7.658674
47424,7.731392
47445,7.602377
47466,7.564846
47487,7.539042
47508,7.717318
47529,7.848678
47550,7.705589
47571,7.4804
47592,7.46867
47613,7.775961
47634,7.600031
47655,7.456942
47676,7.212986
47697,7.372496
47718,7.119158
47739,7.264592
47760,7.208295
47781,7.292741
47802,7.259901
47823,7.297433
47844,7.560154
47865,7.677441
47886,7.91905
47907,8.026954
47928,8.238069
47949,8.416345
47970,8.625113
47991,8.887836
48012,9.190434
48033,9.439081
48054,9.666616
48075,9.882422
48096,10.05601
48117,10.20613
48138,10.41256
48159,10.43367
48180,10.57676
48201,11.00368
48222,10.88639
48243,11.15615
48264,11.26406
48285,11.31097
48306,11.41653
48327,11.77777
48348,11.22418
48369,12.43223
48390,12.05691
48411,12.28914
48432,11.28282
48453,12.27272
48474,11.29924
48495,11.63937
48516,11.43529
48537,11.41418
48558,11.11393
48579,11.00134
48600,10.89578
48621,10.76676
48642,11.04121
48663,11.34381
48684,10.72923
48705,10.99899
48726,11.18196
48747,10.79491
48768,10.68935
48789,10.92627
48810,10.90047
48831,10.91454
48852,10.59318
48873,10.42429
48894,10.48762
48915,10.29996
48936,10.21786
48957,10.2507
48978,9.917608
48999,10.02551
49020,9.748716
49041,9.619701
49062,9.579824
49083,9.420315
49104,9.293646
49125,8.981664
49146,8.864378
49167,8.622768
49188,8.897219
49209,8.667336
49230,8.376467
49251,8.367084
49272,8.472641
49293,8.336589
49314,8.167697
49335,8.090288
49356,8.17708
49377,8.048065
49398,7.881518
49419,7.750158
49440,7.77127
49461,7.825221
49482,7.782998
49503,7.851024
49524,7.571883
49545,7.822875
49566,7.731392
49587,7.832259
49608,7.658674
49629,7.597685
49650,8.083251
49671,8.026954
49692,7.722009
49713,8.097325
49734,8.378813
49755,8.247452
49776,8.266218
49797,8.6603
49818,8.64388
49839,8.550051
49860,8.639189
49881,8.993393
49902,9.138828
49923,9.232656
49944,9.542293
49965,9.441426
49986,9.600936
50007,9.800323
50028,9.812052
50049,9.997364
50070,10.1428
50091,10.52515
50112,10.29762
50133,10.53923
50154,10.65651
50175,10.88874
50196,10.94504
50217,10.95911
50238,10.98492
50259,10.95911
50280,11.06467
50301,10.91923
50322,11.04356
50343,11.00368
50364,10.99664
50385,11.27109
50406,11.27578
50427,11.46579
50448,11.09047
50469,11.24529
50490,11.20541
50511,11.1022
50532,11.22418
50553,11.128
50574,11.37196
50595,11.22183
50616,11.1327
50637,11.01541
50658,10.97319
50679,11.49394
50700,11.35319
50721,11.27109
50742,10.98022
50763,11.35554
50784,11.41184
50805,10.96615
50826,10.87936
50847,11.18899
50868,10.81368
50889,10.65886
50910,10.79491
50931,10.37972
50952,10.2249
50973,9.80736
50994,9.657233
51015,9.537601
51036,9.650196
51057,9.380438
51078,9.019196
51099,8.955861
51120,8.890181
51141,8.836229
51162,8.662645
51183,8.564125
51204,8.594619
51225,8.604002
51246,8.348318
51267,8.259181
51288,8.231031
51309,8.120783
51330,7.998805
51351,7.764232
51372,7.790035
51393,7.689169
51414,7.330273
51435,7.053477
51456,6.98076
51477,7.358422
51498,7.37015
51519,7.191875
51540,6.82125
51561,7.04644
51582,7.065206
51603,-11.91876
51624,8.496099
51645,5.610856
51666,7.154344
51687,6.987797
51708,7.515585
51729,7.273975
51750,7.848678
51771,8.026954
51792,7.482745
51813,7.93547
51837,8.099671
51862,7.883864
51883,7.858061
51904,8.338935
51925,8.589928
51946,8.458567
51967,8.946478
51988,8.683757
52009,9.462538
52030,9.415624
52051,9.396858
52072,9.868348
52093,9.962177
52114,10.18033
52135,10.45009
52156,10.58614
52177,10.67762
52198,10.94738
52219,11.21714
52240,11.44937
52261,11.57838
52282,11.20072
52303,11.34616
52324,11.35788
52345,11.47048
52366,11.28986
52387,11.44702
52408,11.4306
52429,11.52443
52450,11.51036
52471,11.26171
52492,11.14442
52513,12.16482
52534,12.35716
52555,11.85049
52576,10.77849
52597,11.75197
52618,11.16554
52639,10.54861
52660,10.75034
52681,10.48997
52702,10.09119
52723,10.08181
52744,9.952795
52765,9.931683
52786,9.554022
52807,9.652542
52828,9.61501
52849,9.596244
52870,9.556367
52891,9.436735
52912,9.436735
52933,9.35698
52954,8.878452
52975,8.90191
52996,8.796351
53017,8.669683
53038,8.56647
53059,8.425727
53080,8.038682
53101,7.85337
53122,7.689169
53143,7.428793
53164,7.313853
53185,7.346693
53206,7.044094
53227,6.889277
53248,6.915079
53269,7.03002
53290,6.915079
53311,6.797793
53332,6.617172
53353,6.947919
53374,7.161381
53395,7.149652
53416,7.121503
53437,7.379533
53458,6.471737
53479,7.46867
53501,7.060514
53522,6.767299
53543,6.605443
53564,6.908042
53585,6.607789
53606,6.973722
53627,6.746187
53648,7.259901
53669,7.114466
53690,7.393607
53711,7.524968
53732,7.555463
53753,7.646946
53774,8.041028
53795,8.294367
53816,8.604002
53837,8.95117
53858,9.314757
53879,9.706493
53900,9.692419
53921,10.07243
53942,10.25774
53963,10.07946
53984,10.44305
54005,10.59552
54026,10.7175
54047,10.94035
54068,10.85824
54089,10.8817
54110,10.94973
54131,11.15615
54152,11.13739
54173,11.88098
54194,11.53851
54215,11.76135
54236,11.57369
54257,11.44233
54278,11.25702
54299,11.84111
54320,12.16012
54341,11.17492
54362,11.27813
54383,10.53688
54404,12.19062
54425,10.90751
54446,10.64713
54467,10.44774
54488,10.35861
54509,10.34922
54530,10.18737
54551,10.10996
54572,10.39145
54593,10.2765
54614,10.30935
54635,10.21083
54656,10.3891
54677,10.29762
54698,10.28354
54719,10.29292
54740,10.11934
54761,10.00675
54782,9.955141
54803,9.997364
54824,9.762791
54845,9.546985
54866,9.378092
54887,9.24204
54908,9.059073
54929,8.789314
54950,8.702522
54971,8.575853
54992,8.40227
55013,8.432764
55034,8.315477
55055,8.102016
55076,8.066831
55097,7.86979
55118,7.876827
55139,7.890902
55160,7.799418
55181,7.825221
55202,7.508548
55223,7.37015
55244,7.714972
55265,7.306816
55286,7.417065
55307,7.391262
55328,7.269284
55349,7.065206
55370,7.23879
55391,7.33731
55412,6.933845
55433,7.276321
55454,7.398299
55475,7.553117
55496,7.529659
55517,7.66102
55538,7.897939
55559,7.639909
55580,8.254489
55601,8.245107
55622,8.683757
55643,8.259181
55664,8.664991
55685,8.976973
55706,8.869069
55727,9.213891
55748,9.345251
55769,9.453156
55790,9.575133
55811,9.805015
55832,10.33749
55853,10.29996
55874,10.15687
55895,10.60022
55916,10.8301
55937,10.83479
55958,11.0764
55979,11.60653
56000,11.4611
56021,11.22887
56042,11.48456
56063,11.38134
56084,11.43764
56105,11.26171
56126,11.33912
56147,11.23122
56168,11.2101
56189,11.09282
56210,11.18196
56231,11.2406
56252,11.07874
56273,11.0506
56294,11.67221
56315,11.49394
56336,11.3485
56357,11.03887
56378,11.18196
56399,11.40715
56420,11.21949
56441,11.24529
56462,11.16084
56483,10.99195
56504,10.91689
56525,10.95911
56546,10.94269
56567,10.91923
56588,10.80664
56609,10.92862
56630,10.73627
56651,10.70343
56672,10.55565
56693,10.51577
56714,10.34219
56735,10.37033
56756,10.03959
56777,10.07712
56798,9.842546
56819,9.495378
56840,9.288955
56861,9.035616
56882,8.892527
56903,8.728326
56924,8.730671
56945,8.491407
56966,8.444492
56987,8.252144
57008,8.080905
57029,8.184117
57050,8.012879
57071,8.125474
57092,8.099671
57113,7.778307
57134,8.066831
57155,7.820529
57176,7.841641
57197,7.722009
57218,7.656329
57239,7.775961
57260,7.764232
57281,7.764232
57302,7.705589
57323,7.553117
57344,7.567191
57365,7.569537
57386,7.696206
57407,7.588303
57428,7.757195
57449,7.700898
57470,7.691514
57491,7.799418
57512,7.991767
57533,7.672749
57554,7.872136
57575,8.20992
57596,8.050411
57617,8.613385
57638,8.550051
57659,8.561779
57680,9.002776
57701,9.037962
57722,9.122408
57743,9.206854
57764,9.493032
57785,9.521181
57806,9.640813
57827,9.77452
57848,9.493032
57869,10.05601
57890,10.15922
57911,10.48528
57932,10.57441
57953,10.76911
57974,10.99195
57995,10.99664
58016,11.28751
58037,11.57135
58058,11.32739
58079,11.24998
58100,11.33912
58121,11.83407
58142,11.71209
58163,11.64406
58184,11.64406
58205,11.24529
58226,11.04356
58247,11.77073
58268,11.64641
58289,11.64172
58310,11.71913
58331,11.54085
58352,11.55023
58373,11.5432
58394,11.46813
58415,11.46579
58436,11.49628
58457,11.0201
58478,10.77614
58499,10.56972
58520,10.45713
58541,10.42663
58562,9.683037
58583,9.544639
58604,9.725259
58625,9.603281
58646,9.375746
58667,9.368709
58688,9.281918
58709,8.967589
58730,8.925366
58751,8.803389
58772,8.714252
58793,8.700177
58814,8.510174
58835,8.510174
58856,8.338935
58877,8.038682
58898,7.907322
58919,7.90263
58940,7.679786
58961,7.632872
58982,7.473362
59003,7.440522
59024,7.344347
59045,7.37015
59066,7.278666
59087,7.053477
59108,7.461633
59129,7.623489
59150,7.349039
59171,7.536696
59192,7.553117
59213,7.194221
59234,7.161381
59255,7.311507
59276,7.5625
59297,7.405336
59318,7.356076
59339,7.184838
59360,7.447559
59381,7.083972
59402,6.931499
59423,7.147306
59444,7.266938
59465,7.54608
59486,7.398299
59507,7.520277
59528,7.848678
59549,7.832259
59570,8.01757
59591,8.53363
59612,8.923021
59633,9.145865
59654,9.612664
59675,9.755754
59696,9.66427
59717,10.25774
59738,10.28354
59759,10.86294
59780,11.10455
59801,11.2922
59822,11.44233
59843,11.60184
59864,11.91382
59885,12.10617
59906,12.18827
59927,12.10148
59948,12.71841
59969,12.73248
59990,12.60112
60011,12.79816
60032,13.0257
60053,12.80051
60074,12.63631
60095,12.66446
60116,12.74186
60137,11.71209
60158,12.32902
60179,11.74962
60200,12.06864
60221,11.65579
60242,11.41184
60263,11.31332
60284,11.05998
60305,10.74096
60326,10.62133
60347,11.03652
60368,11.28517
60389,10.40317
60410,10.73158
60431,10.28354
60452,10.27181
60473,9.821435
60494,10.0044
60515,9.490686
60536,9.375746
60557,9.335869
60578,9.321795
60599,8.847958
60620,8.737708
60641,8.425727
60662,8.350664
60683,8.277946
60704,8.01757
60725,7.904976
60746,7.635218
60767,7.752503
60788,7.54608
60809,8.001151
60830,7.407681
60851,7.583611
60872,7.529659
60893,7.51324
60914,7.618797
60935,7.604722
60956,7.534351
60977,7.588303
60998,7.37015
61019,7.426448
61040,7.398299
61061,7.250518
61082,7.241135
61103,7.203603
61124,7.250518
61145,7.602377
61166,7.625834
61187,7.576574
61208,7.7267
61229,7.752503
61250,7.841641
61271,8.17708
61292,8.1935
61313,8.388196
61334,8.446838
61355,8.986356
61376,8.836229
61397,9.073148
61418,9.542293
61439,9.985635
61460,10.2812
61481,10.36564
61502,10.41256
61523,10.68935
61544,10.77145
61565,11.34616
61586,11.20776
61607,11.44702
61628,11.62764
61649,11.55493
61670,12.66915
61691,12.0616
61712,13.08668
61733,11.68863
61754,12.24926
61775,12.38766
61796,12.15778
61817,12.46272
61838,12.39704
61859,12.03815
61880,11.53616
61901,11.95839
61922,11.83407
61943,11.81061
61964,11.79184
61985,11.42357
62006,11.62764
62027,11.37196
62048,11.30393
62069,11.26171
62090,11.32974
62111,11.0459
62132,10.90516
62153,10.92627
62174,10.88405
62195,10.88405
62216,10.81368
62237,10.64009
62258,10.41256
62279,10.43132
62300,10.29292
62321,10.17564
62342,10.48762
62363,10.29996
62384,10.08885
62405,9.720568
62426,9.744025
62447,9.56575
62468,9.310066
62489,9.066111
62510,9.176359
62531,9.077839
62552,9.622047
62573,8.381159
62594,8.245107
62615,8.292021
62636,8.355355
62657,9.239694
62678,8.102016
62699,8.125474
62720,8.261526
62741,7.316199
62762,7.736084
62783,7.799418
62804,7.73843
62825,8.003496
62846,8.317823
62867,8.003496
62888,7.996459
62909,7.801764
62930,8.022263
62951,7.794726
62972,8.01757
62993,8.010533
63014,8.231031
63035,8.001151
63056,8.639189
63077,8.254489
63098,8.45153
63119,8.491407
63140,8.756474
63161,8.761166
63182,8.765858
63203,8.876106
63224,8.843266
63245,9.260805
63266,9.48834
63287,9.25846
63308,9.457847
63329,9.661925
63350,10.0302
63371,9.708839
63392,10.03255
63413,10.2249
63434,10.12403
63455,10.15453
63476,10.22959
63497,11.03417
63518,10.30935
63539,10.49466
63560,10.61664
63581,10.64947
63602,10.71516
63623,10.88405
63644,11.06232
63665,11.05529
63686,11.17023
63707,11.25467
63728,11.28751
63749,11.23122
63770,11.3485
63791,11.42826
63812,11.57135
63833,11.37665
63854,11.42122
63875,11.37665
63896,11.58073
63917,11.71678
63938,11.49628
63959,11.61591
63980,11.64876
64001,11.36023
64022,11.45875
64043,11.2969
64064,11.4048
64085,11.5127
64106,11.63234
64127,11.51974
64148,11.14442
64169,10.9943
64190,10.84183
64211,10.72454
64232,10.65417
64253,10.81602
64274,10.83713
64295,10.59787
64316,10.33046
64337,10.24601
64358,10.07946
64379,10.26008
64400,9.941067
64421,10.04662
64442,9.79094
64463,9.556367
64484,9.542293
64505,9.371055
64526,8.960552
64547,8.972281
64568,9.002776
64589,8.826846
64610,8.777586
64631,8.397578
64652,8.296712
64673,8.303749
64694,8.083251
64715,8.059793
64736,8.050411
64757,8.104362
64778,8.057447
64799,7.975348
64820,7.954236
64841,7.93547
64862,7.83695
64883,7.947199
64904,8.001151
64925,8.085596
64946,8.247452
64967,8.033991
64988,7.860407
65009,7.782998
65030,7.933125
65051,7.888556
65072,7.714972
65093,7.689169
65114,8.005842
65135,7.642255
65156,7.846333
65177,7.780652
65198,7.822875
65219,7.745467
65240,7.745467
65261,8.163006
65282,8.399924
65303,8.388196
65324,8.444492
65345,8.463259
65366,8.852649
65387,8.920675
65408,9.683037
65429,8.866723
65450,9.692419
65471,9.349943
65492,9.673654
65513,9.729951
65534,10.17798
65555,10.08181
65576,10.20379
65597,10.2507
65618,10.51811
65639,10.70812
65660,10.89812
65681,11.25702
65702,11.35788
65723,11.44702
65744,11.29924
65765,11.60888
65786,11.62061
65807,11.78246
65828,11.67925
65849,11.64406
65870,11.67925
65891,11.30393
65912,11.35319
65933,11.27813
65954,11.15381
65975,11.30159
65996,11.50566
66017,11.60888
66038,11.34381
66059,11.14208
66080,11.17257
66101,11.28986
66122,11.33677
66143,11.14208
66164,11.17726
66185,10.94973
66206,10.89578
66227,10.76442
66248,10.8301
66269,10.69404
66290,10.58849
66311,10.36799
66332,10.35861
66353,10.33515
66374,10.27416
66395,10.13576
66416,10.17798
66437,10.07477
66458,9.882422
66479,9.880077
66500,9.711185
66521,9.490686
66542,9.218582
66563,9.13179
66584,8.838574
66605,8.859686
66626,8.927712
66647,8.571162
66668,8.397578
66689,8.306095
66710,8.608693
66731,8.113746
66752,8.228686
66773,8.041028
66794,8.294367
66815,8.069177
66836,8.019917
66857,7.93547
66878,7.926087
66899,8.080905
66920,8.322515
66941,8.146585
66962,8.069177
66983,8.118437
67004,8.184117
67025,7.970656
67046,8.137203
67067,8.235723
67088,8.1114
67109,8.130166
67130,8.076214
67151,8.249798
67172,8.240415
67193,8.219303
67214,8.148932
67235,8.317823
67256,8.303749
67277,8.345972
67298,8.449184
67319,8.521902
67340,8.740054
67361,8.634497
67382,8.578199
67403,9.080185
67424,8.794006
67445,8.993393
67466,8.993393
67487,9.253768
67508,9.539948
67529,9.199817
67550,9.722914
67571,9.636122
67592,9.809706
67613,9.612664
67634,9.952795
67655,9.762791
67676,9.943413
67697,10.24601
67718,10.2812
67739,10.44071
67760,10.69404
67781,10.75034
67802,10.92862
67823,11.07405
67844,11.12566
67865,11.11158
67886,11.0764
67907,11.20776
67928,11.38838
67949,11.28517
67970,11.35554
67991,11.41184
68012,11.32739
68033,11.47283
68054,11.29455
68075,11.40011
68096,11.52678
68117,11.3485
68138,11.30862
68159,11.35085
68180,11.31801
68201,11.2406
68222,11.24529
68243,11.16788
68264,11.0201
68285,10.85121
68306,10.67997
68327,10.6659
68348,10.39145
68369,10.30231
68390,10.02551
68411,10.2249
68432,10.03255
68453,9.673654
68474,9.797977
68495,10.00909
68516,9.521181
68537,9.690074
68558,9.739333
68579,9.638468
68600,9.50007
68621,9.396858
68642,9.249077
68663,9.199817
68684,9.08253
68705,8.95117
68726,8.662645
68747,8.765858
68768,8.613385
68789,8.299058
68810,8.066831
68831,8.036337
68852,8.141894
68873,8.048065
68894,7.923741
68915,7.879173
68936,7.85337
68957,7.914359
68978,7.811147
68999,8.015225
69020,8.045719
69041,7.942507
69062,8.388196
69083,7.625834
69104,7.710281
69125,7.942507
69146,7.851024
69167,7.731392
69188,7.506203
69209,7.452251
69230,7.410028
69251,7.417065
69272,7.400644
69293,7.35373
69314,7.550771
69335,7.501511
69356,7.553117
69377,7.7267
69398,7.811147
69419,8.198192
69440,8.137203
69461,8.148932
69482,8.343626
69503,8.472641
69524,8.601656
69545,8.810426
69566,9.014504
69587,9.155248
69608,9.270188
69629,9.48834
69650,9.563404
69671,9.85662
69692,9.863657
69713,10.08181
69734,10.30231
69755,10.49231
69776,10.83479
69797,10.86528
69818,11.03183
69839,11.35554
69860,11.39776
69881,11.83172
69902,11.89506
69923,11.9537
69944,11.70036
69965,11.34381
69986,10.97788
70007,11.44937
70028,12.44161
70049,11.86456
70070,11.31097
70091,11.08813
70112,10.95442
70133,10.77849
70154,10.80429
70175,11.55962
70196,10.10996
70217,10.81837
70238,11.20307
70259,10.75034
70280,10.90751
70301,10.70577
70322,10.91923
70343,10.64713
70364,10.77849
70385,10.2812
70406,10.45947
70427,10.41256
70448,10.21552
70469,10.18033
70490,10.0865
70511,10.23897
70532,10.05601
70553,9.980944
70574,10.01613
70595,9.882422
70616,10.17329
70637,9.77452
70658,9.586862
70679,9.378092
70700,9.084876
70721,8.923021
70742,8.6603
70763,8.782278
70784,8.482024
70805,8.263872
70826,8.174734
70847,7.928433
70868,7.968311
70889,7.958928
70910,7.743121
70931,7.682132
70952,7.80411
70973,7.757195
70994,7.761887
71015,7.855715
71036,7.597685
71057,7.947199
71078,7.712626
71099,7.761887
71120,7.822875
71141,7.602377
71162,7.621143
71183,7.494474
71204,7.571883
71225,7.419411
71246,7.501511
71267,7.829913
71288,7.858061
71309,7.684478
71330,7.797072
71351,8.322515
71372,7.637563
71393,8.170043
71414,7.996459
71435,8.174734
71456,8.360046
71477,8.317823
71498,8.754128
71519,9.042653
71540,8.927712
71561,8.880798
71582,8.930058
71603,9.218582
71624,9.220928
71645,9.41797
71666,9.150557
71687,9.35698
71708,9.509453
71729,9.645505
71750,9.605627
71771,9.713531
71792,9.882422
71813,9.926992
71834,10.24836
71855,10.36095
71876,10.45478
71897,10.69639
71918,10.9943
71939,11.18899
71960,11.19368
71981,11.18899
72002,10.98492
72023,10.99195
72044,10.96615
72065,10.96146
72086,10.76911
72107,11.21714
72128,11.04825
72149,11.14677
72170,11.20307
72191,11.13035
72212,10.92627
72233,11.17492
72254,11.22183
72275,11.26406
72296,11.01306
72317,10.67528
72338,10.64947
72359,10.37268
72380,10.17564
72401,10.48997
72422,9.844892
72443,10.09354
72464,9.483649
72485,9.511798
72506,9.572787
72527,9.35698
72548,9.232656
72569,9.220928
72590,9.385129
72611,9.617355
72632,9.183396
72653,9.124753
72674,9.115371
72695,8.946478
72716,8.646226
72737,8.923021
72758,8.62746
72779,8.449184
72800,8.167697
72821,8.1114
72842,7.987076
72863,7.693861
72884,7.841641
72905,7.574229
72926,7.393607
72947,7.424102
72968,7.323236
72989,7.227061
73010,6.976068
73031,7.524968
73052,7.482745
73073,7.40299
73094,7.381879
73115,7.560154
73136,7.166072
73157,7.130886
73178,7.503857
73199,7.874481
73220,7.656329
73241,7.4804
73262,7.367805
73283,7.107429
73304,6.917425
73325,6.823596
73346,6.743841
73367,6.844707
73388,6.889277
73409,7.175455
73430,6.938537
73451,7.271629
73472,7.414719
73493,7.686823
73514,8.146585
73535,8.327207
73556,8.362392
73577,8.56647
73598,8.789314
73619,9.084876
73640,9.244386
73661,9.422661
73682,9.638468
73703,9.708839
73724,9.823779
73745,9.98798
73766,9.917608
73787,10.16626
73808,10.2765
73829,10.4712
73850,10.64244
73871,10.68935
73892,10.90751
73913,11.04825
73934,11.46579
73955,11.49628
73976,11.55493
73997,11.77073
74018,11.72851
74039,11.38838
74060,11.2101
74081,12.13667
74102,11.22652
74123,11.27813
74144,11.19838
74165,10.81133
74186,10.60022
74207,10.30935
74228,10.57676
74249,10.67997
74270,10.72688
74291,10.40552
74312,10.497
74333,10.54392
74354,10.58145
74375,10.75034
74396,10.37033
74417,10.45713
74438,10.49231
74459,10.34688
74480,10.39848
74501,10.32576
74522,10.1123
74543,9.957487
74564,9.844892
74585,9.962177
74606,9.896498
74627,9.751062
74648,9.729951
74669,9.90588
74690,9.521181
74711,9.403895
74732,9.260805
74753,9.113025
74774,9.091913
74795,8.969935
74816,8.503136
74837,8.69314
74858,8.383504
74879,8.008188
74900,8.052756
74921,7.832259
74942,7.888556
74963,7.768924
74984,7.766578
75005,7.625834
75026,7.576574
75047,7.543734
75068,7.602377
75089,7.346693
75110,7.379533
75131,7.963619
75152,7.794726
75173,7.752503
75194,7.679786
75215,7.811147
75236,7.73843
75257,7.834604
75278,7.916704
75299,8.043374
75320,7.963619
75341,7.975348
75362,8.064485
75383,8.106709
75404,8.134857
75425,7.855715
75446,8.524248
75467,8.486716
75488,8.521902
75509,8.657954
75530,8.998084
75551,8.810426
75572,8.723634
75593,9.176359
75614,9.272534
75635,9.415624
75656,9.462538
75677,9.678345
75698,9.823779
75719,9.697111
75740,9.835509
75761,10.00206
75782,10.00675
75803,9.978598
75824,10.12169
75845,10.2765
75866,10.56034
75887,9.809706
75908,10.35861
75929,10.41725
75950,10.59318
75971,10.84183
75992,10.90047
76013,10.89812
76034,11.04356
76055,11.39073
76076,11.02479
76097,11.10924
76118,11.1327
76139,11.379
76160,11.11862
76181,11.01306
76202,11.00837
76223,11.01775
76244,10.80899
76265,10.95911
76286,10.90516
76307,10.95677
76328,11.06936
76349,10.99195
76370,10.93096
76391,11.17023
76412,10.83479
76433,10.73627
76454,10.87232
76475,10.59318
76496,10.20613
76517,10.0044
76538,10.17564
76559,10.36564
76580,9.185742
76601,9.504761
76622,9.178705
76643,9.48834
76664,9.30772
76685,8.967589
76706,8.789314
76727,8.611039
76748,8.489061
76769,8.789314
76790,8.421036
76811,8.796351
76832,8.388196
76853,8.341281
76874,8.399924
76895,8.259181
76916,8.06214
76937,8.059793
76958,7.921396
76979,7.825221
77000,7.811147
77021,7.904976
77042,7.649292
77063,7.454596
77084,7.560154
77105,7.541389
77126,7.57892
77147,7.696206
77168,7.173109
77189,7.705589
77210,7.442868
77231,7.524968
77252,7.754849
77273,7.893247
77294,7.827567
77315,7.785344
77336,7.689169
77357,7.466325
77378,7.576574
77399,7.388916
77420,8.395233
77441,5.667153
77462,7.407681
77483,7.191875
77504,7.38657
77525,7.553117
77546,7.855715
77567,7.775961
77588,7.834604
77609,8.20992
77630,8.399924
77651,8.599311
77672,8.779932
77693,8.981664
77714,9.366363
77735,9.453156
77756,9.701802
77777,9.77452
77798,9.978598
77819,10.1428
77840,10.20379
77861,10.34219
77882,10.55565
77903,10.46885
77924,10.79022
77945,10.90281
77966,11.00134
77987,11.33912
78008,11.47283
78029,11.42122
78050,11.47283
78071,11.69332
78092,11.88098
78113,11.87395
78134,11.91148
78155,12.2
78176,11.22183
78197,11.4611
78218,11.68863
78239,11.23122
78260,11.06467
78281,10.88405
78302,10.84183
78323,10.79022
78344,10.74565
78365,10.39848
78386,10.53453
78407,10.54626
78428,10.64478
78449,10.61898
78470,10.70577
78491,10.56738
78512,10.5533
78533,10.52046
78554,10.57676
78575,10.53923
78596,10.37268
78617,10.2507
78638,10.25539
78659,10.05366
78680,9.851928
78701,9.915263
78722,9.732296
78743,9.753407
78764,9.305374
78785,9.387475
78806,9.164631
78827,8.955861
78848,8.965244
78869,8.794006
78890,8.519556
78911,8.650917
78932,8.493753
78953,8.242761
78974,8.254489
78995,8.350664
79016,8.165352
79037,8.137203
79058,8.055102
79079,7.928433
79100,8.219303
79121,7.818184
79142,8.317823
79163,8.334244
79184,7.867445
79205,7.764232
79226,7.872136
79247,7.928433
79268,7.883864
79289,7.977693
79310,8.289675
79331,8.174734
79352,7.797072
79373,8.06214
79394,8.102016
79415,8.174734
79436,8.20992
79457,8.362392
79478,8.397578
79499,8.102016
79520,8.20992
79541,8.263872
79562,8.353009
79583,8.214611
79604,8.535976
79625,8.465604
79646,8.362392
79667,8.383504
79688,8.768204
79709,8.779932
79730,8.730671
79751,8.98401
79772,8.991047
79793,9.127099
79814,9.41797
79835,9.467229
79856,9.809706
79877,9.85662
79898,9.816743
79919,9.887115
79940,9.950449
79961,9.80736
79982,9.962177
80003,9.889461
80024,10.89343
80045,9.298337
80066,10.17095
80087,10.21552
80108,10.41256
80129,10.28823
80150,10.62133
80171,10.49935
80192,10.57441
80213,10.92862
80234,11.33208
80255,10.20613
80276,11.49159
80297,10.95207
80318,10.94973
80339,11.11158
80360,10.95911
80381,10.47355
80402,10.67997
80423,11.43764
80444,11.22183
80465,10.5791
80486,10.79256
80507,10.94973
80528,10.77145
80549,10.65182
80570,10.75972
80591,10.64009
80612,10.54626
80633,10.41256
80654,10.307
80675,10.43601
80696,9.809706
80717,9.868348
80738,9.706493
80759,9.898843
80780,8.876106
80801,9.364017
80822,8.833883
80843,9.321795
80864,8.714252
80885,9.005121
80906,8.883143
80927,8.815118
80948,8.664991
80969,8.634497
80990,8.768204
81011,8.674374
81032,8.836229
81053,8.500791
81074,8.477333
81095,8.41869
81116,8.40227
81137,8.296712
81158,8.296712
81179,8.048065
81200,8.005842
81221,8.146585
81242,7.975348
81263,7.808801
81284,7.799418
81305,7.85337
81326,7.686823
81347,8.031645
81368,7.787689
81389,8.41869
81410,8.010533
81431,7.989422
81452,8.012879
81473,8.223994
81494,7.965965
81515,7.790035
81536,7.80411
81557,7.672749
81578,7.517931
81599,7.524968
81620,7.757195
81641,7.574229
81662,7.28805
81683,7.302124
81704,7.496819
81725,7.510894
81746,7.38657
81767,7.522622
81788,7.442868
81809,8.010533
81830,8.268563
81851,8.012879
81872,8.228686
81893,8.686103
81914,8.768204
81935,9.012158
81956,9.460192
81977,9.762791
81998,9.880077
82019,10.117
82040,10.4454
82061,10.40552
82082,10.77614
82103,10.92393
82124,11.24295
82145,11.4869
82166,11.39542
82187,11.70974
82208,11.98419
82229,11.93962
82250,11.94666
82271,12.41815
82292,12.42988
82313,12.31025
82334,12.31025
82355,12.24457
82376,12.22815
82397,11.98185
82418,11.8153
82439,11.77777
82460,11.90209
82481,11.66987
82502,11.38838
82523,10.94504
82544,11.32974
82565,11.55493
82586,11.42591
82607,11.53147
82628,11.03887
82649,11.06232
82670,11.34616
82691,11.19368
82712,10.94269
82733,10.75034
82754,10.64009
82775,10.52515
82796,10.51811
82817,10.24601
82838,9.917608
82859,9.812052
82880,9.769828
82901,9.338214
82922,9.59859
82943,9.091913
82964,8.702522
82985,8.789314
83006,8.72598
83027,8.313132
83048,8.582891
83069,8.024608
83090,8.01757
83111,8.158315
83132,7.790035
83153,7.773615
83174,7.750158
83195,8.092634
83216,8.38585
83237,7.682132
83258,7.656329
83279,7.665711
83300,7.475708
83321,7.600031
83342,7.632872
83363,7.846333
83384,7.696206
83405,7.522622
83426,7.459288
83447,7.543734
83468,7.759541
83489,8.045719
83510,8.219303
83531,8.134857
83552,8.113746
83573,8.256835
83594,8.282638
83615,8.550051
83636,8.364738
83657,8.446838
83678,8.803389
83699,8.854995
83720,8.836229
83741,8.979319
83762,9.235003
83783,9.349943
83804,9.525873
83825,9.673654
83846,9.938721
83867,10.16626
83888,10.24132
83909,10.62836
83930,10.62602
83951,10.76442
83972,10.94035
83993,10.86059
84014,11.10689
84035,11.36023
84056,11.37431
84077,11.32035
84098,11.4306
84119,11.37431
84140,11.38369
84161,11.23122
84182,11.27578
84203,11.14208
84224,11.42826
84245,11.60653
84266,11.52443
84287,11.55023
84308,11.12566
84329,11.43764
84350,11.61826
84371,11.51505
84392,11.28517
84413,11.55023
84434,11.21714
84455,11.35554
84476,11.31801
84497,11.23825
84518,11.17961
84539,11.31097
84560,10.76676
84581,10.98726
84602,10.91689
84623,10.92393
84644,10.76676
84665,10.5838
84686,10.39145
84707,10.45244
84728,10.11934
84749,9.990326
84770,10.38675
84791,9.54933
84812,9.793285
84833,9.497724
84854,9.305374
84875,9.213891
84896,8.941787
84917,8.899564
84938,8.702522
84959,8.683757
84980,8.540668
85001,8.573507
85022,8.399924
85043,8.38585
85064,8.45153
85085,8.261526
85106,8.28733
85127,8.28733
85148,8.378813
85169,8.198192
85190,8.083251
85211,7.937816
85232,8.17708
85253,8.052756
85274,8.071522
85295,8.019917
85316,7.996459
85337,8.031645
85358,7.897939
85379,7.989422
85400,8.080905
85421,7.890902
85442,7.759541
85463,8.001151
85484,8.080905
85505,8.240415
85526,7.954236
85547,8.252144
85568,8.153623
85589,7.947199
85610,7.958928
85631,7.88621
85652,8.048065
85673,8.036337
85694,8.336589
85715,8.327207
85736,8.362392
85757,8.618076
85778,8.972281
85799,9.148211
85820,9.206854
85841,9.690074
85862,9.626739
85883,9.748716
85904,10.13811
85925,10.14749
85946,10.41725
85967,10.45478
85988,10.80429
86009,10.85355
86030,11.09047
86051,11.07874
86072,11.22652
86093,11.25702
86114,11.38603
86135,11.47752
86156,11.47048
86177,11.93962
86198,11.8153
86219,11.84814
86240,11.76604
86261,11.57369
86282,11.47752
86303,12.01469
86324,12.04518
86345,11.61357
86366,11.65814
86387,11.78481
86408,11.72851
86429,11.61591
86450,11.56431
86471,11.34381
86492,11.38603
86513,11.26406
86534,11.06701
86555,10.94504
86576,10.62133
86597,10.61664
86618,10.58145
86639,10.46182
86660,10.43601
86681,10.48293
86702,10.41021
86723,10.12403
86744,10.12638
86765,10.34219
86786,9.739333
86807,10.12638
86828,9.633776
86849,9.706493
86870,9.600936
86891,9.305374
86912,9.23031
86933,8.998084
86954,8.904256
86975,8.913638
86996,8.711905
87017,8.613385
87038,8.38585
87059,8.45153
87080,8.1114
87101,8.083251
87122,7.980039
87143,7.975348
87164,8.245107
87185,8.16066
87206,7.855715
87227,8.266218
87248,8.151278
87269,7.909667
87290,7.987076
87311,8.083251
87332,7.989422
87353,7.963619
87374,7.766578
87395,7.848678
87416,7.663366
87437,7.602377
87458,7.740775
87479,7.90263
87500,7.722009
87521,7.73843
87542,7.651637
87563,7.7267
87584,7.949544
87605,8.008188
87626,7.890902
87647,8.071522
87668,8.031645
87689,8.519556
87710,8.608693
87731,8.618076
87752,8.770549
87773,9.014504
87794,9.216236
87815,9.216236
87836,9.59859
87857,9.676
87878,9.840199
87899,10.307
87920,9.769828
87941,10.36799
87962,10.64713
87983,10.86294
88004,10.87467
88025,11.4611
88046,11.32974
88067,11.62061
88088,11.67456
88109,11.74727
88130,11.95839
88151,12.08506
88172,11.80357
88193,11.93962
88214,11.75666
88235,11.63468
88256,11.77542
88277,11.74024
88298,11.48221
88319,11.38134
88340,11.45875
88361,11.43764
88382,11.52443
88403,11.44233
88424,11.34616
88445,11.0201
88466,11.24763
88487,11.26406
88508,11.25936
88529,11.23122
88550,11.20307
88571,10.8817
88592,10.81368
88613,10.74096
88634,10.51108
88655,10.43836
88676,10.51342
88697,11.25467
88718,9.910572
88739,10.68466
88760,10.0044
88781,10.62602
88802,9.708839
88823,9.833163
88844,9.457847
88865,9.263151
88886,9.331178
88907,9.030925
88928,8.796351
88949,8.862032
88970,8.486716
88991,8.40227
89012,8.489061
89033,8.106709
89054,8.158315
89075,8.205229
89096,7.736084
89117,8.06214
89138,7.874481
89159,7.970656
89180,7.991767
89201,8.038682
89222,7.994113
89243,7.968311
89264,7.754849
89285,7.848678
89306,8.057447
89327,8.587582
89348,8.090288
89369,7.585957
89390,7.782998
89411,7.825221
89432,7.801764
89453,8.094979
89474,8.097325
89495,7.839296
89516,8.118437
89537,8.165352
89558,8.357701
89579,7.88621
89600,8.545359
89621,8.962898
89642,8.662645
89663,8.697831
89684,8.904256
89705,9.066111
89726,9.206854
89747,9.087222
89768,9.267843
89789,9.645505
89810,9.80736
89831,9.90588
89852,9.729951
89873,10.08181
89894,9.720568
89915,10.18502
89936,10.31638
89957,10.32342
89978,10.51108
89999,10.74565
90020,10.80195
90041,11.01072
90062,11.10689
90083,11.16084
90104,11.15381
90125,11.25467
90146,11.28048
90167,11.29924
90188,11.66048
90209,11.65345
90230,11.78012
90251,11.3227
90272,11.22418
90293,11.31097
90314,11.28048
90335,11.32739
90356,11.27578
90377,10.87701
90398,11.15146
90419,11.36727
90440,11.47048
90461,11.49863
90482,11.15615
90503,11.07171
90524,11.58542
90545,10.62367
90566,10.63071
90587,10.42429
90608,10.46416
90629,10.2812
90650,10.17798
90671,9.901189
90692,9.755754
90713,9.744025
90734,9.570441
90755,9.561059
90776,9.619701
90797,9.64785
90818,9.225619
90839,9.157594
90860,9.087222
90881,9.059073
90902,8.960552
90923,8.932404
90944,8.854995
90965,8.803389
90986,8.507828
91007,8.543014
91028,8.38585
91049,8.310786
91070,8.106709
91091,8.080905
91112,7.996459
91133,7.668057
91154,7.646946
91175,7.872136
91196,7.822875
91217,7.534351
91238,7.614106
91259,7.581266
91280,7.710281
91301,7.958928
91322,7.975348
91343,7.914359
91364,7.801764
91385,7.679786
91406,7.672749
91427,7.761887
91448,7.618797
91469,7.555463
91490,7.424102
91511,7.388916
91532,7.349039
91553,7.442868
91574,7.553117
91595,7.656329
91616,7.435831
91637,7.602377
91658,7.630526
91679,8.214611
91700,8.399924
91721,8.294367
91742,8.378813
91763,8.857341
91784,8.880798
91805,9.249077
91826,9.673654
91847,9.77452
91868,10.01144
91889,10.34453
91910,10.47824
91931,10.67997
91952,10.92862
91973,11.27813
91994,11.55493
92015,11.52912
92036,11.71913
92057,11.78246
92078,12.10148
92099,12.12963
92120,12.16482
92141,12.26568
92162,12.71606
92183,13.07027
92204,12.97409
92225,10.95677
92246,11.5432
92267,12.48383
92288,12.30556
92309,12.04753
92330,12.13432
92351,12.01938
92372,11.21714
92393,11.5127
92414,11.4048
92435,11.30862
92456,11.14442
92477,11.23122
92498,11.04825
92519,11.44233
92540,10.78787
92561,11.08578
92582,10.73392
92603,10.60491
92624,10.51577
92645,10.54861
92666,10.53923
92687,10.28354
92708,10.12638
92729,9.976252
92750,10.0865
92771,9.495378
92792,9.765137
92813,9.34056
