8819,10.78318
8840,10.81602
8861,10.90281
8882,10.89343
8903,10.88874
8924,10.75034
8945,10.75972
8966,10.73392
8987,10.71516
9008,10.61898
9029,10.46885
9050,10.53688
9071,10.35391
9092,10.36564
9113,10.307
9134,10.41959
9155,10.26008
9176,10.03255
9197,10.07712
9218,10.17095
9239,10.07712
9260,10.05132
9281,10.00675
9302,9.966869
9323,9.995018
9344,9.98798
9365,9.85662
9386,9.823779
9407,9.638468
9428,9.624393
9449,9.59859
9470,9.436735
9491,9.410933
9512,9.509453
9533,9.349943
9554,9.295992
9575,9.202163
9596,9.13179
9617,9.127099
9638,8.920675
9659,9.070802
9680,8.998084
9701,9.026234
9722,9.096604
9743,8.944133
9764,8.948824
9785,8.894873
9806,9.005121
9827,8.913638
9848,8.95117
9869,8.95117
9890,8.948824
9911,8.857341
9932,9.012158
9953,8.955861
9974,8.850304
9995,8.810426
10016,8.920675
10037,8.904256
10058,8.930058
10079,8.920675
10100,8.937096
10121,8.993393
10142,8.962898
10163,9.059073
10184,9.089567
10205,9.09895
10226,9.145865
10247,9.235003
10268,9.281918
10289,9.34056
10310,9.328832
10331,9.378092
10352,9.40624
10373,9.464884
10394,9.460192
10415,9.511798
10436,9.469575
10457,9.485995
10478,9.584516
10499,9.610318
10520,9.558713
10541,9.525873
10562,9.504761
10583,9.467229
10604,9.551676
10625,9.523527
10646,9.471921
10667,9.539948
10688,9.481303
10709,9.483649
10730,9.504761
10751,9.446118
10772,9.448463
10793,9.51649
10814,9.361671
10835,9.436735
10856,9.41797
10877,9.450809
10898,9.58217
10919,9.56575
10940,9.596244
10961,9.610318
10982,9.612664
11003,9.638468
11024,9.732296
11045,9.748716
11066,9.671308
11087,9.830817
11108,9.729951
11129,9.772174
11150,9.751062
11171,9.793285
11192,9.812052
11213,9.943413
11234,9.934029
11255,9.887115
11276,9.957487
11297,9.957487
11318,9.912917
11339,9.990326
11360,9.999709
11381,10.09588
11402,10.03489
11423,10.11934
11444,10.20613
11465,10.15922
11486,10.20848
11507,10.23663
11529,10.24601
11550,10.19675
11571,10.21083
11592,10.21552
11613,10.16391
11634,10.19441
11655,10.16391
11676,10.15922
11697,10.27181
11718,10.31873
11739,10.34453
11760,10.25305
11781,10.29996
11802,10.30231
11823,10.31404
11844,10.36799
11865,10.40317
11886,10.31404
11907,10.23663
11928,10.26478
11949,10.2812
11970,10.38441
11991,10.34453
12012,10.36799
12033,10.27416
12054,10.33515
12075,10.37268
12096,10.4454
12117,10.36095
12138,10.33046
12159,10.22959
12180,10.28589
12201,10.35626
12222,10.41959
12243,10.35626
12264,10.28589
12285,10.32107
12306,10.29527
12327,10.28589
12348,10.30935
12369,10.06773
12390,10.16626
12411,10.21083
12432,10.06539
12453,10.07008
12474,10.12169
12495,10.05132
12516,10.03724
12537,10.00675
12558,9.997364
12579,10.03959
12600,10.05366
12621,10.02317
12642,10.02786
12663,10.13342
12684,10.16391
12705,10.02317
12726,10.06773
12747,10.1686
12768,10.117
12789,10.04428
12810,10.03959
12831,9.936375
12852,10.00909
12873,10.0302
12894,10.03489
12915,9.912917
12936,9.943413
12957,9.79094
12978,9.833163
12999,9.753407
13020,9.722914
13041,9.729951
13062,9.502416
13083,9.546985
13104,9.568096
13125,9.457847
13146,9.399203
13167,9.382783
13188,9.441426
13209,9.345251
13230,9.312411
13251,9.256114
13272,9.211545
13293,9.270188
13314,9.143519
13335,9.148211
13356,9.286609
13377,9.295992
13398,9.216236
13419,9.23031
13440,9.260805
13461,9.321795
13482,9.34056
13503,9.342906
13524,9.326486
13545,9.345251
13566,9.267843
13587,9.38982
13608,9.359325
13629,9.371055
13650,9.359325
13671,9.279572
13692,9.352288
13713,9.349943
13734,9.448463
13755,9.392166
13776,9.392166
13797,9.509453
13818,9.502416
13839,9.495378
13860,9.387475
13881,9.41797
13902,9.361671
13923,9.403895
13944,9.443772
13965,9.410933
13986,9.432044
14007,9.41797
14028,9.354634
14049,9.415624
14070,9.410933
14091,9.333523
14112,9.394512
14133,9.382783
14154,9.310066
14175,9.338214
14196,9.23031
14218,9.403895
14239,9.34056
14260,9.394512
14281,9.328832
14302,9.485995
14323,9.478958
14344,9.401549
14365,9.394512
14386,9.481303
14407,9.551676
14428,9.514144
14449,9.509453
14470,9.558713
14491,9.591553
14512,9.584516
14533,9.59859
14554,9.678345
14575,9.603281
14596,9.640813
14617,9.744025
14638,9.701802
14659,9.74637
14680,9.715877
14701,9.680691
14722,9.816743
14743,9.692419
14764,9.706493
14785,9.722914
14806,9.697111
14827,9.699456
14848,9.74637
14869,9.704147
14890,9.685382
14911,9.704147
14932,9.624393
14953,9.643159
14974,9.633776
14995,9.701802
15016,9.706493
15037,9.631431
15058,9.701802
15079,9.718222
15100,9.77452
15121,9.690074
15142,9.767483
15163,9.80736
15184,9.828471
15205,9.812052
15226,9.863657
15247,9.898843
15268,9.919954
15289,9.917608
15310,10.00675
15331,9.950449
15352,9.976252
15373,10.0044
15394,10.02317
15415,10.05835
15436,10.0607
15457,9.969215
15478,10.04193
15499,9.943413
15520,9.98798
15541,10.11465
15562,10.18268
15583,10.06773
15604,10.07477
15625,10.17329
15646,10.20379
15667,10.08416
15688,10.16156
15709,10.17329
15730,10.13107
15751,10.0607
15772,10.10996
15793,10.1428
15814,10.10527
15835,10.15218
15856,10.1123
15877,10.08416
15898,10.03724
15919,10.14514
15940,10.18268
15961,10.18502
15982,10.18737
16003,10.17329
16024,10.20848
16045,10.23897
16066,10.14984
16087,10.1428
16108,10.23428
16129,10.29996
16150,10.307
16171,10.29058
16192,10.1991
16213,10.24836
16234,10.36564
16255,10.307
16276,10.20144
16297,10.29527
16318,10.26008
16339,10.23663
16360,10.27885
16381,10.307
16402,10.26008
16423,10.29996
16444,10.31873
16465,10.2507
16486,10.15922
16507,10.2507
16528,10.18268
16549,10.18033
16570,10.23428
16591,10.13107
16612,10.13107
16633,10.15218
16654,10.08416
16675,10.05132
16696,10.1123
16717,10.13342
16738,10.18033
16759,10.06305
16780,10.07477
16801,10.13342
16822,10.16626
16843,10.21786
16864,10.09119
16885,10.10527
16906,10.15687
16927,10.04193
16948,10.05366
16969,10.04897
16990,10.01144
17011,9.938721
17032,10.02551
17053,9.898843
17074,9.891806
17095,9.952795
17116,9.629085
17137,9.776865
17158,9.53291
17179,9.528218
17200,9.568096
17221,9.551676
17242,9.481303
17263,9.563404
17284,9.453156
17305,9.371055
17326,9.361671
17347,9.354634
17368,9.352288
17389,9.35698
17410,9.392166
17431,9.181051
17452,9.260805
17473,9.253768
17494,9.225619
17515,9.270188
17536,9.25846
17557,9.249077
17578,9.324141
17599,9.319448
17620,9.30772
17641,9.335869
17662,9.2913
17683,9.34056
17704,9.335869
17725,9.469575
17746,9.354634
17767,9.446118
17788,9.382783
17809,9.401549
17830,9.35698
17851,9.378092
17872,9.396858
17893,9.413278
17914,9.446118
17935,9.396858
17956,9.380438
17977,9.382783
17998,9.396858
18019,9.455501
18040,9.425007
18061,9.349943
18082,9.392166
18103,9.502416
18124,9.544639
18145,9.432044
18166,9.345251
18187,9.413278
18208,9.378092
18229,9.392166
18250,9.352288
18271,9.218582
18292,9.148211
18313,9.303029
18334,9.342906
18355,9.13179
18376,9.303029
18397,9.317103
18418,9.352288
18439,9.373401
18460,9.387475
18481,9.314757
18502,9.284263
18523,9.380438
18544,9.349943
18565,9.371055
18586,9.457847
18607,9.359325
18628,9.436735
18649,9.34056
18670,9.462538
18691,9.422661
18712,9.382783
18733,9.392166
18754,9.434389
18775,9.352288
18796,9.481303
18817,9.497724
18838,9.392166
18859,9.448463
18880,9.378092
18901,9.495378
18922,9.462538
18943,9.460192
18964,9.640813
18985,9.481303
19006,9.471921
19027,9.54933
19048,9.495378
19069,9.600936
19090,9.539948
19111,9.610318
19132,9.610318
19153,9.619701
19174,9.676
19195,9.973906
19216,9.802669
19237,9.744025
19258,9.9223
19279,10.02082
19300,10.05132
19321,10.01848
19342,10.15218
19363,10.21317
19384,10.18971
19405,10.44774
19426,10.29527
19447,10.29762
19468,10.36799
19489,10.41021
19510,10.48058
19531,10.497
19552,10.40787
19574,10.46651
19596,10.40787
19617,10.40083
19638,10.41256
19659,10.44305
19680,10.4712
19701,10.46182
19722,10.47589
19743,10.45478
19764,10.35157
19785,10.41959
19806,10.32342
19827,10.34453
19848,10.41959
19869,10.34219
19890,10.37268
19911,10.33749
19932,10.20379
19953,10.16391
19974,10.04897
19995,10.10292
20016,10.12872
20037,10.1991
20058,10.117
20079,10.10527
20100,10.17329
20121,10.22959
20142,10.27885
20163,10.29996
20184,10.17564
20205,10.18033
20226,10.2249
20247,10.33984
20268,10.25539
20289,10.33749
20310,10.33749
20331,10.29762
20352,10.33515
20373,10.33749
20394,10.23897
20415,10.29527
20436,10.26712
20457,10.35626
20478,10.37972
20499,10.42194
20520,10.29292
20541,10.34219
20562,10.37268
20583,10.23428
20604,10.38206
20625,10.34922
20646,10.21083
20667,10.17329
20688,10.2249
20709,10.12403
20730,10.04428
20751,10.19206
20772,10.02551
20793,9.943413
20814,9.943413
20835,9.938721
20856,9.875386
20877,9.919954
20898,9.851928
20919,9.901189
20940,9.793285
20961,9.74637
20982,9.631431
21003,9.668962
21024,9.659579
21045,9.624393
21066,9.657233
21087,9.58217
21108,9.51649
21129,9.48834
21150,9.439081
21171,9.441426
21192,9.321795
21213,9.335869
21234,9.375746
21255,9.272534
21276,9.235003
21297,9.260805
21318,9.24204
21339,9.321795
21360,9.220928
21381,9.300683
21402,9.251423
21423,9.218582
21444,9.272534
21465,9.216236
21486,9.272534
21507,9.392166
21528,9.152903
21549,9.218582
21570,9.211545
21591,9.129445
21612,9.155248
21633,9.152903
21654,9.218582
21675,9.101295
21696,9.037962
21717,9.185742
21738,9.232656
21759,9.183396
21780,9.115371
21801,9.227965
21822,9.225619
21843,9.314757
21864,9.361671
21885,9.267843
21906,9.35698
21927,9.331178
21948,9.345251
21969,9.239694
21990,9.321795
22011,9.415624
22032,9.38982
22053,9.40624
22074,9.305374
22095,9.422661
22116,9.509453
22137,9.495378
22158,9.490686
22179,9.471921
22200,9.38982
22221,9.497724
22242,9.525873
22263,9.41797
22284,9.448463
22305,9.364017
22326,9.453156
22347,9.401549
22368,9.471921
22389,9.34056
22410,9.19278
22431,9.333523
22452,9.361671
22473,9.265497
22494,9.349943
22515,9.34056
22536,9.401549
22557,9.434389
22578,9.35698
22599,9.403895
22620,9.432044
22641,9.514144
22662,9.385129
22683,9.544639
22704,9.603281
22725,9.556367
22746,9.586862
22767,9.58217
22788,9.64785
22809,9.654888
22830,9.64785
22851,9.74637
22872,9.66427
22893,9.610318
22914,9.706493
22935,9.687728
22956,9.80736
22977,9.788594
22998,9.814397
23019,9.828471
23040,9.819089
23061,9.835509
23082,9.812052
23103,10.40317
23124,9.894152
23145,9.767483
23166,10.02786
23187,9.98798
23208,9.910572
23229,9.896498
23250,9.875386
23271,9.978598
23292,10.00206
23313,10.01848
23334,9.957487
23355,10.08416
23376,10.10527
23397,10.01144
23418,10.02551
23439,10.00909
23460,10.08181
23481,9.98329
23502,10.10527
23523,10.12169
23544,10.17798
23565,10.12638
23586,10.23428
23607,10.17798
23628,10.21786
23649,10.20848
23670,10.18971
23691,10.25539
23712,10.19675
23733,10.22725
23754,10.17329
23775,10.14045
23796,10.19206
23817,10.26243
23838,10.31638
23859,10.28823
23880,10.21317
23901,10.24836
23922,10.2249
23943,10.31638
23964,10.24366
23985,10.19441
24006,10.13107
24027,10.17095
24048,10.13811
24069,9.964523
24090,10.00206
24111,10.0607
24132,10.0302
24153,9.973906
24174,10.01378
24195,9.995018
24216,10.07946
24237,10.18033
24258,10.11934
24279,10.09823
24300,10.07712
24321,10.15922
24342,10.2249
24363,10.14984
24384,10.24366
24405,10.17564
24426,10.28823
24447,10.307
24468,10.24132
24489,10.27416
24510,10.17564
24531,10.23897
24552,10.24132
24573,10.29762
24594,10.20144
24615,10.28354
24636,10.33984
24657,10.08416
24678,10.17564
24699,10.1428
24720,10.21552
24741,9.999709
24762,9.936375
24783,9.783903
24804,9.887115
24825,9.849584
24846,9.638468
24867,9.809706
24888,9.77452
24909,9.493032
24930,9.321795
24951,9.509453
24972,9.450809
24993,9.399203
25014,9.375746
25035,9.450809
25056,9.373401
25077,9.462538
25098,9.361671
25119,9.333523
25140,9.48834
25161,9.368709
25182,9.495378
25203,9.378092
25224,9.331178
25245,9.359325
25266,9.326486
25287,9.314757
25308,9.319448
25329,9.288955
25350,9.35698
25371,9.366363
25392,9.312411
25413,9.223273
25434,9.232656
25455,9.298337
25476,9.413278
25497,9.493032
25518,9.396858
25539,9.41797
25560,9.354634
25581,9.460192
25602,9.448463
25623,9.450809
25644,9.415624
25665,9.352288
25686,9.471921
25707,9.380438
25728,9.422661
25749,9.352288
25770,9.319448
25791,9.345251
25812,9.408587
25833,9.453156
25854,9.481303
25875,9.483649
25896,9.537601
25917,9.507107
25938,9.509453
25959,9.493032
25980,9.523527
26001,9.622047
26022,9.626739
26043,9.673654
26064,9.579824
26085,9.577478
26106,9.605627
26127,9.640813
26148,9.633776
26169,9.692419
26190,9.657233
26211,9.59859
26232,9.603281
26253,9.575133
26274,9.603281
26295,9.61501
26316,9.692419
26337,9.66427
26358,9.589207
26379,9.50007
26400,9.56575
26421,9.704147
26442,9.518835
26463,9.446118
26484,9.429698
26505,9.399203
26526,9.446118
26547,9.253768
26568,9.326486
26589,9.321795
26610,9.385129
26631,9.312411
26652,9.303029
26673,9.279572
26694,9.375746
26715,9.359325
26736,9.312411
26757,9.286609
26778,9.432044
26799,9.338214
26820,9.401549
26841,9.509453
26862,9.605627
26883,9.455501
26904,9.537601
26925,9.467229
26946,9.471921
26967,9.535255
26988,9.542293
27009,9.643159
27030,9.612664
27051,9.556367
27072,9.586862
27093,9.589207
27114,9.673654
27135,9.507107
27156,9.697111
27177,9.577478
27198,9.767483
27219,9.654888
27240,9.690074
27261,9.631431
27282,9.554022
27303,9.633776
27324,9.643159
27345,9.629085
27366,9.61501
27387,9.556367
27408,9.523527
27429,9.643159
27450,9.673654
27471,9.554022
27492,9.732296
27513,9.762791
27534,9.769828
27555,9.744025
27576,9.849584
27597,9.995018
27618,9.889461
27639,9.90588
27660,10.0302
27681,10.00206
27702,9.990326
27723,10.10292
27744,10.04897
27765,9.978598
27786,10.04897
27807,10.10996
27828,10.01144
27849,10.05132
27870,10.06539
27891,10.17329
27912,10.21552
27933,10.13342
27954,10.26712
27975,10.17564
27996,10.28823
28017,10.13811
28038,10.14045
28059,10.10761
28080,10.21083
28101,10.19675
28122,10.10761
28143,10.16156
28164,10.0607
28185,10.05601
28206,10.11934
28227,9.985635
28248,10.04428
28269,10.03724
28290,10.0607
28311,10.19206
28332,10.10996
28353,10.05601
28374,9.957487
28395,9.945757
28416,10.06305
28437,10.18502
28458,10.21083
28479,10.24836
28500,10.25774
28521,10.20379
28542,10.30231
28563,10.26008
28584,10.13107
28605,10.14045
28626,10.30465
28647,10.29996
28668,10.17798
28689,10.17095
28710,10.28354
28731,10.28589
28752,10.23897
28773,10.32342
28794,10.24132
28815,10.18971
28836,10.24601
28857,10.26712
28878,10.22725
28899,10.24836
28920,10.07712
28941,10.1123
28962,10.21552
28983,10.10527
29004,10.03489
29025,10.04428
29046,10.05835
29067,10.01378
29088,9.901189
29109,10.04428
29130,9.87304
29151,9.863657
29172,10.02082
29193,9.990326
29214,9.999709
29235,9.962177
29256,10.07712
29277,10.01848
29298,9.959831
29319,9.973906
29340,10.00675
29361,9.98329
29382,9.971561
29403,9.821435
29424,9.727605
29445,9.767483
29466,9.858966
29487,9.727605
29508,9.631431
29529,9.654888
29550,9.58217
29571,9.638468
29592,9.603281
29613,9.577478
29634,9.485995
29655,9.542293
29676,9.50007
29697,9.521181
29718,9.507107
29739,9.373401
29760,9.457847
29781,9.27488
29802,9.260805
29823,9.352288
29844,9.295992
29865,9.237348
29886,9.195126
29907,9.176359
29928,9.152903
29949,9.169322
29970,9.176359
29991,9.216236
30012,9.338214
30033,9.460192
30054,9.281918
30075,9.265497
30096,9.335869
30117,9.345251
30138,9.345251
30159,9.521181
30180,9.368709
30201,9.394512
30222,9.347597
30243,9.317103
30264,9.303029
30285,9.331178
30306,9.331178
30328,9.305374
30351,9.420315
30372,9.382783
30393,9.427352
30414,9.460192
30435,9.373401
30456,9.373401
30477,9.448463
30498,9.434389
30519,9.509453
30540,9.415624
30561,9.345251
30582,9.359325
30603,9.288955
30624,9.2092
30645,9.239694
30666,9.223273
30687,9.185742
30708,9.19278
30729,9.249077
30750,9.117716
30771,9.178705
30792,9.181051
30813,9.157594
30834,9.197471
30855,9.295992
30876,9.422661
30897,9.237348
30918,9.272534
30939,9.380438
30960,9.328832
30981,9.401549
31002,9.401549
31023,9.481303
31044,9.420315
31065,9.554022
31086,9.528218
31107,9.523527
31128,9.631431
31149,9.636122
31171,9.61501
31192,9.725259
31213,9.603281
31234,9.671308
31255,9.744025
31276,9.765137
31297,9.732296
31318,9.753407
31339,9.809706
31360,9.809706
31381,9.779211
31402,9.685382
31423,9.788594
31444,9.765137
31465,9.793285
31486,9.652542
31507,9.66427
31528,9.619701
31549,9.654888
31570,9.694765
31591,9.741679
31612,9.919954
31633,9.722914
31654,9.732296
31675,9.889461
31696,9.851928
31717,9.877731
31738,9.816743
31759,9.931683
31780,9.955141
31801,9.964523
31822,10.03255
31843,9.891806
31864,10.07946
31885,10.15453
31906,9.931683
31927,10.01144
31948,10.13811
31969,10.1991
31990,10.10761
32011,10.19675
32032,10.22959
32053,10.16626
32074,10.24366
32095,10.26478
32116,10.29292
32137,10.26712
32158,10.34688
32179,10.30935
32200,10.34453
32221,10.30231
32242,10.33046
32263,10.15922
32284,10.25774
32305,10.30465
32326,10.30465
32347,10.30465
32368,10.18268
32389,10.09354
32410,10.21083
32431,10.24601
32452,10.25305
32473,10.1686
32494,10.32576
32515,10.26947
32536,10.2765
32557,10.23428
32578,10.29058
32599,10.33984
32620,10.24836
32641,10.23897
32662,10.26243
32683,10.23897
32704,10.24132
32725,10.29996
32746,10.29996
32767,10.26712
32788,10.37972
32809,10.3891
32830,10.33046
32851,10.38206
32872,10.37033
32893,10.28354
32914,10.23194
32935,10.26947
32956,10.24366
32977,10.25539
32998,10.18971
33019,10.22255
33040,10.18502
33061,9.98329
33082,9.973906
33103,10.05601
33124,9.997364
33145,9.889461
33166,9.912917
33187,9.877731
33208,9.748716
33229,9.926992
33250,9.720568
33271,9.692419
33292,9.889461
33313,9.762791
33334,9.765137
33355,9.837853
33376,9.739333
33397,9.819089
33418,9.7581
33439,9.816743
33460,9.718222
33481,9.814397
33502,9.816743
33523,9.603281
33544,9.638468
33565,9.455501
33586,9.690074
33607,9.579824
33628,9.554022
33649,9.504761
33670,9.467229
33691,9.556367
33712,9.460192
33733,9.448463
33754,9.530564
33775,9.441426
33796,9.434389
33817,9.387475
33838,9.403895
33859,9.366363
33880,9.303029
33901,9.342906
33922,9.239694
33943,9.218582
33964,9.331178
33985,9.256114
34006,9.265497
34027,9.260805
34048,9.2913
34069,9.286609
34090,9.354634
34111,9.281918
34132,9.300683
34153,9.298337
34174,9.403895
34195,9.399203
34216,9.415624
34237,9.317103
34258,9.368709
34279,9.373401
34300,9.303029
34321,9.326486
34342,9.403895
34363,9.420315
34384,9.41797
34405,9.507107
34426,9.401549
34447,9.413278
34468,9.303029
34489,9.288955
34510,9.403895
34531,9.462538
34552,9.410933
34573,9.387475
34594,9.427352
34615,9.333523
34636,9.333523
34657,9.35698
34678,9.305374
34699,9.305374
34720,9.373401
34741,9.2092
34762,9.183396
34783,9.09895
34804,9.075493
34825,9.054381
34846,9.120062
34867,9.084876
34888,9.044999
34909,9.052036
34930,9.134136
34951,9.028579
34972,8.965244
34993,9.260805
35014,9.2092
35035,9.143519
35056,9.403895
35077,9.295992
35098,9.305374
35119,9.38982
35140,9.530564
35161,9.439081
35182,9.539948
35203,9.561059
35224,9.586862
35245,9.64785
35266,9.776865
35287,9.685382
35308,9.610318
35329,9.826125
35350,9.835509
35371,9.793285
35392,9.741679
35413,9.819089
35434,9.858966
35455,9.903535
35476,9.931683
35497,9.880077
35518,9.882422
35539,9.990326
35560,9.934029
35581,9.919954
35602,9.992672
35623,9.955141
35644,9.941067
35665,9.98329
35686,10.00675
35707,9.884768
35728,9.837853
35749,10.11465
35770,10.07946
35791,10.03959
35812,10.09588
35833,10.13576
35854,10.16626
35875,10.18268
35896,10.23428
35917,10.18033
35938,10.18971
35959,10.18268
35980,10.22725
36001,10.28589
36022,10.18737
36043,10.21317
36064,10.18268
36085,10.14749
36106,10.18737
36127,10.21083
36148,10.30935
36169,10.26478
36190,10.21552
36211,10.117
36232,10.18033
36253,10.19206
36274,10.24601
36295,10.22959
36316,10.29058
36337,10.29996
36358,10.23663
36379,10.18033
36400,10.06305
36421,10.06773
36442,9.997364
36463,9.98798
36484,9.98798
36505,10.01613
36526,9.936375
36547,10.02317
36568,9.929338
36589,10.02082
36610,10.10058
36631,10.02082
36652,10.07712
36673,10.09119
36694,10.08885
36715,10.17798
36736,10.21317
36757,10.26712
36778,10.15218
36799,10.22021
36820,10.15218
36841,10.1991
36862,10.2249
36883,10.15922
36904,10.24132
36925,10.2507
36946,10.18033
36967,10.10761
36988,10.16391
37009,10.22021
37030,10.23428
37051,10.08885
37072,10.15922
37093,10.2507
37114,10.01613
37135,10.10761
37156,9.990326
37177,9.929338
37198,9.962177
37219,9.781557
37240,9.854274
37261,9.821435
37282,9.708839
37303,9.683037
37324,9.748716
37345,9.692419
37366,9.697111
37387,9.683037
37408,9.776865
37429,9.636122
37450,9.687728
37471,9.786248
37492,9.725259
37513,9.687728
37534,9.706493
37555,9.762791
37576,9.643159
37597,9.572787
37618,9.678345
37639,9.603281
37660,9.511798
37681,9.617355
37702,9.535255
37723,9.523527
37744,9.485995
37765,9.53291
37786,9.415624
37807,9.446118
37828,9.476612
37849,9.462538
37870,9.41797
37891,9.535255
37912,9.331178
37933,9.425007
37954,9.380438
37975,9.368709
37996,9.476612
38017,9.380438
38038,9.361671
38059,9.326486
38080,9.244386
38101,9.220928
38122,9.256114
38143,9.202163
38164,9.295992
38185,9.335869
38206,9.328832
38227,9.220928
38248,9.298337
38269,9.298337
38290,9.331178
38311,9.300683
38332,9.434389
38353,9.504761
38374,9.441426
38395,9.429698
38416,9.394512
38437,9.375746
38458,9.432044
38479,9.413278
38500,9.443772
38521,9.446118
38542,9.493032
38563,9.415624
38584,9.427352
38605,9.439081
38626,9.401549
38647,9.305374
38668,9.495378
38689,9.467229
38710,9.448463
38731,9.509453
38752,9.448463
38773,9.371055
38794,9.413278
38815,9.345251
38836,9.366363
38857,9.298337
38878,9.272534
38899,9.303029
38920,9.288955
38941,9.150557
38962,9.073148
38983,9.164631
39004,9.202163
39025,9.314757
39046,9.263151
39067,9.331178
39088,9.298337
39109,9.272534
39130,9.35698
39151,9.507107
39172,9.558713
39193,9.54933
39214,9.61501
39235,9.631431
39256,9.605627
39277,9.7581
39298,9.751062
39319,9.781557
39340,9.826125
39361,9.760445
39382,9.744025
39403,9.840199
39424,9.828471
39445,9.795631
39466,9.814397
39487,9.77452
39508,9.762791
39529,9.875386
39550,9.828471
39571,9.776865
39592,9.732296
39613,9.729951
39634,9.842546
39655,9.788594
39676,9.809706
39697,9.769828
39718,9.704147
39739,9.650196
39760,9.797977
39781,9.683037
39802,9.711185
39823,9.676
39844,9.683037
39865,9.753407
39886,9.762791
39907,9.767483
39928,9.835509
39949,9.814397
39970,9.711185
39991,9.809706
40012,10.00675
40033,9.910572
40054,10.0044
40075,10.01144
40096,9.980944
40117,9.894152
40138,9.962177
40159,9.999709
40180,9.997364
40201,9.910572
40222,9.941067
40243,9.868348
40264,9.966869
40285,9.943413
40306,9.957487
40327,10.01378
40348,10.07712
40369,10.07946
40390,10.10527
40411,10.18737
40432,10.12403
40453,10.10058
40474,10.12169
40495,10.1123
40516,10.07712
40537,10.15453
40558,10.18502
40579,10.15453
40600,10.07243
40621,10.07008
40642,10.10761
40663,10.07712
40684,10.08885
40705,10.13342
40726,10.10527
40747,10.15687
40768,10.15922
40789,10.20379
40810,10.27416
40831,10.29058
40852,10.41021
40873,10.31169
40894,10.39848
40915,10.41959
40936,10.41959
40957,10.41256
40978,10.2812
40999,10.34219
41020,10.39145
41041,10.36799
41062,10.37503
41083,10.34688
41104,10.37033
41125,10.3633
41146,10.41021
41167,10.29527
41188,10.31169
41209,10.34922
41230,10.26243
41251,10.32342
41272,10.32576
41293,10.15687
41314,10.10058
41335,9.973906
41356,10.03959
41377,10.07477
41398,9.98798
41419,9.858966
41440,9.931683
41461,9.884768
41482,9.868348
41503,9.87304
41524,10.00909
41545,9.894152
41566,9.884768
41587,9.938721
41608,9.955141
41629,9.9223
41650,9.955141
41671,9.952795
41692,9.863657
41713,9.898843
41734,9.990326
41755,9.736988
41776,9.77452
41797,9.736988
41818,9.699456
41839,9.683037
41860,9.692419
41881,9.612664
41902,9.645505
41923,9.502416
41944,9.558713
41965,9.453156
41986,9.497724
42007,9.408587
42028,9.48834
42049,9.429698
42070,9.349943
42091,9.432044
42112,9.310066
42133,9.349943
42154,9.338214
42175,9.249077
42196,9.333523
42217,9.342906
42238,9.338214
42259,9.249077
42280,9.188088
42301,9.127099
42322,9.237348
42343,9.256114
42364,9.345251
42385,9.34056
42406,9.185742
42427,9.218582
42448,9.237348
42469,9.345251
42490,9.415624
42511,9.434389
42532,9.450809
42553,9.352288
42574,9.335869
42595,9.410933
42616,9.354634
42637,9.41797
42658,9.544639
42679,9.603281
42700,9.490686
42721,9.425007
42742,9.34056
42763,9.331178
42784,9.324141
42805,9.335869
42826,9.464884
42847,9.41797
42868,9.441426
42889,9.359325
42910,9.371055
42931,9.385129
42952,9.288955
42973,9.295992
42994,9.27488
43015,9.312411
43036,9.305374
43057,9.171668
43078,9.265497
43099,9.166977
43120,9.15994
43141,9.19278
43162,9.216236
43183,9.150557
43204,9.124753
43225,9.171668
43246,9.171668
43267,9.199817
43288,9.237348
43309,9.382783
43330,9.279572
43351,9.434389
43372,9.446118
43393,9.425007
43414,9.558713
43435,9.422661
43456,9.554022
43477,9.610318
43498,9.563404
43519,9.64785
43540,9.61501
43561,9.755754
43582,9.668962
43603,9.741679
43624,9.666616
43645,9.805015
43666,9.793285
43687,9.776865
43708,9.77452
43729,9.788594
43750,9.753407
43771,9.77452
43792,9.851928
43813,9.828471
43834,9.952795
43855,9.762791
43876,9.802669
43897,9.7581
43918,9.875386
43939,9.978598
43960,9.875386
43981,9.964523
44002,9.952795
44023,10.03724
44044,10.08181
44065,10.14514
44086,10.13342
44107,10.14514
44128,10.22725
44149,10.16626
44170,10.27181
44191,10.37503
44212,10.31169
44233,10.31404
44254,10.38675
44275,10.40552
44296,10.43601
44317,10.35861
44338,10.43132
44359,10.41725
44380,10.37268
44401,10.43601
44422,10.42663
44443,10.40317
44464,10.38441
44485,10.44305
44506,10.41021
44527,10.46416
44548,10.41021
44569,10.50873
44590,10.43601
44611,10.40083
44632,10.37033
44653,10.52046
44674,10.32576
44695,10.32107
44716,10.30935
44737,10.26712
44758,10.23663
44779,10.18033
44800,10.0865
44821,10.21317
44842,10.23194
44863,10.20379
44884,10.22255
44905,10.18502
44926,10.31638
44947,10.24601
44968,10.117
44989,10.1991
45010,10.2812
45031,10.32811
45052,10.26947
45073,10.17095
45094,10.21317
45115,10.24132
45136,10.22959
45157,10.20848
45178,10.20379
45199,10.18268
45220,10.17798
45241,10.17564
45262,10.16156
45283,10.04897
45304,10.0865
45325,10.07243
45346,9.950449
45367,9.98329
45388,9.955141
45409,9.840199
45430,9.995018
45451,9.85662
45472,9.769828
45493,9.802669
45514,9.610318
45535,9.432044
45556,9.485995
45577,9.495378
45598,9.523527
45619,9.584516
45640,9.422661
45661,9.478958
45682,9.504761
45703,9.422661
45724,9.415624
45745,9.368709
45766,9.425007
45787,9.436735
45808,9.478958
45829,9.434389
45850,9.467229
45871,9.364017
45892,9.349943
45913,9.443772
45934,9.396858
45955,9.425007
45976,9.359325
45997,9.347597
46018,9.335869
46039,9.410933
46060,9.41797
46081,9.467229
46102,9.385129
46123,9.443772
46144,9.460192
46165,9.464884
46186,9.382783
46207,9.373401
46228,9.439081
46249,9.511798
46270,9.502416
46291,9.413278
46312,9.467229
46333,9.399203
46354,9.312411
46375,9.331178
46396,9.27488
46417,9.394512
46438,9.305374
46459,9.295992
46480,9.314757
46501,9.352288
46522,9.319448
46543,9.333523
46564,9.326486
46585,9.342906
46606,9.41797
46627,9.408587
46648,9.368709
46669,9.333523
46690,9.317103
46711,9.314757
46732,9.392166
46753,9.385129
46774,9.366363
46795,9.375746
46816,9.394512
46837,9.392166
46858,9.300683
46879,9.408587
46900,9.422661
46921,9.443772
46942,9.511798
46963,9.539948
46984,9.394512
47005,9.427352
47026,9.371055
47047,9.399203
47068,9.619701
47089,9.476612
47110,9.378092
47131,9.364017
47152,9.41797
47173,9.385129
47194,9.190434
47215,9.38982
47236,9.310066
47257,9.425007
47278,9.436735
47299,9.455501
47320,9.338214
47341,9.464884
47362,9.518835
47383,9.605627
47404,9.600936
47425,9.607973
47446,9.657233
47467,9.793285
47488,9.805015
47509,9.722914
47530,9.727605
47551,9.823779
47572,9.690074
47593,9.802669
47614,9.830817
47635,9.868348
47656,9.901189
47677,9.948103
47698,9.835509
47719,9.936375
47740,9.973906
47761,9.880077
47782,9.971561
47803,9.964523
47824,10.03959
47845,10.21083
47866,10.00909
47887,10.05366
47908,10.09823
47929,10.06305
47950,10.07946
47971,10.10058
47992,10.17095
48013,10.16626
48034,10.17564
48055,10.1123
48076,10.13811
48097,10.09823
48118,10.15922
48139,10.13576
48160,10.18971
48181,10.28823
48202,10.21317
48223,10.20848
48244,10.27181
48265,10.33515
48286,10.27181
48307,10.36799
48328,10.37503
48349,10.37972
48370,10.32107
48391,10.34688
48412,10.35861
48433,10.26478
48454,10.28823
48475,10.3891
48496,10.43367
48517,10.37033
48538,10.35626
48559,10.34453
48580,10.32576
48601,10.42663
48622,10.4149
48643,10.42898
48664,10.43836
48685,10.37737
48706,10.24601
48727,10.32576
48748,10.22959
48769,10.22021
48790,10.1428
48811,10.18033
48832,10.1428
48853,10.03255
48874,10.05366
48895,10.05601
48916,9.995018
48937,10.07008
48958,9.999709
48979,10.05366
49000,10.09119
49021,10.00909
49042,10.04193
49063,10.10996
49084,10.10058
49105,10.09823
49126,10.09588
49147,10.1123
49168,10.12169
49189,10.17095
49210,10.13576
49231,10.14514
49252,10.08885
49273,10.10527
49294,10.02551
49315,10.07008
49336,9.976252
49357,10.02317
49378,9.891806
49399,9.955141
49420,9.985635
49441,9.931683
49462,9.882422
49483,9.948103
49504,9.80736
49525,9.722914
49546,9.772174
49567,9.715877
49588,9.605627
49609,9.636122
49630,9.568096
49651,9.579824
49672,9.509453
49693,9.511798
49714,9.476612
49735,9.511798
49756,9.476612
49777,9.361671
49798,9.359325
49819,9.408587
49840,9.436735
49861,9.347597
49882,9.448463
49903,9.378092
49924,9.408587
49945,9.448463
49966,9.483649
49987,9.429698
50008,9.408587
50029,9.471921
50050,9.483649
50071,9.50007
50092,9.415624
50113,9.48834
50134,9.338214
50155,9.453156
50176,9.387475
50197,9.429698
50218,9.429698
50239,9.535255
50260,9.485995
50281,9.364017
50302,9.319448
50323,9.441426
50344,9.401549
50365,9.359325
50386,9.324141
50407,9.34056
50428,9.38982
50449,9.30772
50470,9.303029
50491,9.335869
50512,9.232656
50533,9.211545
50554,9.174014
50575,9.293646
50596,9.281918
50617,9.103642
50638,9.129445
50659,9.124753
50680,9.227965
50701,9.225619
50722,9.183396
50743,9.331178
50764,9.422661
50785,9.427352
50806,9.371055
50827,9.399203
50848,9.469575
50869,9.535255
50890,9.504761
50911,9.535255
50932,9.690074
50953,9.584516
50974,9.483649
50995,9.607973
51016,9.535255
51037,9.66427
51058,9.474266
51079,9.561059
51100,9.610318
51121,9.624393
51142,9.603281
51163,9.680691
51184,9.736988
51205,9.690074
51226,9.690074
51247,9.788594
51268,9.708839
51289,9.624393
51310,9.617355
51331,9.673654
51352,9.678345
51373,9.692419
51394,9.729951
51415,9.671308
51436,9.800323
51457,9.736988
51478,9.732296
51499,9.736988
51520,9.795631
51541,9.736988
51562,9.797977
51583,9.762791
51604,9.837853
51625,9.868348
51646,9.816743
51667,9.868348
51688,9.973906
51709,9.800323
51730,9.896498
51751,10.07477
51772,9.87304
51793,9.875386
51814,10.01848
51838,10.07946
51863,10.02317
51884,10.03255
51905,10.07477
51926,10.09119
51947,10.15453
51968,10.13811
51989,10.16391
52010,10.18971
52031,10.19206
52052,10.12872
52073,10.19441
52094,10.15922
52115,10.12638
52136,10.08885
52157,10.10761
52178,10.19206
52199,10.15453
52220,10.17798
52241,10.10058
52262,10.12403
52283,10.16391
52304,10.16156
52325,10.20613
52346,10.18033
52367,10.18502
52388,10.21083
52409,10.18737
52430,10.16391
52451,10.27885
52472,10.23428
52493,10.19206
52514,10.20613
52535,10.16156
52556,10.21317
52577,10.22255
52598,10.26947
52619,10.19206
52640,10.22021
52661,10.24132
52682,10.28589
52703,10.25774
52724,10.18971
52745,10.20613
52766,10.22725
52787,10.24601
52808,10.20144
52829,10.18502
52850,10.15922
52871,10.13342
52892,10.16626
52913,10.13107
52934,9.997364
52955,10.117
52976,10.09119
52997,9.990326
53018,9.962177
53039,9.962177
53060,10.01613
53081,10.0302
53102,10.03255
53123,9.999709
53144,9.858966
53165,9.929338
53186,9.919954
53207,10.10292
53228,10.10058
53249,10.08416
53270,10.10527
53291,10.24132
53312,10.09354
53333,10.06539
53354,10.08885
53375,10.10058
53396,10.14514
53417,10.13107
53438,10.07946
53459,10.00675
53480,10.03255
53502,10.01848
53523,10.12403
53544,9.891806
53565,10.08181
53586,9.912917
53607,10.01613
53628,10.0302
53649,9.891806
53670,9.861312
53691,9.826125
53712,9.863657
53733,9.720568
53754,9.844892
53775,9.814397
53796,9.713531
53817,9.699456
53838,9.640813
53859,9.631431
53880,9.617355
53901,9.584516
53922,9.676
53943,9.683037
53964,9.612664
53985,9.612664
54006,9.612664
54027,9.666616
54048,9.554022
54069,9.683037
54090,9.619701
54111,9.544639
54132,9.624393
54153,9.657233
54174,9.779211
54195,9.66427
54216,9.603281
54237,9.464884
54258,9.523527
54279,9.537601
54300,9.471921
54321,9.507107
54342,9.624393
54363,9.521181
54384,9.58217
54405,9.493032
54426,9.478958
54447,9.410933
54468,9.476612
54489,9.40624
54510,9.443772
54531,9.413278
54552,9.436735
54573,9.314757
54594,9.326486
54615,9.314757
54636,9.394512
54657,9.284263
54678,9.293646
54699,9.317103
54720,9.30772
54741,9.286609
54762,9.354634
54783,9.312411
54804,9.396858
54825,9.349943
54846,9.298337
54867,9.328832
54888,9.335869
54909,9.347597
54930,9.35698
54951,9.382783
54972,9.399203
54993,9.380438
55014,9.471921
55035,9.457847
55056,9.420315
55077,9.41797
55098,9.415624
55119,9.420315
55140,9.453156
55161,9.53291
55182,9.50007
55203,9.525873
55224,9.467229
55245,9.497724
55266,9.509453
55287,9.535255
55308,9.483649
55329,9.619701
55350,9.572787
55371,9.425007
55392,9.359325
55413,9.392166
55434,9.476612
55455,9.441426
55476,9.455501
55497,9.371055
55518,9.410933
55539,9.413278
55560,9.493032
55581,9.525873
55602,9.523527
55623,9.53291
55644,9.556367
55665,9.624393
55686,9.561059
55707,9.629085
55728,9.741679
55749,9.765137
55770,9.680691
55791,9.788594
55812,9.826125
55833,9.706493
55854,9.821435
55875,9.882422
55896,9.880077
55917,9.908226
55938,9.870694
55959,9.711185
55980,9.765137
56001,9.847238
56022,9.74637
56043,9.786248
56064,9.814397
56085,9.85662
56106,9.898843
56127,9.809706
56148,9.821435
56169,9.945757
56190,9.894152
56211,9.917608
56232,9.931683
56253,9.842546
56274,9.849584
56295,9.896498
56316,9.833163
56337,9.943413
56358,10.07243
56379,9.992672
56400,10.02317
56421,9.999709
56442,10.07946
56463,10.08416
56484,10.09119
56505,10.26008
56526,10.2249
56547,10.23897
56568,10.34219
56589,10.26478
56610,10.37033
56631,10.32107
56652,10.29058
56673,10.36095
56694,10.42663
56715,10.41021
56736,10.44774
56757,10.47824
56778,10.3633
56799,10.48293
56820,10.54392
56841,10.50169
56862,10.45244
56883,10.4712
56904,10.51108
56925,10.56034
56946,10.68232
56967,10.60491
56988,10.57207
57009,10.46651
57030,10.44774
57051,10.41725
57072,10.4149
57093,10.40083
57114,10.2812
57135,10.38675
57156,10.33749
57177,10.27416
57198,10.25774
57219,10.27416
57240,10.307
57261,10.21317
57282,10.31404
57303,10.29058
57324,10.33046
57345,10.2765
57366,10.24366
57387,10.20848
57408,10.31404
57429,10.32107
57450,10.12169
57471,10.16626
57492,10.16391
57513,10.10996
57534,10.07946
57555,10.10058
57576,10.26243
57597,10.04428
57618,10.04897
57639,10.1123
57660,9.941067
57681,10.0865
57702,10.02317
57723,10.117
57744,10.02317
57765,10.04897
57786,9.767483
57807,9.701802
57828,9.652542
57849,9.624393
57870,9.622047
57891,9.668962
57912,9.429698
57933,9.471921
57954,9.401549
57975,9.267843
57996,9.342906
58017,9.425007
58038,9.295992
58059,9.277225
58080,9.171668
58101,9.239694
58122,9.260805
58143,9.293646
58164,9.303029
58185,9.244386
58206,9.326486
58227,9.232656
58248,9.305374
58269,9.305374
58290,9.260805
58311,9.263151
58332,9.239694
58353,9.349943
58374,9.303029
58395,9.310066
58416,9.30772
58437,9.295992
58458,9.246731
58479,9.2092
58500,9.38982
58521,9.399203
58542,9.27488
58563,9.281918
58584,9.317103
58605,9.317103
58626,9.314757
58647,9.321795
58668,9.232656
58689,9.23031
58710,9.314757
58731,9.220928
58752,9.13179
58773,9.073148
58794,9.227965
58815,9.312411
58836,9.270188
58857,9.260805
58878,9.190434
58899,9.326486
58920,9.237348
58941,9.312411
58962,9.279572
58983,9.34056
59004,9.455501
59025,9.478958
59046,9.523527
59067,9.2913
59088,9.584516
59109,9.657233
59130,9.631431
59151,9.671308
59172,9.636122
59193,9.610318
59214,9.762791
59235,9.690074
59256,9.816743
59277,9.851928
59298,9.809706
59319,9.776865
59340,9.783903
59361,9.938721
59382,9.868348
59403,9.962177
59424,9.931683
59445,9.877731
59466,10.04897
59487,9.955141
59508,9.767483
59529,9.819089
59550,9.948103
59571,9.755754
59592,9.762791
59613,9.868348
59634,9.816743
59655,9.741679
59676,9.760445
59697,9.781557
59718,9.882422
59739,9.741679
59760,9.74637
59781,9.976252
59802,9.898843
59823,9.828471
59844,9.941067
59865,10.01613
59886,9.948103
59907,9.978598
59928,9.908226
59949,9.901189
59970,9.870694
59991,10.05601
60012,9.917608
60033,9.955141
60054,9.976252
60075,9.964523
60096,10.00909
60117,10.01144
60138,10.04897
60159,10.01613
60180,9.997364
60201,10.00675
60222,10.05601
60243,10.0044
60264,9.98329
60285,10.03255
60306,9.98798
60327,9.976252
60348,10.03255
60369,9.891806
60390,9.929338
60411,9.945757
60432,9.978598
60453,9.908226
60474,9.941067
60495,9.962177
60516,9.943413
60537,9.980944
60558,10.06773
60579,9.976252
60600,10.00675
60621,10.04897
60642,10.16156
60663,10.19206
60684,10.18502
60705,10.15922
60726,10.2249
60747,10.21786
60768,10.24132
60789,10.21552
60810,10.23194
60831,10.25539
60852,10.29527
60873,10.31404
60894,10.29527
60915,10.26478
60936,10.34453
60957,10.34453
60978,10.37503
60999,10.42898
61020,10.32107
61041,10.34922
61062,10.40083
61083,10.40083
61104,10.36799
61125,10.44305
61146,10.26712
61167,10.17798
61188,10.32107
61209,10.27416
61230,10.26243
61251,10.34922
61272,10.26947
61293,10.24132
61314,10.34219
61335,10.29058
61356,10.15218
61377,10.23194
61398,10.29996
61419,10.44305
61440,10.40317
61461,10.25305
61482,10.23897
61503,10.28589
61524,10.29762
61545,10.3633
61566,10.38675
61587,10.28823
61608,10.19206
61629,10.24366
61650,10.17095
61671,10.15453
61692,10.13342
61713,10.01378
61734,10.00206
61755,10.07243
61776,10.07946
61797,10.0865
61818,9.955141
61839,9.870694
61860,9.877731
61881,9.685382
61902,9.797977
61923,9.528218
61944,9.464884
61965,9.568096
61986,9.591553
62007,9.518835
62028,9.474266
62049,9.295992
62070,9.385129
62091,9.281918
62112,9.331178
62133,9.378092
62154,9.361671
62175,9.279572
62196,9.281918
62217,9.249077
62238,9.253768
62259,9.34056
62280,9.279572
62301,9.272534
62322,9.385129
62343,9.319448
62364,9.331178
62385,9.364017
62406,9.281918
62427,9.232656
62448,9.295992
62469,9.352288
62490,9.385129
62511,9.387475
62532,9.420315
62553,9.326486
62574,9.364017
62595,9.246731
62616,9.420315
62637,9.474266
62658,9.432044
62679,9.359325
62700,9.354634
62721,9.342906
62742,9.30772
62763,9.354634
62784,9.429698
62805,9.314757
62826,9.366363
62847,9.380438
62868,9.319448
62889,9.288955
62910,9.284263
62931,9.23031
62952,9.328832
62973,9.399203
62994,9.354634
63015,9.403895
63036,9.305374
63057,9.385129
63078,9.394512
63099,9.394512
63120,9.551676
63141,9.483649
63162,9.514144
63183,9.469575
63204,9.518835
63225,9.462538
63246,9.593899
63267,9.638468
63288,9.654888
63309,9.624393
63330,9.704147
63351,9.66427
63372,9.767483
63393,9.704147
63414,9.769828
63435,9.685382
63456,9.66427
63477,9.741679
63498,9.767483
63519,9.788594
63540,9.786248
63561,9.772174
63582,9.781557
63603,9.74637
63624,9.760445
63645,9.769828
63666,9.729951
63687,9.769828
63708,9.706493
63729,9.706493
63750,9.692419
63771,9.629085
63792,9.706493
63813,9.673654
63834,9.631431
63855,9.678345
63876,9.718222
63897,9.753407
63918,9.753407
63939,9.938721
63960,9.741679
63981,9.781557
64002,9.844892
64023,9.847238
64044,9.884768
64065,9.985635
64086,9.90588
64107,9.924646
64128,9.929338
64149,10.08181
64170,9.957487
64191,9.964523
64212,10.0865
64233,10.10292
64254,10.01378
64275,10.117
64296,10.19206
64317,10.21552
64338,10.23897
64359,10.33515
64380,10.28823
64401,10.22255
64422,10.37268
64443,10.35391
64464,10.35391
64485,10.41256
64506,10.36799
64527,10.40083
64548,10.48528
64569,10.52281
64590,10.45478
64611,10.46885
64632,10.35861
64653,10.41959
64674,10.51342
64695,10.53923
64716,10.58145
64737,10.47589
64758,10.51577
64779,10.47589
64800,10.48293
64821,10.59787
64842,10.55096
64863,10.50873
64884,10.51108
64905,10.61664
64926,10.53453
64947,10.44774
64968,10.53219
64989,10.56503
65010,10.52984
65031,10.56034
65052,10.51342
65073,10.45244
65094,10.307
65115,10.34453
65136,10.33984
65157,10.41256
65178,10.33984
65199,10.34922
65220,10.29762
65241,10.18502
65262,10.25774
65283,10.10527
65304,10.117
65325,9.995018
65346,10.05132
65367,9.964523
65388,9.978598
65409,9.861312
65430,9.880077
65451,9.79094
65472,9.744025
65493,9.837853
65514,9.854274
65535,9.7581
65556,9.706493
65577,9.877731
65598,9.736988
65619,9.652542
65640,9.80736
65661,9.74637
65682,9.645505
65703,9.638468
65724,9.619701
65745,9.568096
65766,9.671308
65787,9.525873
65808,9.56575
65829,9.525873
65850,9.490686
65871,9.619701
65892,9.485995
65913,9.415624
65934,9.554022
65955,9.54933
65976,9.392166
65997,9.434389
66018,9.514144
66039,9.464884
66060,9.471921
66081,9.476612
66102,9.493032
66123,9.399203
66144,9.432044
66165,9.493032
66186,9.453156
66207,9.368709
66228,9.385129
66249,9.375746
66270,9.349943
66291,9.378092
66312,9.342906
66333,9.40624
66354,9.35698
66375,9.460192
66396,9.483649
66417,9.450809
66438,9.544639
66459,9.457847
66480,9.420315
66501,9.448463
66522,9.53291
66543,9.518835
66564,9.446118
66585,9.366363
66606,9.439081
66627,9.509453
66648,9.450809
66669,9.429698
66690,9.446118
66711,9.525873
66732,9.507107
66753,9.481303
66774,9.432044
66795,9.328832
66816,9.349943
66837,9.347597
66858,9.30772
66879,9.403895
66900,9.265497
66921,9.251423
66942,9.281918
66963,9.35698
66984,9.317103
67005,9.223273
67026,9.288955
67047,9.24204
67068,9.260805
67089,9.206854
67110,9.244386
67131,9.27488
67152,9.312411
67173,9.40624
67194,9.270188
67215,9.202163
67236,9.373401
67257,9.568096
67278,9.596244
67299,9.476612
67320,9.668962
67341,9.633776
67362,9.676
67383,9.692419
67404,9.685382
67425,9.786248
67446,9.699456
67467,9.629085
67488,9.690074
67509,9.816743
67530,9.858966
67551,9.821435
67572,9.840199
67593,9.816743
67614,9.835509
67635,9.812052
67656,10.01144
67677,9.978598
67698,9.755754
67719,9.908226
67740,9.915263
67761,9.844892
67782,9.976252
67803,9.950449
67824,9.898843
67845,10.00675
67866,9.969215
67887,10.0044
67908,10.06539
67929,9.896498
67950,9.985635
67971,9.985635
67992,9.976252
68013,10.0607
68034,10.08885
68055,10.0865
68076,10.1123
68097,10.11465
68118,10.16626
68139,10.17798
68160,10.20144
68181,10.23194
68202,10.12403
68223,10.20613
68244,10.14514
68265,10.23897
68286,10.19441
68307,10.12403
68328,10.16626
68349,10.18971
68370,10.19675
68391,10.2812
68412,10.33515
68433,10.15922
68454,10.18268
68475,10.17564
68496,10.18971
68517,10.18033
68538,10.31169
68559,10.28354
68580,10.22725
68601,10.21083
68622,10.22959
68643,10.21317
68664,10.15218
68685,10.19675
68706,10.19675
68727,10.26008
68748,10.16156
68769,10.12872
68790,10.18502
68811,10.18737
68832,10.21317
68853,10.37503
68874,10.29058
68895,10.28823
68916,10.32342
68937,10.34219
68958,10.40787
68979,10.41725
69000,10.42898
69021,10.42194
69042,10.39379
69063,10.44305
69084,10.40552
69105,10.35157
69126,10.41725
69147,10.45478
69168,10.44071
69189,10.29762
69210,10.39145
69231,10.40787
69252,10.45713
69273,10.34219
69294,10.3328
69315,10.2507
69336,10.27181
69357,10.27885
69378,10.26008
69399,10.08416
69420,10.1428
69441,10.05835
69462,9.929338
69483,9.962177
69504,9.98329
69525,9.896498
69546,10.02551
69567,9.908226
69588,9.868348
69609,9.840199
69630,9.800323
69651,9.779211
69672,9.772174
69693,9.772174
69714,9.732296
69735,9.558713
69756,9.610318
69777,9.650196
69798,9.612664
69819,9.659579
69840,9.603281
69861,9.502416
69882,9.528218
69903,9.448463
69924,9.523527
69945,9.413278
69966,9.467229
69987,9.462538
70008,9.476612
70029,9.335869
70050,9.380438
70071,9.387475
70092,9.382783
70113,9.396858
70134,9.345251
70155,9.380438
70176,9.326486
70197,9.34056
70218,9.293646
70239,9.253768
70260,9.281918
70281,9.321795
70302,9.366363
70323,9.345251
70344,9.359325
70365,9.303029
70386,9.319448
70407,9.312411
70428,9.328832
70449,9.359325
70470,9.281918
70491,9.352288
70512,9.385129
70533,9.359325
70554,9.34056
70575,9.410933
70596,9.493032
70617,9.413278
70638,9.425007
70659,9.436735
70680,9.441426
70701,9.48834
70722,9.434389
70743,9.392166
70764,9.464884
70785,9.471921
70806,9.51649
70827,9.50007
70848,9.464884
70869,9.396858
70890,9.385129
70911,9.439081
70932,9.54933
70953,9.453156
70974,9.481303
70995,9.420315
71016,9.497724
71037,9.464884
71058,9.518835
71079,9.450809
71100,9.448463
71121,9.469575
71142,9.436735
71163,9.342906
71184,9.382783
71205,9.354634
71226,9.354634
71247,9.35698
71268,9.371055
71289,9.478958
71310,9.577478
71331,9.387475
71352,9.469575
71373,9.593899
71394,9.654888
71415,9.577478
71436,9.715877
71457,9.762791
71478,9.603281
71499,9.741679
71520,9.654888
71541,9.727605
71562,9.816743
71583,9.840199
71604,9.889461
71625,9.697111
71646,9.74637
71667,9.816743
71688,9.781557
71709,9.755754
71730,9.826125
71751,9.697111
71772,9.736988
71793,9.654888
71814,9.692419
71835,9.668962
71856,9.779211
71877,9.593899
71898,9.66427
71919,9.678345
71940,9.650196
71961,9.713531
71982,9.657233
72003,9.701802
72024,9.697111
72045,9.701802
72066,9.795631
72087,9.720568
72108,9.805015
72129,9.765137
72150,9.812052
72171,9.840199
72192,9.898843
72213,10.04193
72234,10.01378
72255,9.997364
72276,10.07946
72297,10.07946
72318,10.15453
72339,10.12403
72360,10.23428
72381,10.29762
72402,10.26478
72423,10.36564
72444,10.35626
72465,10.40317
72486,10.43836
72507,10.45009
72528,10.54392
72549,10.54861
72570,10.64947
72591,10.70343
72612,10.66824
72633,10.71516
72654,10.59552
72675,10.68232
72696,10.72923
72717,10.69404
72738,10.70343
72759,10.53688
72780,10.62133
72801,10.55096
72822,10.44774
72843,10.55096
72864,10.5533
72885,10.49231
72906,10.42194
72927,10.53453
72948,10.48058
72969,10.54861
72990,10.48293
73011,10.45009
73032,10.4149
73053,10.39614
73074,10.34688
73095,10.33515
73116,10.35626
73137,10.17329
73158,10.21786
73179,10.22959
73200,10.31873
73221,10.19206
73242,10.117
73263,10.08416
73284,10.00206
73305,10.08181
73326,9.995018
73347,9.997364
73368,9.938721
73389,9.884768
73410,9.980944
73431,9.978598
73452,9.788594
73473,9.697111
73494,9.894152
73515,9.66427
73536,9.528218
73557,9.589207
73578,9.537601
73599,9.443772
73620,9.485995
73641,9.366363
73662,9.326486
73683,9.455501
73704,9.422661
73725,9.413278
73746,9.321795
73767,9.483649
73788,9.413278
73809,9.425007
73830,9.385129
73851,9.368709
73872,9.462538
73893,9.457847
73914,9.521181
73935,9.41797
73956,9.422661
73977,9.490686
73998,9.462538
74019,9.371055
74040,9.415624
74061,9.394512
74082,9.392166
74103,9.464884
74124,9.450809
74145,9.502416
74166,9.483649
74187,9.448463
74208,9.434389
74229,9.467229
74250,9.474266
74271,9.493032
74292,9.399203
74313,9.490686
74334,9.441426
74355,9.40624
74376,9.439081
74397,9.401549
74418,9.317103
74439,9.375746
74460,9.382783
74481,9.352288
74502,9.253768
74523,9.281918
74544,9.239694
74565,9.335869
74586,9.349943
74607,9.319448
74628,9.279572
74649,9.279572
74670,9.314757
74691,9.347597
74712,9.422661
74733,9.298337
74754,9.422661
74775,9.385129
74796,9.380438
74817,9.436735
74838,9.408587
74859,9.41797
74880,9.401549
74901,9.48834
74922,9.342906
74943,9.455501
74964,9.410933
74985,9.457847
75006,9.490686
75027,9.483649
75048,9.399203
75069,9.61501
75090,9.48834
75111,9.460192
75132,9.427352
75153,9.396858
75174,9.471921
75195,9.51649
75216,9.415624
75237,9.460192
75258,9.497724
75279,9.535255
75300,9.507107
75321,9.617355
75342,9.546985
75363,9.504761
75384,9.497724
75405,9.657233
75426,9.575133
75447,9.624393
75468,9.683037
75489,9.638468
75510,9.668962
75531,9.781557
75552,9.685382
75573,9.830817
75594,9.704147
75615,9.79094
75636,9.851928
75657,10.00909
75678,9.910572
75699,10.01378
75720,10.00909
75741,10.07243
75762,10.10996
75783,10.04428
75804,10.00206
75825,10.10292
75846,10.17095
75867,10.0865
75888,10.19675
75909,10.17564
75930,10.22021
75951,10.23428
75972,10.27416
75993,10.25539
76014,10.23897
76035,10.25539
76056,10.25774
76077,10.17564
76098,10.20144
76119,10.23194
76140,10.29058
76161,10.23897
76182,10.17798
76203,10.23194
76224,10.34453
76245,10.3328
76266,10.35391
76287,10.32811
76308,10.29996
76329,10.32811
76350,10.35861
76371,10.3328
76392,10.43132
76413,10.4712
76434,10.3328
76455,10.40552
76476,10.39145
76497,10.4454
76518,10.51811
76539,10.48058
76560,10.39145
76581,10.41725
76602,10.4712
76623,10.51811
76644,10.44774
76665,10.29292
76686,10.27885
76707,10.38675
76728,10.37033
76749,10.32576
76770,10.34688
76791,10.18971
76812,10.21317
76833,10.20144
76854,10.22959
76875,10.15218
76896,10.1123
76917,10.14984
76938,10.03959
76959,9.964523
76980,10.00909
77001,10.04662
77022,9.964523
77043,9.976252
77064,9.936375
77085,10.07243
77106,9.98798
77127,9.945757
77148,9.978598
77169,9.973906
77190,10.01144
77211,9.978598
77232,9.861312
77253,9.915263
77274,9.868348
77295,9.962177
77316,9.938721
77337,10.0302
77358,9.894152
77379,9.969215
77400,9.638468
77421,9.828471
77442,9.77452
77463,9.708839
77484,9.74637
77505,9.699456
77526,9.706493
77547,9.643159
77568,9.636122
77589,9.539948
77610,9.53291
77631,9.448463
77652,9.457847
77673,9.474266
77694,9.425007
77715,9.403895
77736,9.427352
77757,9.441426
77778,9.439081
77799,9.354634
77820,9.403895
77841,9.349943
77862,9.408587
77883,9.446118
77904,9.326486
77925,9.331178
77946,9.476612
77967,9.420315
77988,9.467229
78009,9.429698
78030,9.448463
78051,9.497724
78072,9.509453
78093,9.56575
78114,9.556367
78135,9.528218
78156,9.511798
78177,9.48834
78198,9.490686
78219,9.518835
78240,9.546985
78261,9.502416
78282,9.507107
78303,9.48834
78324,9.495378
78345,9.563404
78366,9.535255
78387,9.528218
78408,9.584516
78429,9.474266
78450,9.436735
78471,9.485995
78492,9.38982
78513,9.394512
78534,9.387475
78555,9.352288
78576,9.425007
78597,9.349943
78618,9.345251
78639,9.324141
78660,9.277225
78681,9.23031
78702,9.225619
78723,9.286609
78744,9.392166
78765,9.25846
78786,9.35698
78807,9.382783
78828,9.335869
78849,9.375746
78870,9.368709
78891,9.373401
78912,9.403895
78933,9.467229
78954,9.441426
78975,9.490686
78996,9.387475
79017,9.450809
79038,9.481303
79059,9.378092
79080,9.666616
79101,9.586862
79122,9.453156
79143,9.521181
79164,9.56575
79185,9.596244
79206,9.551676
79227,9.676
79248,9.668962
79269,9.640813
79290,9.704147
79311,9.765137
79332,9.572787
79353,9.640813
79374,9.685382
79395,9.626739
79416,9.699456
79437,9.74637
79458,9.593899
79479,9.657233
79500,9.671308
79521,9.722914
79542,9.762791
79563,9.797977
79584,9.650196
79605,9.833163
79626,9.729951
79647,9.633776
79668,9.854274
79689,9.978598
79710,9.887115
79731,9.797977
79752,9.945757
79773,9.884768
79794,9.901189
79815,9.901189
79836,9.959831
79857,9.957487
79878,9.980944
79899,9.999709
79920,9.992672
79941,10.00206
79962,10.02082
79983,10.07477
80004,10.16391
80025,10.2249
80046,10.16626
80067,10.18502
80088,10.17564
80109,10.13107
80130,10.17564
80151,10.21317
80172,10.26008
80193,10.2765
80214,10.2765
80235,10.26243
80256,10.28354
80277,10.31638
80298,10.27885
80319,10.2507
80340,10.2765
80361,10.24601
80382,10.37033
80403,10.36799
80424,10.3633
80445,10.36564
80466,10.41959
80487,10.42898
80508,10.51342
80529,10.52984
80550,10.46182
80571,10.36799
80592,10.50873
80613,10.4454
80634,10.51577
80655,10.4149
80676,10.40787
80697,10.44774
80718,10.43836
80739,10.4149
80760,10.45713
80781,10.50169
80802,10.42898
80823,10.39614
80844,10.34219
80865,10.47589
80886,10.23194
80907,10.30231
80928,10.24601
80949,10.18502
80970,10.20613
80991,10.18737
81012,10.13576
81033,10.10292
81054,10.10527
81075,10.0044
81096,10.01848
81117,9.889461
81138,9.931683
81159,9.936375
81180,9.828471
81201,9.85662
81222,9.910572
81243,9.795631
81264,9.880077
81285,9.868348
81306,9.776865
81327,9.795631
81348,9.783903
81369,9.863657
81390,9.894152
81411,9.938721
81432,9.802669
81453,9.783903
81474,9.945757
81495,9.821435
81516,9.631431
81537,9.725259
81558,9.699456
81579,9.652542
81600,9.706493
81621,9.741679
81642,9.671308
81663,9.626739
81684,9.659579
81705,9.607973
81726,9.687728
81747,9.666616
81768,9.558713
81789,9.58217
81810,9.556367
81831,9.504761
81852,9.563404
81873,9.460192
81894,9.525873
81915,9.507107
81936,9.422661
81957,9.504761
81978,9.603281
81999,9.514144
82020,9.474266
82041,9.514144
82062,9.546985
82083,9.537601
82104,9.568096
82125,9.539948
82146,9.596244
82167,9.546985
82188,9.471921
82209,9.464884
82230,9.537601
82251,9.413278
82272,9.558713
82293,9.490686
82314,9.476612
82335,9.403895
82356,9.443772
82377,9.396858
82398,9.399203
82419,9.622047
82440,9.617355
82461,9.471921
82482,9.455501
82503,9.232656
82524,9.40624
82545,9.331178
82566,9.303029
82587,9.162285
82608,9.25846
82629,9.2092
82650,9.286609
82671,9.223273
82692,9.115371
82713,9.120062
82734,9.206854
82755,9.270188
82776,9.223273
82797,9.141173
82818,9.213891
82839,9.25846
82860,9.239694
82881,9.190434
82902,9.263151
82923,9.298337
82944,9.40624
82965,9.253768
82986,9.432044
83007,9.413278
83028,9.408587
83049,9.373401
83070,9.371055
83091,9.422661
83112,9.502416
83133,9.485995
83154,9.596244
83175,9.568096
83196,9.631431
83217,9.584516
83238,9.683037
83259,9.673654
83280,9.734642
83301,9.678345
83322,9.699456
83343,9.744025
83364,9.687728
83385,9.79094
83406,9.837853
83427,9.851928
83448,9.816743
83469,9.732296
83490,9.877731
83511,9.659579
83532,9.760445
83553,9.769828
83574,9.706493
83595,9.830817
83616,9.694765
83637,9.767483
83658,9.90588
83679,9.844892
83700,9.955141
83721,9.964523
83742,9.926992
83763,9.964523
83784,9.929338
83805,10.07243
83826,10.0044
83847,10.07946
83868,10.14514
83889,10.1991
83910,10.17329
83931,10.20848
83952,10.16391
83973,10.17564
83994,10.2812
84015,10.33984
84036,10.24366
84057,10.25539
84078,10.32342
84099,10.51342
84120,10.45947
84141,10.3328
84162,10.40317
84183,10.44071
84204,10.43601
84225,10.4712
84246,10.44774
84267,10.42663
84288,10.46651
84309,10.33749
84330,10.35391
84351,10.31169
84372,10.32576
84393,10.29762
84414,10.38441
84435,10.31404
84456,10.36095
84477,10.45244
84498,10.27181
84519,10.307
84540,10.3328
84561,10.34453
84582,10.35391
84603,10.35391
84624,10.44071
84645,10.33749
84666,10.32107
84687,10.39848
84708,10.34453
84729,10.307
84750,10.31638
84771,10.21083
84792,10.26478
84813,10.32107
84834,10.18268
84855,10.15687
84876,10.22255
84897,10.15687
84918,10.11465
84939,10.18502
84960,10.18737
84981,10.07477
85002,10.14984
85023,10.01848
85044,10.08885
85065,10.09588
85086,10.117
85107,9.98329
85128,10.01848
85149,9.919954
85170,9.999709
85191,9.971561
85212,9.812052
85233,9.854274
85254,9.929338
85275,9.966869
85296,9.870694
85317,9.898843
85338,9.919954
85359,9.866002
85380,9.966869
85401,9.948103
85422,9.945757
85443,9.985635
85464,9.821435
85485,9.87304
85506,9.833163
85527,9.751062
85548,9.66427
85569,9.887115
85590,9.805015
85611,9.668962
85632,9.666616
85653,9.687728
85674,9.685382
85695,9.633776
85716,9.708839
85737,9.603281
85758,9.713531
85779,9.633776
85800,9.692419
85821,9.434389
85842,9.591553
85863,9.828471
85884,9.277225
85905,9.537601
85926,9.584516
85947,9.591553
85968,9.610318
85989,9.528218
86010,9.450809
86031,9.521181
86052,9.368709
86073,9.338214
86094,9.403895
86115,9.436735
86136,9.450809
86157,9.38982
86178,9.361671
86199,9.382783
86220,9.35698
86241,9.317103
86262,9.371055
86283,9.408587
86304,9.385129
86325,9.34056
86346,9.382783
86367,9.249077
86388,9.23031
86409,9.450809
86430,9.371055
86451,9.436735
86472,9.436735
86493,9.265497
86514,9.204508
86535,9.244386
86556,9.24204
86577,9.349943
86598,9.305374
86619,9.354634
86640,9.392166
86661,9.249077
86682,9.2092
86703,9.286609
86724,9.218582
86745,9.199817
86766,9.425007
86787,9.314757
86808,9.24204
86829,9.25846
86850,9.263151
86871,9.091913
86892,9.138828
86913,9.335869
86934,9.342906
86955,9.288955
86976,9.34056
86997,9.225619
87018,9.211545
87039,9.403895
87060,9.420315
87081,9.429698
87102,9.514144
87123,9.558713
87144,9.561059
87165,9.51649
87186,9.596244
87207,9.629085
87228,9.537601
87249,9.77452
87270,9.79094
87291,9.680691
87312,9.823779
87333,9.826125
87354,9.699456
87375,9.797977
87396,9.849584
87417,9.903535
87438,9.779211
87459,9.708839
87480,9.631431
87501,9.762791
87522,10.02551
87543,9.962177
87564,9.858966
87585,9.830817
87606,9.891806
87627,9.929338
87648,9.884768
87669,9.955141
87690,10.03255
87711,10.10527
87732,10.06773
87753,10.17564
87774,10.26008
87795,10.24601
87816,10.19441
87837,10.18971
87858,10.26243
87879,10.23897
87900,10.23194
87921,10.28589
87942,10.46182
87963,10.31638
87984,10.35157
88005,10.40552
88026,10.37033
88047,10.40787
88068,10.40083
88089,10.4149
88110,10.4149
88131,10.34219
88152,10.41725
88173,10.46885
88194,10.43601
88215,10.5838
88236,10.50639
88257,10.45713
88278,10.37033
88299,10.4712
88320,10.5275
88341,10.49231
88362,10.42663
88383,10.4454
88404,10.44305
88425,10.46885
88446,10.38206
88467,10.41725
88488,10.33046
88509,10.31404
88530,10.14514
88551,10.17095
88572,10.20848
88593,10.13576
88614,10.21317
88635,10.19675
88656,10.14984
88677,10.1428
88698,10.17564
88719,10.17564
88740,10.17329
88761,10.21786
88782,10.24836
88803,10.21552
88824,10.24601
88845,10.22725
88866,10.17095
88887,10.24132
88908,10.21552
88929,10.2249
88950,10.17798
88971,10.1991
88992,10.12872
89013,10.15453
89034,10.06305
89055,10.04897
89076,10.06539
89097,10.12638
89118,9.992672
89139,9.976252
89160,9.9223
89181,9.962177
89202,9.882422
89223,9.795631
89244,9.851928
89265,9.868348
89286,9.708839
89307,9.699456
89328,9.579824
89349,9.58217
89370,9.551676
89391,9.59859
89412,9.589207
89433,9.469575
89454,9.619701
89475,9.478958
89496,9.53291
89517,9.537601
89538,9.481303
89559,9.530564
89580,9.502416
89601,9.511798
89622,9.593899
89643,9.568096
89664,9.469575
89685,9.464884
89706,9.495378
89727,9.509453
89748,9.469575
89769,9.561059
89790,9.509453
89811,9.504761
89832,9.485995
89853,9.408587
89874,9.490686
89895,9.514144
89916,9.35698
89937,9.453156
89958,9.490686
89979,9.422661
90000,9.394512
90021,9.345251
90042,9.328832
90063,9.427352
90084,9.403895
90105,9.342906
90126,9.288955
90147,9.216236
90168,9.27488
90189,9.157594
90210,9.202163
90231,9.113025
90252,9.25846
90273,9.246731
90294,9.239694
90315,9.34056
90336,9.2092
90357,9.349943
90378,9.286609
90399,9.305374
90420,9.251423
90441,9.321795
90462,9.256114
90483,9.270188
90504,9.448463
90525,9.422661
90546,9.464884
90567,9.347597
90588,9.387475
90609,9.333523
90630,9.434389
90651,9.371055
90672,9.333523
90693,9.455501
90714,9.495378
90735,9.579824
90756,9.24204
90777,9.563404
90798,9.525873
90819,9.514144
90840,9.483649
90861,9.511798
90882,9.429698
90903,9.600936
90924,9.446118
90945,9.53291
90966,9.617355
90987,9.481303
91008,9.661925
91029,9.535255
91050,9.415624
91071,9.54933
91092,9.58217
91113,9.554022
91134,9.528218
91155,9.643159
91176,9.697111
91197,9.805015
91218,9.741679
91239,9.7581
91260,9.870694
91281,9.98798
91302,9.680691
91323,9.858966
91344,9.952795
91365,9.98798
91386,10.10996
91407,10.10058
91428,10.06305
91449,10.29292
91470,10.20848
91491,10.08416
91512,10.12403
91533,10.2507
91554,10.17329
91575,10.26712
91596,10.37268
91617,10.42663
91638,10.44774
91659,10.57207
91680,10.45009
91701,10.39379
91722,10.48762
91743,10.46182
91764,10.52281
91785,10.59318
91806,10.57207
91827,10.56503
91848,10.56738
91869,10.45009
91890,10.45947
91911,10.46651
91932,10.50873
91953,10.47589
91974,10.50639
91995,10.42663
92016,10.56034
92037,10.64009
92058,10.61429
92079,10.67762
92100,10.5791
92121,10.63775
92142,10.57676
92163,10.67293
92184,10.59318
92205,10.64009
92226,10.70577
92247,10.59787
92268,10.60256
92289,10.57676
92310,10.58145
92331,10.55096
92352,10.56503
92373,10.47824
92394,10.50639
92415,10.40787
92436,10.42194
92457,10.45478
92478,10.27181
92499,10.2507
92520,10.22021
92541,10.18268
92562,10.22255
92583,10.07946
92604,9.98329
92625,10.0044
92646,10.02317
92667,9.910572
92688,9.903535
92709,9.875386
92730,9.870694
92751,9.919954
92772,9.85662
92793,9.812052
92814,9.603281
