8818,9.596244
8839,9.51649
8860,9.401549
8881,9.382783
8902,9.347597
8923,9.080185
8944,9.075493
8965,9.040307
8986,9.026234
9007,9.066111
9028,8.967589
9049,8.918329
9070,8.923021
9091,8.866723
9112,9.014504
9133,8.838574
9154,8.733017
9175,8.8245
9196,8.911292
9217,8.887836
9238,8.817463
9259,8.763512
9280,8.714252
9301,8.728326
9322,8.704868
9343,8.765858
9364,8.850304
9385,8.969935
9406,8.810426
9427,8.629806
9448,8.72598
9469,8.686103
9490,8.679066
9511,8.648571
9532,8.718943
9553,8.519556
9574,8.526593
9595,8.573507
9616,8.512519
9637,8.552396
9658,8.543014
9679,8.517211
9700,8.512519
9721,8.510174
9742,8.641534
9763,8.360046
9784,8.317823
9805,8.67672
9826,8.573507
9847,8.235723
9868,8.737708
9889,9.220928
9910,9.026234
9931,8.838574
9952,8.995738
9973,9.260805
9994,9.34056
10015,9.495378
10036,9.539948
10057,9.877731
10078,9.835509
10099,10.11934
10120,10.25774
10141,10.11465
10162,10.27181
10183,10.47589
10204,10.53219
10225,10.68466
10246,10.748
10267,10.93331
10288,10.9122
10309,10.94738
10330,11.17726
10351,11.39307
10372,11.51505
10393,11.40949
10414,11.44468
10435,11.51974
10456,11.58307
10477,11.44937
10498,11.57604
10519,11.80123
10540,11.80826
10561,11.77777
10582,11.69098
10603,11.38369
10624,11.46344
10645,11.86222
10666,11.90913
10687,11.74493
10708,11.72382
10729,11.52678
10750,11.41184
10771,11.41887
10792,11.42122
10813,11.35554
10834,11.20776
10855,10.94738
10876,10.91689
10897,10.80429
10918,10.72219
10939,10.51108
10960,10.6354
10981,10.56268
11002,10.4454
11023,10.307
11044,10.23897
11065,10.27181
11086,9.926992
11107,9.978598
11128,10.07243
11149,9.964523
11170,9.90588
11191,9.868348
11212,9.79094
11233,9.725259
11254,9.708839
11275,9.575133
11296,9.518835
11317,9.420315
11338,9.349943
11359,9.27488
11380,9.310066
11401,9.24204
11422,9.103642
11443,9.061419
11464,8.98401
11485,8.958207
11506,8.892527
11528,8.932404
11549,8.918329
11570,8.908947
11591,8.887836
11612,8.93475
11633,8.932404
11654,8.904256
11675,8.979319
11696,8.887836
11717,8.927712
11738,8.829192
11759,8.948824
11780,8.908947
11801,9.035616
11822,8.913638
11843,8.817463
11864,8.871415
11885,8.890181
11906,8.878452
11927,8.939441
11948,8.908947
11969,8.918329
11990,8.932404
12011,9.08253
12032,9.068456
12053,9.014504
12074,8.981664
12095,9.012158
12116,9.059073
12137,9.026234
12158,8.843266
12179,8.923021
12200,8.937096
12221,8.976973
12242,8.962898
12263,8.798697
12284,8.740054
12305,8.920675
12326,9.002776
12347,8.850304
12368,8.786969
12389,8.639189
12410,8.7424
12431,9.026234
12452,8.833883
12473,8.390541
12494,8.531285
12515,8.829192
12536,8.575853
12557,8.460913
12578,8.662645
12599,8.833883
12620,8.653263
12641,8.862032
12662,8.728326
12683,8.876106
12704,8.95117
12725,8.890181
12746,9.321795
12767,9.659579
12788,9.54933
12809,9.518835
12830,9.561059
12851,9.870694
12872,10.05366
12893,10.10996
12914,10.33749
12935,10.37268
12956,10.53219
12977,10.52281
12998,10.7738
13019,10.98492
13040,10.88405
13061,11.11862
13082,11.2101
13103,11.2922
13124,11.47517
13145,11.73555
13166,11.64172
13187,11.72851
13208,11.79888
13229,11.78012
13250,11.80826
13271,11.83172
13292,11.57135
13313,11.94901
13334,12.14605
13355,11.68394
13376,11.59949
13397,11.71444
13418,11.55962
13439,11.58777
13460,11.39307
13481,11.41184
13502,11.24529
13523,11.31566
13544,11.11158
13565,10.938
13586,11.02948
13607,11.00837
13628,10.85824
13649,10.83948
13670,10.60022
13691,10.61664
13712,10.68232
13733,10.56034
13754,10.42429
13775,10.36799
13796,10.3633
13817,10.24601
13838,10.24132
13859,10.13576
13880,10.17798
13901,10.18971
13922,10.16156
13943,9.950449
13964,9.894152
13985,9.964523
14006,9.814397
14027,9.870694
14048,9.797977
14069,9.678345
14090,9.443772
14111,9.392166
14132,9.596244
14153,9.434389
14174,9.166977
14195,9.34056
14217,9.256114
14238,9.265497
14259,9.122408
14280,9.089567
14301,9.091913
14322,9.115371
14343,9.054381
14364,9.03327
14385,9.127099
14406,8.948824
14427,8.885489
14448,9.040307
14469,9.162285
14490,9.122408
14511,8.869069
14532,8.923021
14553,9.073148
14574,8.969935
14595,8.988701
14616,8.965244
14637,8.976973
14658,9.014504
14679,9.042653
14700,8.937096
14721,8.976973
14742,9.056727
14763,9.063765
14784,8.976973
14805,8.946478
14826,9.087222
14847,9.026234
14868,9.021542
14889,8.988701
14910,9.077839
14931,9.009813
14952,8.810426
14973,8.93475
14994,8.857341
15015,8.918329
15036,8.866723
15057,8.822155
15078,8.815118
15099,8.817463
15120,8.890181
15141,8.960552
15162,8.876106
15183,8.871415
15204,8.763512
15225,8.829192
15246,9.080185
15267,8.779932
15288,9.178705
15309,8.991047
15330,9.056727
15351,9.113025
15372,9.220928
15393,9.331178
15414,9.429698
15435,9.464884
15456,9.35698
15477,9.657233
15498,9.80736
15519,9.880077
15540,9.962177
15561,9.915263
15582,9.992672
15603,10.02082
15624,10.08885
15645,10.24601
15666,10.2812
15687,10.30935
15708,10.50169
15729,10.60256
15750,10.41021
15771,10.6354
15792,10.63071
15813,10.61898
15834,10.78787
15855,10.7996
15876,10.84652
15897,11.0201
15918,11.05294
15939,10.938
15960,10.98022
15981,11.21714
16002,11.03887
16023,11.15615
16044,11.09751
16065,11.16084
16086,11.12097
16107,11.21714
16128,11.09282
16149,11.11862
16170,11.25936
16191,11.1022
16212,11.13504
16233,11.11627
16254,11.04356
16275,11.13504
16296,11.04356
16317,11.02479
16338,11.01775
16359,10.938
16380,10.90985
16401,10.91454
16422,10.8817
16443,10.83713
16464,10.8559
16485,10.87701
16506,10.80664
16527,10.75034
16548,10.77614
16569,10.59787
16590,10.56034
16611,10.55096
16632,10.54157
16653,10.53923
16674,10.42898
16695,10.3891
16716,10.3891
16737,10.29527
16758,10.15687
16779,10.23663
16800,10.24366
16821,10.10761
16842,10.11465
16863,10.0044
16884,10.05132
16905,9.995018
16926,9.985635
16947,9.950449
16968,10.02786
16989,9.800323
17010,9.706493
17031,9.762791
17052,9.544639
17073,9.474266
17094,9.525873
17115,9.443772
17136,9.24204
17157,9.34056
17178,9.272534
17199,9.23031
17220,9.253768
17241,9.176359
17262,9.136482
17283,9.181051
17304,9.13179
17325,9.054381
17346,9.105988
17367,9.145865
17388,9.066111
17409,9.19278
17430,9.195126
17451,9.429698
17472,9.263151
17493,9.019196
17514,8.976973
17535,9.108333
17556,9.223273
17577,9.080185
17598,9.052036
17619,8.998084
17640,9.014504
17661,9.04969
17682,9.108333
17703,9.03327
17724,9.023888
17745,9.040307
17766,9.108333
17787,9.120062
17808,9.115371
17829,9.077839
17850,9.035616
17871,9.141173
17892,9.24204
17913,9.35698
17934,9.183396
17955,9.077839
17976,9.169322
17997,9.087222
18018,9.150557
18039,9.164631
18060,9.091913
18081,9.155248
18102,9.197471
18123,9.174014
18144,9.073148
18165,9.216236
18186,9.176359
18207,9.204508
18228,9.237348
18249,9.220928
18270,9.129445
18291,9.408587
18312,9.134136
18333,9.080185
18354,9.120062
18375,9.115371
18396,9.218582
18417,9.279572
18438,9.293646
18459,9.326486
18480,9.422661
18501,9.554022
18522,9.403895
18543,9.476612
18564,9.497724
18585,9.61501
18606,9.739333
18627,9.690074
18648,9.66427
18669,9.671308
18690,9.945757
18711,9.971561
18732,9.795631
18753,9.964523
18774,9.971561
18795,10.04897
18816,10.09119
18837,10.17095
18858,10.20613
18879,10.17329
18900,10.23428
18921,10.29996
18942,10.23428
18963,10.307
18984,10.49231
19005,10.26947
19026,10.43367
19047,10.56503
19068,10.61664
19089,10.80195
19110,10.55799
19131,10.90516
19152,10.48293
19173,10.6659
19194,10.64009
19215,10.59787
19236,10.56972
19257,10.60491
19278,10.53453
19299,10.64478
19320,10.69404
19341,10.65182
19362,10.71516
19383,10.70108
19404,10.56738
19425,10.64713
19446,10.56738
19467,10.66355
19488,10.75503
19509,10.66121
19530,10.64009
19551,10.75738
19573,10.6917
19595,10.65651
19616,10.71516
19637,10.70577
19658,10.70577
19679,10.72923
19700,10.66121
19721,10.75269
19742,10.74331
19763,10.75269
19784,10.5791
19805,10.69639
19826,10.60725
19847,10.47355
19868,10.52515
19889,10.60491
19910,10.39848
19931,10.53219
19952,10.53219
19973,10.35861
19994,10.43367
20015,10.29996
20036,10.2249
20057,10.18268
20078,10.18268
20099,10.15218
20120,10.117
20141,10.09119
20162,10.1123
20183,10.1123
20204,10.1428
20225,10.05601
20246,10.08416
20267,10.10527
20288,9.990326
20309,10.21786
20330,9.976252
20351,9.866002
20372,9.769828
20393,9.631431
20414,9.575133
20435,9.640813
20456,9.539948
20477,9.523527
20498,9.427352
20519,9.380438
20540,9.2913
20561,9.223273
20582,9.277225
20603,9.220928
20624,9.2092
20645,9.169322
20666,9.183396
20687,9.070802
20708,9.176359
20729,9.349943
20750,9.387475
20771,9.042653
20792,9.044999
20813,9.223273
20834,9.141173
20855,9.012158
20876,9.00043
20897,9.007467
20918,9.105988
20939,9.103642
20960,9.070802
20981,8.93475
21002,9.075493
21023,9.155248
21044,8.993393
21065,8.939441
21086,9.002776
21107,9.120062
21128,9.089567
21149,9.150557
21170,9.24204
21191,9.19278
21212,9.052036
21233,9.012158
21254,9.040307
21275,9.04969
21296,9.091913
21317,9.091913
21338,9.143519
21359,9.063765
21380,9.13179
21401,9.108333
21422,9.129445
21443,9.129445
21464,9.091913
21485,9.220928
21506,9.213891
21527,9.213891
21548,9.13179
21569,9.068456
21590,9.035616
21611,9.410933
21632,9.155248
21653,9.338214
21674,8.915984
21695,8.817463
21716,9.073148
21737,9.671308
21758,8.913638
21779,9.401549
21800,9.052036
21821,9.129445
21842,9.50007
21863,9.152903
21884,9.181051
21905,9.441426
21926,9.364017
21947,9.439081
21968,9.586862
21989,9.603281
22010,9.579824
22031,9.570441
22052,9.748716
22073,9.77452
22094,9.805015
22115,9.715877
22136,9.863657
22157,9.950449
22178,9.969215
22199,9.931683
22220,10.13576
22241,10.2249
22262,10.04428
22283,10.22725
22304,10.25539
22325,10.18502
22346,10.46885
22367,10.3891
22388,10.46885
22409,10.53688
22430,10.53923
22451,10.5275
22472,10.54626
22493,10.63775
22514,10.56268
22535,10.60256
22556,10.69639
22577,10.60022
22598,10.63071
22619,10.56503
22640,10.53923
22661,10.53219
22682,10.60491
22703,10.55096
22724,10.60022
22745,10.75972
22766,10.67059
22787,10.76442
22808,10.75503
22829,10.73861
22850,10.78553
22871,10.81837
22892,10.71281
22913,10.75972
22934,10.87936
22955,10.91454
22976,10.86997
22997,10.8559
23018,10.91923
23039,10.83244
23060,10.95677
23081,10.85824
23102,10.87936
23123,10.82306
23144,10.75034
23165,10.69874
23186,10.94269
23207,10.82541
23228,10.64009
23249,10.45244
23270,10.47355
23291,10.45478
23312,10.37972
23333,10.28589
23354,10.3633
23375,10.29762
23396,10.3633
23417,10.21552
23438,10.15922
23459,10.25539
23480,10.17095
23501,9.997364
23522,10.0607
23543,10.01613
23564,10.07008
23585,9.875386
23606,9.694765
23627,9.612664
23648,9.617355
23669,9.455501
23690,9.41797
23711,9.422661
23732,9.213891
23753,9.181051
23774,9.134136
23795,8.930058
23816,8.986356
23837,9.073148
23858,8.885489
23879,8.758821
23900,8.871415
23921,8.899564
23942,8.920675
23963,9.068456
23984,9.035616
24005,8.794006
24026,8.873761
24047,8.831537
24068,8.998084
24089,8.843266
24110,8.67672
24131,8.735363
24152,8.782278
24173,8.892527
24194,8.653263
24215,8.620422
24236,8.704868
24257,8.718943
24278,8.700177
24299,8.657954
24320,8.702522
24341,8.740054
24362,8.704868
24383,8.653263
24404,8.786969
24425,8.798697
24446,8.854995
24467,8.761166
24488,8.815118
24509,8.768204
24530,8.735363
24551,8.819809
24572,8.796351
24593,8.772895
24614,8.751783
24635,8.890181
24656,8.798697
24677,8.765858
24698,8.838574
24719,8.854995
24740,8.939441
24761,8.887836
24782,9.056727
24803,8.796351
24824,8.69314
24845,8.887836
24866,8.852649
24887,8.976973
24908,8.974627
24929,8.894873
24950,9.066111
24971,8.962898
24992,8.98401
25013,9.171668
25034,9.171668
25055,8.991047
25076,9.218582
25097,9.443772
25118,9.460192
25139,9.354634
25160,9.51649
25181,9.652542
25202,9.795631
25223,9.87304
25244,9.837853
25265,10.02786
25286,10.13576
25307,10.13107
25328,10.25774
25349,10.34453
25370,10.31404
25391,10.40552
25412,10.30935
25433,10.37503
25454,10.62367
25475,10.47824
25496,10.58614
25517,10.69874
25538,10.76911
25559,10.76676
25580,10.79022
25601,11.01541
25622,11.09517
25643,11.15615
25664,11.04356
25685,11.13739
25706,11.08343
25727,11.15615
25748,11.14677
25769,11.03183
25790,10.7738
25811,10.79491
25832,10.97788
25853,10.94738
25874,10.79491
25895,10.5791
25916,10.69639
25937,10.63306
25958,10.5838
25979,10.72923
26000,10.82306
26021,10.83713
26042,10.71516
26063,10.6354
26084,10.7738
26105,10.75972
26126,10.80429
26147,10.71985
26168,10.67762
26189,10.60022
26210,10.60256
26231,10.62367
26252,10.46651
26273,10.42898
26294,10.49935
26315,10.37033
26336,10.19675
26357,10.18268
26378,10.26947
26399,10.10527
26420,9.990326
26441,10.03255
26462,9.847238
26483,9.844892
26504,9.844892
26525,9.539948
26546,9.288955
26567,9.342906
26588,9.23031
26609,9.166977
26630,9.19278
26651,9.13179
26672,9.117716
26693,8.967589
26714,8.772895
26735,8.779932
26756,8.955861
26777,8.859686
26798,8.854995
26819,8.887836
26840,8.84092
26861,8.911292
26882,8.735363
26903,8.770549
26924,8.857341
26945,8.697831
26966,8.749437
26987,8.850304
27008,8.784623
27029,8.735363
27050,8.779932
27071,8.697831
27092,8.789314
27113,8.808081
27134,8.897219
27155,8.664991
27176,8.747091
27197,8.592274
27218,8.789314
27239,9.040307
27260,8.890181
27281,8.653263
27302,8.669683
27323,8.629806
27344,8.981664
27365,8.48437
27386,8.812772
27407,8.514865
27428,8.390541
27449,8.923021
27470,8.6603
27491,8.362392
27512,8.463259
27533,8.582891
27554,8.683757
27575,8.709559
27596,8.594619
27617,8.531285
27638,8.639189
27659,8.777586
27680,8.941787
27701,9.014504
27722,9.00043
27743,9.035616
27764,9.253768
27785,9.27488
27806,9.326486
27827,9.265497
27848,9.51649
27869,9.589207
27890,9.572787
27911,9.619701
27932,9.74637
27953,9.74637
27974,9.985635
27995,10.01613
28016,10.02786
28037,9.931683
28058,10.27416
28079,10.36095
28100,10.30231
28121,10.44774
28142,10.45947
28163,10.45244
28184,10.71985
28205,10.47355
28226,10.55799
28247,10.50873
28268,10.60725
28289,10.61194
28310,10.68701
28331,10.65651
28352,10.73158
28373,10.6917
28394,10.68935
28415,10.83713
28436,10.79491
28457,10.76676
28478,10.89812
28499,10.85824
28520,10.90985
28541,11.1022
28562,10.99899
28583,11.03183
28604,11.00603
28625,11.01775
28646,11.05998
28667,11.06232
28688,11.06701
28709,11.09751
28730,11.08343
28751,11.11393
28772,10.98961
28793,11.07405
28814,11.29455
28835,11.14677
28856,11.14208
28877,11.08813
28898,10.96146
28919,10.80664
28940,10.72923
28961,10.64009
28982,10.54157
29003,10.41256
29024,10.38206
29045,10.34219
29066,10.37033
29087,10.29527
29108,10.14514
29129,10.09119
29150,10.05132
29171,9.896498
29192,9.837853
29213,9.898843
29234,9.891806
29255,9.880077
29276,9.821435
29297,9.891806
29318,9.98798
29339,9.999709
29360,9.748716
29381,9.633776
29402,9.551676
29423,9.511798
29444,9.525873
29465,9.425007
29486,9.2913
29507,9.295992
29528,9.256114
29549,9.324141
29570,9.495378
29591,9.263151
29612,9.204508
29633,9.317103
29654,9.232656
29675,9.19278
29696,9.150557
29717,9.518835
29738,9.183396
29759,8.988701
29780,8.969935
29801,9.059073
29822,8.967589
29843,8.969935
29864,8.878452
29885,8.779932
29906,8.735363
29927,8.707214
29948,8.782278
29969,8.751783
29990,8.833883
30011,8.639189
30032,8.552396
30053,8.561779
30074,8.634497
30095,8.777586
30116,8.439801
30137,8.378813
30158,8.540668
30179,8.646226
30200,8.679066
30221,8.592274
30242,8.432764
30263,8.507828
30284,8.514865
30305,8.517211
30328,8.622768
30351,8.632151
30372,8.646226
30393,8.650917
30414,8.620422
30435,8.543014
30456,8.686103
30477,8.310786
30498,8.679066
30519,9.061419
30540,8.918329
30561,8.646226
30582,8.90191
30603,8.939441
30624,8.923021
30645,8.993393
30666,9.138828
30687,9.295992
30708,9.263151
30729,9.27488
30750,9.288955
30771,9.408587
30792,9.493032
30813,10.03724
30834,9.948103
30855,9.894152
30876,9.995018
30897,9.692419
30918,10.16391
30939,10.30465
30960,10.5838
30981,10.41959
31002,10.5791
31023,10.69404
31044,10.76442
31065,10.81133
31086,10.92862
31107,10.93331
31128,11.01541
31149,10.87701
31171,10.90516
31192,10.84886
31213,10.97084
31234,11.09985
31255,11.2664
31276,11.40245
31297,11.63937
31318,11.17257
31339,11.11627
31360,11.27109
31381,11.33912
31402,11.19603
31423,11.23122
31444,11.43999
31465,11.04356
31486,10.75269
31507,10.87701
31528,10.938
31549,10.86763
31570,10.64244
31591,10.74331
31612,10.5838
31633,10.54392
31654,10.45478
31675,10.38441
31696,10.2249
31717,10.36095
31738,10.52281
31759,10.2249
31780,10.32811
31801,10.37268
31822,10.3633
31843,10.31638
31864,10.29292
31885,10.28354
31906,10.09354
31927,10.07243
31948,10.05835
31969,10.07243
31990,10.00675
32011,9.912917
32032,9.861312
32053,9.74637
32074,9.823779
32095,9.666616
32116,9.586862
32137,9.619701
32158,9.408587
32179,9.361671
32200,9.704147
32221,9.41797
32242,9.249077
32263,9.270188
32284,9.171668
32305,9.105988
32326,8.946478
32347,8.944133
32368,9.13179
32389,9.141173
32410,8.869069
32431,8.796351
32452,8.98401
32473,9.007467
32494,8.90191
32515,8.880798
32536,8.974627
32557,8.941787
32578,8.927712
32599,9.042653
32620,9.103642
32641,9.223273
32662,9.134136
32683,9.023888
32704,9.09895
32725,9.059073
32746,9.164631
32767,9.110679
32788,9.122408
32809,9.103642
32830,9.094258
32851,8.986356
32872,9.066111
32893,9.030925
32914,9.059073
32935,9.059073
32956,8.960552
32977,8.944133
32998,8.995738
33019,9.030925
33040,8.995738
33061,8.869069
33082,8.969935
33103,8.923021
33124,8.908947
33145,8.838574
33166,8.749437
33187,8.761166
33208,8.744746
33229,8.531285
33250,8.587582
33271,8.636843
33292,8.639189
33313,8.505482
33334,8.48437
33355,8.505482
33376,8.559433
33397,8.615731
33418,8.496099
33439,8.695485
33460,8.779932
33481,8.723634
33502,8.812772
33523,8.890181
33544,9.042653
33565,8.958207
33586,9.047344
33607,9.176359
33628,9.24204
33649,9.34056
33670,9.497724
33691,9.460192
33712,9.481303
33733,9.687728
33754,9.676
33775,9.919954
33796,10.07243
33817,10.03255
33838,9.995018
33859,10.35391
33880,10.42898
33901,10.64947
33922,10.68701
33943,10.81602
33964,10.73861
33985,10.93331
34006,10.98726
34027,10.86294
34048,11.09047
34069,11.03887
34090,11.19603
34111,11.00603
34132,10.81133
34153,10.85355
34174,10.95911
34195,10.87936
34216,10.73627
34237,10.88874
34258,11.15615
34279,11.18665
34300,10.94035
34321,10.90047
34342,10.86294
34363,10.90516
34384,11.04825
34405,11.1843
34426,10.73392
34447,10.77614
34468,10.87467
34489,10.86528
34510,10.98257
34531,10.91689
34552,10.74565
34573,10.6917
34594,10.81368
34615,10.98726
34636,11.11393
34657,10.81368
34678,10.55799
34699,10.56738
34720,10.44071
34741,10.51811
34762,10.30935
34783,10.30935
34804,10.34219
34825,10.12403
34846,9.891806
34867,9.978598
34888,9.85662
34909,9.783903
34930,9.786248
34951,9.800323
34972,9.765137
34993,9.973906
35014,9.795631
35035,9.570441
35056,9.708839
35077,9.659579
35098,9.593899
35119,9.650196
35140,9.462538
35161,9.476612
35182,9.352288
35203,9.30772
35224,9.202163
35245,9.138828
35266,9.089567
35287,9.183396
35308,9.047344
35329,9.030925
35350,9.012158
35371,9.077839
35392,8.838574
35413,9.035616
35434,8.878452
35455,8.981664
35476,9.122408
35497,8.953515
35518,8.899564
35539,8.927712
35560,9.012158
35581,8.930058
35602,8.887836
35623,8.908947
35644,8.728326
35665,8.69314
35686,8.775241
35707,8.679066
35728,8.472641
35749,8.327207
35770,8.545359
35791,8.559433
35812,8.596965
35833,8.578199
35854,8.655608
35875,8.817463
35896,8.768204
35917,8.758821
35938,8.794006
35959,8.810426
35980,8.7424
36001,8.786969
36022,8.653263
36043,8.67672
36064,8.655608
36085,8.571162
36106,8.528939
36127,8.604002
36148,8.521902
36169,8.575853
36190,8.56647
36211,8.611039
36232,8.582891
36253,8.526593
36274,8.664991
36295,8.667336
36316,8.449184
36337,8.615731
36358,8.500791
36379,8.730671
36400,8.711905
36421,8.496099
36442,8.552396
36463,8.843266
36484,8.618076
36505,8.79166
36526,8.737708
36547,8.761166
36568,8.716597
36589,8.897219
36610,8.878452
36631,9.087222
36652,9.157594
36673,9.300683
36694,9.48834
36715,9.586862
36736,9.636122
36757,9.797977
36778,9.812052
36799,9.955141
36820,10.07477
36841,10.02317
36862,10.39145
36883,10.34219
36904,10.23194
36925,10.39614
36946,10.497
36967,10.45244
36988,10.3891
37009,10.50639
37030,10.64009
37051,10.54626
37072,10.64009
37093,11.1022
37114,11.18196
37135,11.15381
37156,10.94504
37177,11.08578
37198,10.87467
37219,10.77849
37240,11.17023
37261,11.25467
37282,11.29924
37303,10.47589
37324,10.70577
37345,10.75738
37366,10.47589
37387,10.45009
37408,10.42194
37429,10.48058
37450,10.43367
37471,10.46182
37492,10.37503
37513,10.34453
37534,10.43132
37555,10.45713
37576,10.47589
37597,10.55096
37618,10.45713
37639,10.45009
37660,10.45947
37681,10.5275
37702,10.45009
37723,10.48762
37744,10.24366
37765,10.32811
37786,10.27416
37807,10.23663
37828,10.17095
37849,10.14749
37870,10.15922
37891,10.08181
37912,10.00206
37933,10.16156
37954,9.802669
37975,9.772174
37996,9.776865
38017,9.87304
38038,9.58217
38059,9.748716
38080,9.523527
38101,9.561059
38122,9.223273
38143,9.223273
38164,9.181051
38185,9.021542
38206,9.002776
38227,9.143519
38248,9.108333
38269,9.061419
38290,9.009813
38311,9.080185
38332,9.089567
38353,9.087222
38374,9.047344
38395,9.061419
38416,9.075493
38437,9.040307
38458,9.04969
38479,9.087222
38500,9.068456
38521,9.08253
38542,9.005121
38563,9.052036
38584,9.04969
38605,9.110679
38626,8.98401
38647,8.960552
38668,8.993393
38689,8.946478
38710,9.054381
38731,9.113025
38752,9.101295
38773,9.096604
38794,9.094258
38815,9.127099
38836,9.162285
38857,9.136482
38878,9.002776
38899,9.002776
38920,9.00043
38941,8.847958
38962,8.723634
38983,8.683757
39004,8.697831
39025,8.53363
39046,8.585237
39067,8.538322
39088,8.432764
39109,8.437455
39130,8.514865
39151,8.526593
39172,8.528939
39193,8.634497
39214,8.545359
39235,8.517211
39256,8.67672
39277,8.7424
39298,8.646226
39319,8.6603
39340,8.723634
39361,8.711905
39382,8.589928
39403,9.03327
39424,8.976973
39445,8.812772
39466,9.03327
39487,8.962898
39508,8.979319
39529,9.216236
39550,9.249077
39571,9.124753
39592,9.364017
39613,9.305374
39634,9.551676
39655,9.462538
39676,9.56575
39697,9.636122
39718,9.59859
39739,9.511798
39760,9.605627
39781,9.762791
39802,9.797977
39823,9.948103
39844,9.739333
39865,9.727605
39886,9.973906
39907,9.98329
39928,9.941067
39949,10.06539
39970,10.18737
39991,10.2765
40012,10.48528
40033,10.45244
40054,10.60725
40075,10.63071
40096,10.73158
40117,10.76911
40138,10.75269
40159,10.80664
40180,10.74565
40201,10.83479
40222,10.88405
40243,10.86763
40264,10.84183
40285,10.65886
40306,10.82306
40327,10.84652
40348,10.77614
40369,11.35788
40390,10.79491
40411,11.08813
40432,11.01306
40453,10.94504
40474,10.99899
40495,10.81837
40516,10.7175
40537,10.748
40558,10.60491
40579,10.52281
40600,10.32107
40621,10.2507
40642,10.14045
40663,9.962177
40684,10.23194
40705,10.09588
40726,9.894152
40747,10.17095
40768,10.15218
40789,10.18971
40810,10.03724
40831,10.03489
40852,10.05132
40873,10.18502
40894,10.12403
40915,10.117
40936,10.13342
40957,10.0607
40978,9.985635
40999,9.98329
41020,9.903535
41041,9.809706
41062,9.814397
41083,9.849584
41104,9.711185
41125,9.610318
41146,9.593899
41167,9.502416
41188,9.497724
41209,9.303029
41230,9.298337
41251,9.150557
41272,9.312411
41293,9.138828
41314,9.052036
41335,8.892527
41356,8.995738
41377,9.138828
41398,8.927712
41419,8.833883
41440,8.925366
41461,8.817463
41482,8.704868
41503,8.770549
41524,8.7424
41545,8.796351
41566,8.716597
41587,8.826846
41608,8.965244
41629,8.908947
41650,8.8245
41671,8.836229
41692,8.920675
41713,8.986356
41734,9.063765
41755,8.915984
41776,8.944133
41797,8.897219
41818,8.90191
41839,8.90191
41860,8.981664
41881,8.908947
41902,8.958207
41923,8.927712
41944,8.955861
41965,8.960552
41986,8.979319
42007,8.880798
42028,8.958207
42049,8.953515
42070,8.887836
42091,8.93475
42112,8.969935
42133,8.976973
42154,8.810426
42175,8.704868
42196,8.782278
42217,8.737708
42238,8.608693
42259,8.662645
42280,8.657954
42301,8.498445
42322,8.611039
42343,8.561779
42364,8.491407
42385,8.79166
42406,8.559433
42427,8.782278
42448,8.697831
42469,8.768204
42490,8.892527
42511,9.075493
42532,9.019196
42553,9.063765
42574,9.218582
42595,9.375746
42616,9.380438
42637,9.441426
42658,9.554022
42679,9.59859
42700,9.605627
42721,9.617355
42742,9.755754
42763,9.999709
42784,9.903535
42805,9.823779
42826,10.14984
42847,10.29292
42868,10.15218
42889,10.37033
42910,10.47589
42931,10.47355
42952,10.56503
42973,10.59318
42994,10.74331
43015,10.67997
43036,10.80195
43057,10.93096
43078,10.88874
43099,10.98022
43120,10.86059
43141,10.71281
43162,10.71046
43183,10.67528
43204,10.70812
43225,10.75738
43246,10.72219
43267,10.79726
43288,10.81837
43309,10.90281
43330,10.89578
43351,10.86294
43372,10.90516
43393,10.94269
43414,10.82306
43435,10.7175
43456,10.748
43477,10.72219
43498,10.75972
43519,10.72454
43540,10.64244
43561,10.60022
43582,10.65886
43603,10.84652
43624,10.72688
43645,10.62133
43666,10.67997
43687,10.53688
43708,10.4454
43729,10.29058
43750,10.71046
43771,10.37268
43792,10.32107
43813,10.30231
43834,10.24601
43855,10.22959
43876,10.02082
43897,9.950449
43918,10.1686
43939,9.90588
43960,9.823779
43981,9.79094
44002,9.786248
44023,9.814397
44044,9.800323
44065,9.692419
44086,9.654888
44107,9.762791
44128,9.828471
44149,9.814397
44170,9.751062
44191,9.666616
44212,9.579824
44233,9.434389
44254,9.453156
44275,9.410933
44296,9.277225
44317,9.321795
44338,9.30772
44359,9.256114
44380,9.070802
44401,9.103642
44422,9.113025
44443,9.077839
44464,9.042653
44485,8.953515
44506,9.056727
44527,8.93475
44548,9.005121
44569,9.00043
44590,9.103642
44611,9.094258
44632,9.124753
44653,8.939441
44674,9.040307
44695,9.012158
44716,8.993393
44737,8.79166
44758,8.709559
44779,8.730671
44800,8.695485
44821,8.669683
44842,8.634497
44863,8.744746
44884,8.667336
44905,8.601656
44926,8.641534
44947,8.683757
44968,8.740054
44989,8.737708
45010,8.758821
45031,8.749437
45052,8.864378
45073,8.779932
45094,8.740054
45115,8.735363
45136,8.6603
45157,8.653263
45178,8.688448
45199,8.622768
45220,8.641534
45241,8.554742
45262,8.564125
45283,8.550051
45304,8.585237
45325,8.822155
45346,8.79166
45367,8.711905
45388,8.655608
45409,8.653263
45430,8.707214
45451,8.784623
45472,8.718943
45493,8.744746
45514,8.887836
45535,8.718943
45556,8.564125
45577,8.56647
45598,8.847958
45619,9.035616
45640,8.648571
45661,8.634497
45682,8.843266
45703,9.073148
45724,9.171668
45745,9.199817
45766,9.24204
45787,9.455501
45808,9.600936
45829,9.544639
45850,9.572787
45871,9.833163
45892,9.926992
45913,10.05132
45934,10.32811
45955,10.19206
45976,10.30935
45997,10.39145
46018,10.4712
46039,10.4712
46060,10.48293
46081,10.52515
46102,10.68935
46123,10.76911
46144,10.78084
46165,11.01775
46186,11.12566
46207,11.03183
46228,11.14442
46249,11.11158
46270,10.97553
46291,10.92158
46312,11.04825
46333,11.21949
46354,11.19838
46375,10.94504
46396,10.92393
46417,10.75503
46438,10.63775
46459,10.53219
46480,10.64947
46501,10.41725
46522,10.53923
46543,10.46182
46564,10.54626
46585,10.56268
46606,10.6354
46627,10.56503
46648,10.58614
46669,10.56503
46690,10.63071
46711,10.70577
46732,10.54392
46753,10.51108
46774,10.39145
46795,10.51342
46816,10.49231
46837,10.53453
46858,10.54861
46879,10.38675
46900,10.43836
46921,10.40552
46942,10.48058
46963,10.37033
46984,10.31638
47005,10.37033
47026,10.20848
47047,10.20144
47068,10.117
47089,10.0865
47110,9.924646
47131,9.887115
47152,9.720568
47173,9.657233
47194,9.605627
47215,9.507107
47236,9.331178
47257,9.24204
47278,9.181051
47299,9.211545
47320,9.239694
47341,9.115371
47362,9.087222
47383,9.148211
47404,9.105988
47425,8.955861
47446,9.023888
47467,9.061419
47488,9.03327
47509,8.998084
47530,9.059073
47551,8.897219
47572,8.98401
47593,9.00043
47614,9.080185
47635,8.899564
47656,8.920675
47677,8.932404
47698,9.09895
47719,8.991047
47740,9.002776
47761,8.962898
47782,9.035616
47803,8.944133
47824,9.028579
47845,8.953515
47866,9.08253
47887,8.976973
47908,8.960552
47929,9.014504
47950,8.789314
47971,8.883143
47992,8.733017
48013,8.608693
48034,8.606348
48055,8.510174
48076,8.531285
48097,8.538322
48118,8.510174
48139,8.512519
48160,8.465604
48181,8.453876
48202,8.547705
48223,8.477333
48244,8.505482
48265,8.730671
48286,8.838574
48307,8.763512
48328,8.784623
48349,8.796351
48370,8.669683
48391,9.037962
48412,9.096604
48433,9.115371
48454,8.988701
48475,9.122408
48496,9.150557
48517,9.335869
48538,9.429698
48559,9.441426
48580,9.441426
48601,9.50007
48622,9.518835
48643,9.600936
48664,9.640813
48685,9.720568
48706,9.936375
48727,9.779211
48748,9.589207
48769,9.769828
48790,9.957487
48811,9.943413
48832,9.919954
48853,9.889461
48874,9.98798
48895,10.15922
48916,10.03489
48937,9.929338
48958,10.13811
48979,10.03959
49000,10.18502
49021,10.26008
49042,10.30935
49063,10.46885
49084,10.47589
49105,10.56268
49126,10.56503
49147,10.55096
49168,10.56972
49189,10.52984
49210,10.54861
49231,10.61194
49252,10.62602
49273,10.60256
49294,10.59318
49315,10.68466
49336,10.70577
49357,10.48997
49378,10.54861
49399,10.48058
49420,10.52281
49441,10.76911
49462,10.92158
49483,10.60256
49504,10.79022
49525,10.7738
49546,10.7175
49567,10.62602
49588,10.497
49609,10.53453
49630,10.45244
49651,10.28354
49672,10.26243
49693,10.27416
49714,10.25539
49735,10.2249
49756,10.29292
49777,10.22725
49798,10.09823
49819,10.14514
49840,10.14045
49861,10.1428
49882,10.23663
49903,10.1991
49924,10.17329
49945,10.20848
49966,10.27416
49987,10.2765
50008,10.19441
50029,10.20613
50050,10.34453
50071,10.34688
50092,10.36095
50113,10.26008
50134,10.28354
50155,10.23663
50176,10.21317
50197,10.37268
50218,10.2765
50239,10.21083
50260,10.06773
50281,10.04897
50302,10.03489
50323,9.891806
50344,9.753407
50365,9.779211
50386,9.767483
50407,9.51649
50428,9.570441
50449,9.321795
50470,9.288955
50491,9.434389
50512,9.478958
50533,9.310066
50554,9.190434
50575,9.15994
50596,9.24204
50617,9.166977
50638,9.256114
50659,9.206854
50680,9.145865
50701,9.174014
50722,9.110679
50743,9.120062
50764,9.08253
50785,8.955861
50806,8.908947
50827,8.925366
50848,8.995738
50869,8.939441
50890,8.864378
50911,8.735363
50932,8.683757
50953,8.854995
50974,8.838574
50995,8.608693
51016,8.822155
51037,8.744746
51058,8.894873
51079,8.878452
51100,8.798697
51121,8.711905
51142,8.770549
51163,8.84092
51184,9.009813
51205,8.810426
51226,8.512519
51247,8.571162
51268,8.486716
51289,8.491407
51310,8.765858
51331,8.634497
51352,8.526593
51373,8.397578
51394,8.531285
51415,8.594619
51436,8.578199
51457,8.552396
51478,8.744746
51499,8.859686
51520,8.833883
51541,8.829192
51562,9.005121
51583,8.960552
51604,9.080185
51625,9.148211
51646,9.166977
51667,9.272534
51688,9.347597
51709,9.361671
51730,9.476612
51751,9.511798
51772,9.554022
51793,9.577478
51814,9.528218
51838,9.617355
51863,9.767483
51884,9.645505
51905,9.812052
51926,9.861312
51947,9.880077
51968,9.835509
51989,9.802669
52010,10.04193
52031,10.0302
52052,10.1123
52073,10.23897
52094,10.06539
52115,9.98329
52136,10.30465
52157,10.43367
52178,10.06305
52199,10.05835
52220,10.21552
52241,10.29996
52262,10.28823
52283,10.3633
52304,10.4454
52325,10.49935
52346,10.64009
52367,10.53688
52388,10.55799
52409,10.62836
52430,10.62367
52451,10.63306
52472,10.70343
52493,10.73392
52514,10.77614
52535,10.748
52556,10.76911
52577,10.49466
52598,10.85824
52619,11.1022
52640,10.7175
52661,10.86294
52682,10.82071
52703,10.63775
52724,11.17492
52745,10.51108
52766,11.68629
52787,11.13739
52808,11.13504
52829,10.66355
52850,10.83713
52871,10.79256
52892,10.71516
52913,10.53453
52934,10.48293
52955,10.46182
52976,10.41021
52997,10.28354
53018,10.22255
53039,10.35157
53060,10.27885
53081,10.23663
53102,10.36095
53123,10.32107
53144,10.28589
53165,10.21083
53186,10.3633
53207,10.17095
53228,10.21083
53249,10.25774
53270,10.19441
53291,10.19441
53312,9.971561
53333,9.980944
53354,10.07008
53375,9.985635
53396,9.894152
53417,9.633776
53438,9.589207
53459,9.600936
53480,9.396858
53502,9.436735
53523,9.303029
53544,9.225619
53565,9.105988
53586,9.213891
53607,9.155248
53628,9.220928
53649,9.077839
53670,9.023888
53691,8.967589
53712,8.939441
53733,8.862032
53754,8.90191
53775,8.845612
53796,8.784623
53817,8.784623
53838,8.749437
53859,8.880798
53880,8.786969
53901,8.704868
53922,8.718943
53943,8.672029
53964,8.815118
53985,8.775241
54006,8.864378
54027,8.883143
54048,8.805735
54069,8.79166
54090,8.831537
54111,8.831537
54132,8.8245
54153,8.852649
54174,8.765858
54195,8.836229
54216,8.789314
54237,8.866723
54258,8.822155
54279,8.688448
54300,8.801044
54321,8.890181
54342,8.890181
54363,8.789314
54384,8.747091
54405,8.969935
54426,8.95117
54447,8.864378
54468,8.899564
54489,8.733017
54510,8.700177
54531,8.960552
54552,9.190434
54573,8.735363
54594,8.803389
54615,8.93475
54636,8.812772
54657,8.847958
54678,8.993393
54699,8.904256
54720,8.958207
54741,9.155248
54762,9.143519
54783,9.157594
54804,9.310066
54825,9.321795
54846,9.35698
54867,9.453156
54888,9.467229
54909,9.607973
54930,9.683037
54951,9.715877
54972,9.851928
54993,9.842546
55014,9.744025
55035,9.948103
55056,9.884768
55077,10.18737
55098,9.985635
55119,9.98798
55140,10.21083
55161,10.14045
55182,10.14749
55203,10.25774
55224,10.32576
55245,10.25774
55266,10.28354
55287,10.497
55308,10.55096
55329,10.31404
55350,10.48997
55371,10.54626
55392,10.32342
55413,10.31404
55434,10.45713
55455,10.67528
55476,10.52046
55497,10.26243
55518,10.34219
55539,10.42194
55560,10.33749
55581,10.29058
55602,10.23897
55623,10.37268
55644,10.46885
55665,10.35861
55686,10.28589
55707,10.34453
55728,10.61664
55749,10.64244
55770,10.56503
55791,10.53453
55812,10.37503
55833,10.50873
55854,10.60725
55875,10.51342
55896,10.52046
55917,10.45713
55938,10.50169
55959,10.67997
55980,10.64009
56001,10.64478
56022,10.53923
56043,10.5791
56064,10.56503
56085,10.6096
56106,10.60491
56127,10.62133
56148,10.50873
56169,10.47824
56190,10.30935
56211,10.20379
56232,10.3891
56253,10.34219
56274,10.11465
56295,10.10996
56316,10.03724
56337,10.03489
56358,10.20379
56379,10.13107
56400,10.02082
56421,10.03724
56442,10.13576
56463,10.04662
56484,10.14749
56505,10.13576
56526,10.08416
56547,10.09588
56568,10.08181
56589,10.05601
56610,10.16156
56631,10.08181
56652,9.861312
56673,9.976252
56694,9.980944
56715,9.77452
56736,9.805015
56757,9.666616
56778,9.666616
56799,9.607973
56820,9.589207
56841,9.518835
56862,9.629085
56883,9.366363
56904,9.211545
56925,9.23031
56946,9.24204
56967,9.25846
56988,9.171668
57009,9.164631
57030,9.087222
57051,9.169322
57072,8.988701
57093,8.805735
57114,8.986356
57135,8.829192
57156,8.838574
57177,8.941787
57198,8.826846
57219,8.733017
57240,8.831537
57261,8.819809
57282,8.8245
57303,8.798697
57324,8.878452
57345,8.897219
57366,8.728326
57387,8.777586
57408,8.880798
57429,8.920675
57450,8.744746
57471,8.690794
57492,8.747091
57513,8.758821
57534,8.885489
57555,8.925366
57576,8.805735
57597,8.697831
57618,8.681411
57639,8.871415
57660,9.037962
57681,8.915984
57702,8.789314
57723,8.953515
57744,8.988701
57765,9.028579
57786,8.838574
57807,8.908947
57828,9.105988
57849,9.124753
57870,8.911292
57891,8.960552
57912,8.84092
57933,8.93475
57954,9.047344
57975,9.007467
57996,8.843266
58017,8.988701
58038,9.176359
58059,9.263151
58080,9.185742
58101,9.218582
58122,9.27488
58143,9.443772
58164,9.554022
58185,9.504761
58206,9.556367
58227,9.659579
58248,9.819089
58269,9.880077
58290,9.973906
58311,10.0044
58332,9.910572
58353,10.00206
58374,10.02551
58395,10.0302
58416,10.06539
58437,10.19441
58458,10.10058
58479,10.12638
58500,10.34922
58521,10.29527
58542,10.38206
58563,10.40787
58584,10.5275
58605,10.44305
58626,10.65651
58647,10.65886
58668,10.5791
58689,10.55565
58710,10.75738
58731,10.66355
58752,10.59787
58773,10.497
58794,10.45713
58815,10.48997
58836,10.55799
58857,10.50169
58878,10.72219
58899,10.74565
58920,10.3328
58941,10.40787
58962,10.59318
58983,10.54626
59004,10.63775
59025,10.60022
59046,10.51342
59067,10.66121
59088,10.66824
59109,10.62133
59130,10.58849
59151,10.56503
59172,10.69874
59193,10.59552
59214,10.59552
59235,10.58614
59256,10.55096
59277,10.61429
59298,10.63775
59319,10.62367
59340,10.53688
59361,10.54626
59382,10.48528
59403,10.47589
59424,10.46651
59445,10.54392
59466,10.33046
59487,10.35861
59508,10.15687
59529,10.22959
59550,10.22959
59571,10.09354
59592,10.19675
59613,10.14749
59634,10.02317
59655,10.01378
59676,9.90588
59697,9.969215
59718,9.884768
59739,9.997364
59760,9.926992
59781,9.854274
59802,9.819089
59823,9.926992
59844,9.931683
59865,9.866002
59886,9.795631
59907,9.699456
59928,9.755754
59949,9.685382
59970,9.650196
59991,9.523527
60012,9.464884
60033,9.460192
60054,9.476612
60075,9.478958
60096,9.335869
60117,9.303029
60138,9.328832
60159,9.317103
60180,9.15994
60201,9.19278
60222,9.143519
60243,9.171668
60264,9.239694
60285,9.19278
60306,9.077839
60327,9.023888
60348,9.068456
60369,9.164631
60390,9.13179
60411,8.923021
60432,8.864378
60453,8.953515
60474,9.063765
60495,8.986356
60516,8.98401
60537,8.911292
60558,8.857341
60579,8.918329
60600,8.988701
60621,9.105988
60642,8.965244
60663,8.857341
60684,8.962898
60705,9.075493
60726,9.070802
60747,8.991047
60768,9.019196
60789,9.007467
60810,9.012158
60831,8.892527
60852,8.801044
60873,8.784623
60894,8.869069
60915,8.843266
60936,8.815118
60957,8.728326
60978,8.770549
60999,8.768204
61020,8.923021
61041,8.958207
61062,9.068456
61083,8.965244
61104,8.789314
61125,8.709559
61146,8.864378
61167,8.930058
61188,8.915984
61209,8.758821
61230,8.838574
61251,8.749437
61272,8.836229
61293,8.864378
61314,9.117716
61335,8.976973
61356,8.709559
61377,8.976973
61398,9.155248
61419,9.216236
61440,9.181051
61461,9.396858
61482,9.359325
61503,9.455501
61524,9.643159
61545,9.697111
61566,9.694765
61587,9.79094
61608,9.875386
61629,9.912917
61650,9.87304
61671,9.999709
61692,10.07946
61713,10.00206
61734,10.117
61755,10.03724
61776,10.0302
61797,10.48058
61818,10.26947
61839,10.51811
61860,10.46182
61881,10.56972
61902,10.58614
61923,10.72219
61944,10.64713
61965,10.78787
61986,10.90047
62007,10.85121
62028,10.76911
62049,10.6917
62070,10.71281
62091,10.51811
62112,10.4454
62133,10.37737
62154,10.4149
62175,10.79256
62196,10.60491
62217,10.19441
62238,10.30231
62259,10.31638
62280,10.54392
62301,10.71985
62322,10.72219
62343,10.68466
62364,10.68935
62385,10.62602
62406,10.54626
62427,10.64009
62448,10.65417
62469,10.62367
62490,10.66355
62511,10.57207
62532,10.62133
62553,10.64947
62574,10.64713
62595,10.5838
62616,10.64244
62637,10.64947
62658,10.73158
62679,10.73392
62700,10.66824
62721,10.5791
62742,10.57207
62763,10.5791
62784,10.52515
62805,10.59787
62826,10.75503
62847,10.50404
62868,10.33984
62889,10.40552
62910,10.24601
62931,10.26712
62952,10.1123
62973,10.08416
62994,10.12169
63015,10.26478
63036,10.2812
63057,9.969215
63078,9.964523
63099,9.980944
63120,9.800323
63141,9.866002
63162,9.751062
63183,9.676
63204,9.659579
63225,9.575133
63246,9.333523
63267,9.378092
63288,9.422661
63309,9.265497
63330,9.127099
63351,9.122408
63372,9.042653
63393,8.939441
63414,8.998084
63435,8.976973
63456,8.794006
63477,8.6603
63498,8.805735
63519,8.850304
63540,8.852649
63561,8.618076
63582,9.260805
63603,9.03327
63624,8.639189
63645,8.46795
63666,8.568816
63687,8.650917
63708,8.56647
63729,8.428073
63750,8.383504
63771,8.327207
63792,8.1935
63813,8.172389
63834,8.221649
63855,8.296712
63876,8.223994
63897,8.195846
63918,8.153623
63939,8.167697
63960,8.163006
63981,8.195846
64002,8.331898
64023,8.268563
64044,8.388196
64065,8.496099
64086,8.507828
64107,8.409307
64128,8.674374
64149,8.578199
64170,8.716597
64191,8.763512
64212,9.012158
64233,8.981664
64254,8.913638
64275,8.969935
64296,9.136482
64317,9.394512
64338,9.150557
64359,9.190434
64380,9.260805
64401,9.35698
64422,9.661925
64443,9.875386
64464,9.464884
64485,9.7581
64506,9.751062
64527,10.00206
64548,9.98798
64569,9.849584
64590,10.0302
64611,9.959831
64632,10.08181
64653,10.12872
64674,10.26243
64695,10.29762
64716,10.3633
64737,10.3328
64758,10.37737
64779,10.42663
64800,10.60725
64821,10.62836
64842,10.74331
64863,10.85824
64884,10.86059
64905,10.84652
64926,10.89578
64947,10.86763
64968,10.9122
64989,11.01072
65010,10.90751
65031,10.94738
65052,10.91454
65073,10.80429
65094,10.99664
65115,10.94738
65136,11.16788
65157,11.35085
65178,10.98961
65199,11.20072
65220,11.13504
65241,11.06467
65262,10.90047
65283,10.83948
65304,10.81133
65325,10.71281
65346,10.59552
65367,10.43601
65388,10.30465
65409,10.51108
65430,10.28823
65451,10.30935
65472,10.28354
65493,10.32811
65514,10.29292
65535,10.34922
65556,10.33515
65577,10.20613
65598,10.33515
65619,10.31873
65640,10.39379
65661,10.29527
65682,10.22021
65703,10.35861
65724,10.33046
65745,10.0865
65766,10.07477
65787,10.05601
65808,9.936375
65829,10.13107
65850,9.926992
65871,9.53291
65892,9.556367
65913,9.652542
65934,9.523527
65955,9.265497
65976,9.171668
65997,9.185742
66018,9.127099
66039,9.059073
66060,8.784623
66081,8.786969
66102,8.833883
66123,9.040307
66144,8.906601
66165,8.634497
66186,8.505482
66207,8.688448
66228,8.629806
66249,8.613385
66270,8.524248
66291,8.674374
66312,8.657954
66333,8.507828
66354,8.45153
66375,8.374122
66396,8.505482
66417,8.690794
66438,8.69314
66459,8.592274
66480,8.625113
66501,8.545359
66522,8.667336
66543,8.561779
66564,8.528939
66585,8.496099
66606,8.674374
66627,8.606348
66648,8.505482
66669,8.472641
66690,8.48437
66711,8.477333
66732,8.704868
66753,8.662645
66774,8.716597
66795,8.683757
66816,8.48437
66837,8.69314
66858,8.716597
66879,8.505482
66900,8.789314
66921,8.664991
66942,8.894873
66963,8.568816
66984,8.524248
67005,8.962898
67026,8.969935
67047,8.920675
67068,9.171668
67089,8.920675
67110,8.864378
67131,9.023888
67152,9.246731
67173,9.265497
67194,9.251423
67215,9.457847
67236,9.622047
67257,9.673654
67278,9.734642
67299,9.875386
67320,9.976252
67341,9.969215
67362,10.07243
67383,10.19441
67404,10.16391
67425,10.21083
67446,10.37737
67467,10.87467
67488,10.51577
67509,10.39145
67530,10.7175
67551,10.75972
67572,10.69404
67593,10.80429
67614,10.91689
67635,10.90985
67656,10.99664
67677,11.09751
67698,10.91454
67719,10.99195
67740,11.07405
67761,11.22183
67782,11.09751
67803,11.06232
67824,10.94738
67845,10.80429
67866,10.80899
67887,10.59318
67908,10.57676
67929,10.56034
67950,11.36258
67971,10.748
67992,10.57441
68013,10.37737
68034,10.53219
68055,10.48058
68076,10.57441
68097,10.78084
68118,10.70577
68139,10.56738
68160,10.4712
68181,10.60022
68202,10.61194
68223,10.67762
68244,10.67762
68265,10.64009
68286,10.60725
68307,10.54626
68328,10.6096
68349,10.53219
68370,10.72454
68391,10.64478
68412,10.60256
68433,10.6096
68454,10.61194
68475,10.46182
68496,10.48762
68517,10.46885
68538,10.4712
68559,10.30231
68580,10.24836
68601,10.22725
68622,9.945757
68643,9.828471
68664,9.915263
68685,9.830817
68706,9.603281
68727,9.457847
68748,9.380438
68769,9.27488
68790,9.218582
68811,9.260805
68832,9.13179
68853,9.218582
68874,9.134136
68895,9.014504
68916,8.946478
68937,8.960552
68958,8.923021
68979,8.866723
69000,8.819809
69021,8.796351
69042,8.892527
69063,8.777586
69084,8.826846
69105,8.810426
69126,8.817463
69147,8.72598
69168,8.72598
69189,8.714252
69210,8.812772
69231,8.887836
69252,8.878452
69273,8.733017
69294,8.733017
69315,8.723634
69336,9.070802
69357,8.702522
69378,8.6603
69399,8.878452
69420,8.913638
69441,8.859686
69462,8.721289
69483,8.493753
69504,8.730671
69525,8.625113
69546,8.543014
69567,8.470296
69588,8.550051
69609,8.491407
69630,8.718943
69651,8.925366
69672,8.733017
69693,8.554742
69714,8.578199
69735,8.714252
69756,8.845612
69777,8.786969
69798,8.920675
69819,8.845612
69840,8.904256
69861,9.056727
69882,9.094258
69903,8.93475
69924,9.129445
69945,9.174014
69966,9.281918
69987,9.303029
70008,9.152903
70029,9.246731
70050,9.528218
70071,9.619701
70092,9.640813
70113,9.59859
70134,9.739333
70155,9.847238
70176,9.858966
70197,9.87304
70218,9.952795
70239,10.05835
70260,10.03959
70281,10.12169
70302,10.30465
70323,10.40552
70344,10.40317
70365,10.33515
70386,10.3328
70407,10.41021
70428,10.59787
70449,10.70812
70470,10.70812
70491,10.73861
70512,10.82541
70533,10.86059
70554,10.93565
70575,11.03417
70596,11.09751
70617,11.25702
70638,11.3485
70659,11.22183
70680,11.19603
70701,11.25936
70722,11.27578
70743,11.19603
70764,11.28048
70785,11.2406
70806,11.17726
70827,11.39542
70848,11.4869
70869,11.35554
70890,11.36023
70911,11.35085
70932,11.39307
70953,11.32739
70974,11.23356
70995,11.07874
71016,11.05763
71037,10.93331
71058,10.65182
71079,10.64009
71100,10.49466
71121,10.33984
71142,10.34219
71163,10.11465
71184,10.02551
71205,9.952795
71226,10.1428
71247,10.13811
71268,10.10292
71289,9.842546
71310,9.962177
71331,9.976252
71352,9.847238
71373,9.896498
71394,9.80736
71415,9.661925
71436,9.509453
71457,9.523527
71478,9.396858
71499,9.371055
71520,9.359325
71541,9.235003
71562,9.188088
71583,9.108333
71604,9.075493
71625,8.915984
71646,8.803389
71667,8.822155
71688,8.812772
71709,8.751783
71730,8.737708
71751,8.84092
71772,8.946478
71793,8.758821
71814,8.7424
71835,8.730671
71856,8.721289
71877,8.690794
71898,8.683757
71919,8.587582
71940,8.498445
71961,8.531285
71982,8.709559
72003,8.470296
72024,8.245107
72045,8.350664
72066,8.364738
72087,8.38585
72108,8.40227
72129,8.324861
72150,8.397578
72171,8.395233
72192,8.578199
72213,8.378813
72234,8.472641
72255,8.552396
72276,8.650917
72297,8.653263
72318,8.67672
72339,8.575853
72360,8.64388
72381,8.700177
72402,8.639189
72423,8.6603
72444,8.571162
72465,8.758821
72486,8.880798
72507,8.789314
72528,8.64388
72549,8.69314
72570,8.8245
72591,9.213891
72612,9.138828
72633,8.876106
72654,8.974627
72675,9.204508
72696,9.171668
72717,9.213891
72738,9.195126
72759,9.361671
72780,9.521181
72801,9.640813
72822,9.436735
72843,9.579824
72864,9.697111
72885,9.793285
72906,9.776865
72927,9.85662
72948,10.03489
72969,10.16626
72990,10.22959
73011,10.26947
73032,10.52046
73053,10.58614
73074,10.76207
73095,10.8817
73116,10.8559
73137,10.99195
73158,11.00134
73179,11.01775
73200,11.12097
73221,11.0201
73242,11.22183
73263,11.32504
73284,11.48456
73305,11.46813
73326,11.31097
73347,11.18196
73368,11.27109
73389,10.94973
73410,11.13739
73431,11.30393
73452,11.50332
73473,11.49394
73494,11.23356
73515,11.10689
73536,10.92627
73557,11.09517
73578,10.94504
73599,10.73392
73620,10.61898
73641,10.54157
73662,10.49935
73683,10.45009
73704,10.32576
73725,10.44071
73746,10.30935
73767,10.17798
73788,10.16391
73809,10.13342
73830,10.11934
73851,10.18268
73872,10.17798
73893,10.06773
73914,10.15687
73935,10.05132
73956,10.04428
73977,9.98798
73998,9.884768
74019,9.842546
74040,9.896498
74061,9.736988
74082,9.546985
74103,9.593899
74124,9.504761
74145,9.366363
74166,9.27488
74187,9.211545
74208,9.199817
74229,9.174014
74250,9.094258
74271,8.944133
74292,8.939441
74313,8.897219
74334,8.930058
74355,8.925366
74376,8.765858
74397,8.681411
74418,9.084876
74439,9.023888
74460,8.805735
74481,8.413999
74502,8.486716
74523,8.421036
74544,8.554742
74565,8.463259
74586,8.453876
74607,8.559433
74628,8.46795
74649,8.310786
74670,8.289675
74691,8.338935
74712,8.683757
74733,8.672029
74754,8.519556
74775,8.524248
74796,8.486716
74817,8.599311
74838,8.704868
74859,8.589928
74880,8.596965
74901,8.564125
74922,8.512519
74943,8.587582
74964,8.596965
74985,8.67672
75006,8.674374
75027,8.528939
75048,8.704868
75069,8.815118
75090,8.695485
75111,8.709559
75132,8.939441
75153,8.969935
75174,8.887836
75195,8.782278
75216,8.988701
75237,9.012158
75258,8.939441
75279,8.927712
75300,8.918329
75321,9.03327
75342,9.199817
75363,9.354634
75384,9.138828
75405,8.958207
75426,9.110679
75447,9.239694
75468,9.53291
75489,9.577478
75510,9.61501
75531,9.579824
75552,9.725259
75573,9.866002
75594,9.851928
75615,9.950449
75636,9.990326
75657,10.21552
75678,10.29762
75699,10.37503
75720,10.55799
75741,10.35391
75762,10.59787
75783,10.70108
75804,10.74096
75825,10.73392
75846,10.86294
75867,10.83244
75888,10.97319
75909,10.94269
75930,10.96146
75951,11.18665
75972,11.28048
75993,11.39073
76014,11.28986
76035,11.22887
76056,11.08813
76077,10.99899
76098,10.80429
76119,10.79491
76140,11.379
76161,11.09517
76182,10.5838
76203,10.90516
76224,10.56972
76245,10.497
76266,10.62367
76287,10.56268
76308,10.5533
76329,10.59552
76350,10.58614
76371,10.52046
76392,10.59083
76413,10.52046
76434,10.4712
76455,10.60491
76476,10.5533
76497,10.5275
76518,10.4454
76539,10.51342
76560,10.46182
76581,10.46651
76602,10.36095
76623,10.39379
76644,10.56972
76665,10.31638
76686,10.307
76707,10.34922
76728,10.33046
76749,10.18971
76770,9.969215
76791,9.966869
76812,9.863657
76833,9.692419
76854,9.600936
76875,9.544639
76896,9.443772
76917,9.40624
76938,9.183396
76959,9.042653
76980,9.127099
77001,9.061419
77022,8.953515
77043,8.878452
77064,8.714252
77085,8.892527
77106,8.988701
77127,8.995738
77148,8.845612
77169,8.770549
77190,8.733017
77211,8.798697
77232,8.897219
77253,8.831537
77274,8.559433
77295,8.662645
77316,8.90191
77337,8.758821
77358,8.625113
77379,8.503136
77400,8.636843
77421,8.798697
77442,8.796351
77463,8.64388
77484,8.608693
77505,8.650917
77526,8.826846
77547,8.838574
77568,8.756474
77589,8.399924
77610,8.329552
77631,9.068456
77652,8.374122
77673,8.104362
77694,8.266218
77715,8.615731
77736,8.709559
77757,8.493753
77778,8.474987
77799,8.498445
77820,8.53363
77841,8.53363
77862,8.664991
77883,8.67672
77904,8.672029
77925,8.306095
77946,8.822155
77967,9.009813
77988,8.948824
78009,8.95117
78030,9.120062
78051,9.169322
78072,9.117716
78093,9.34056
78114,9.446118
78135,9.485995
78156,9.563404
78177,9.50007
78198,9.575133
78219,9.666616
78240,9.701802
78261,9.887115
78282,9.849584
78303,9.948103
78324,9.896498
78345,9.98798
78366,10.06539
78387,10.08416
78408,10.1991
78429,10.19441
78450,10.44774
78471,10.49231
78492,10.46651
78513,10.56268
78534,10.52984
78555,10.59083
78576,10.62836
78597,10.54157
78618,10.46885
78639,10.92158
78660,10.78553
78681,10.84652
78702,10.78318
78723,10.89812
78744,10.88874
78765,10.83713
78786,10.88405
78807,11.01775
78828,11.19368
78849,11.03652
78870,10.93565
78891,10.95677
78912,11.06467
78933,11.32974
78954,11.17726
78975,11.13504
78996,10.97319
79017,10.97788
79038,11.04356
79059,11.0764
79080,11.07874
79101,11.02479
79122,10.93331
79143,10.99664
79164,10.94269
79185,10.90281
79206,10.71046
79227,10.75972
79248,10.52984
79269,10.52281
79290,10.3328
79311,10.37737
79332,10.36095
79353,10.33515
79374,10.13811
79395,10.05132
79416,10.14514
79437,9.973906
79458,9.835509
79479,9.708839
79500,9.819089
79521,9.668962
79542,9.64785
79563,9.631431
79584,9.645505
79605,9.673654
79626,9.50007
79647,9.58217
79668,9.425007
79689,9.514144
79710,9.509453
79731,9.408587
79752,9.382783
79773,9.251423
79794,9.265497
79815,9.237348
79836,9.25846
79857,9.136482
79878,9.063765
79899,9.063765
79920,9.314757
79941,9.120062
79962,9.00043
79983,9.143519
80004,9.117716
80025,9.084876
80046,9.185742
80067,9.471921
80088,9.134136
80109,8.98401
80130,9.213891
80151,9.244386
80172,9.206854
80193,9.122408
80214,8.993393
80235,9.026234
80256,8.798697
80277,8.915984
80298,9.040307
80319,8.878452
80340,8.831537
80361,8.911292
80382,8.937096
80403,8.899564
80424,8.920675
80445,8.993393
80466,8.925366
80487,9.059073
80508,9.014504
80529,8.948824
80550,9.040307
80571,9.052036
80592,8.941787
80613,8.941787
80634,9.00043
80655,8.93475
80676,8.946478
80697,8.808081
80718,8.831537
80739,8.892527
80760,8.786969
80781,8.833883
80802,8.883143
80823,8.965244
80844,8.890181
80865,8.852649
80886,8.798697
80907,8.810426
80928,8.67672
80949,9.01685
80970,8.927712
80991,8.876106
81012,8.944133
81033,8.829192
81054,8.873761
81075,8.864378
81096,8.704868
81117,8.976973
81138,9.005121
81159,9.105988
81180,8.998084
81201,8.958207
81222,9.141173
81243,9.246731
81264,9.359325
81285,9.41797
81306,9.490686
81327,9.589207
81348,9.56575
81369,9.769828
81390,9.828471
81411,9.896498
81432,9.849584
81453,10.03489
81474,10.03255
81495,10.01848
81516,10.18268
81537,10.22021
81558,10.15453
81579,10.08181
81600,10.37737
81621,10.46885
81642,10.43367
81663,10.34219
81684,10.50404
81705,10.51577
81726,10.47824
81747,10.54392
81768,10.6917
81789,11.18196
81810,10.76442
81831,10.64947
81852,10.71985
81873,10.75738
81894,10.64009
81915,10.47824
81936,10.19206
81957,10.81602
81978,10.81368
81999,10.31404
82020,10.59787
82041,10.4149
82062,10.34922
82083,10.39848
82104,10.45947
82125,10.85824
82146,10.50169
82167,10.65651
82188,10.56034
82209,10.51342
82230,10.67293
82251,10.5275
82272,10.62602
82293,10.48997
82314,10.43836
82335,10.45947
82356,10.40552
82377,10.497
82398,10.41256
82419,10.33515
82440,10.31873
82461,10.46885
82482,10.41021
82503,10.34453
82524,10.40317
82545,10.32811
82566,10.27181
82587,10.26478
82608,10.10761
82629,10.04897
82650,10.00909
82671,10.02082
82692,9.952795
82713,9.694765
82734,9.704147
82755,9.79094
82776,9.690074
82797,9.650196
82818,9.53291
82839,9.53291
82860,9.497724
82881,9.464884
82902,9.483649
82923,9.603281
82944,9.708839
82965,9.497724
82986,9.511798
83007,9.514144
83028,9.556367
83049,9.51649
83070,9.448463
83091,9.467229
83112,9.467229
83133,9.338214
83154,9.223273
83175,9.335869
83196,9.265497
83217,9.300683
83238,9.310066
83259,9.216236
83280,9.204508
83301,9.19278
83322,9.183396
83343,9.157594
83364,9.152903
83385,9.338214
83406,9.220928
83427,9.312411
83448,9.34056
83469,9.270188
83490,9.324141
83511,9.171668
83532,9.148211
83553,9.063765
83574,9.056727
83595,8.986356
83616,8.864378
83637,8.930058
83658,8.915984
83679,8.878452
83700,8.913638
83721,8.819809
83742,8.887836
83763,9.026234
83784,9.056727
83805,9.014504
83826,8.845612
83847,8.991047
83868,9.035616
83889,9.145865
83910,8.981664
83931,8.890181
83952,8.993393
83973,8.967589
83994,8.847958
84015,8.847958
84036,8.880798
84057,8.960552
84078,8.969935
84099,8.915984
84120,8.90191
84141,8.890181
84162,8.991047
84183,9.040307
84204,9.028579
84225,8.873761
84246,8.976973
84267,9.227965
84288,8.915984
84309,8.937096
84330,8.831537
84351,8.747091
84372,8.646226
84393,8.913638
84414,8.72598
84435,8.709559
84456,8.688448
84477,8.822155
84498,8.810426
84519,8.721289
84540,8.845612
84561,8.90191
84582,9.066111
84603,9.089567
84624,9.096604
84645,9.24204
84666,9.227965
84687,9.40624
84708,9.493032
84729,9.542293
84750,9.753407
84771,9.708839
84792,9.694765
84813,9.800323
84834,9.868348
84855,9.90588
84876,10.03255
84897,9.964523
84918,10.117
84939,9.962177
84960,10.26712
84981,10.51577
85002,10.28354
85023,10.29292
85044,10.44774
85065,10.47824
85086,10.53219
85107,10.78787
85128,10.86059
85149,10.88639
85170,10.87936
85191,10.83479
85212,10.86997
85233,10.54861
85254,10.46416
85275,10.5838
85296,10.37503
85317,10.45713
85338,10.81133
85359,10.70812
85380,10.49935
85401,10.6354
85422,10.51577
85443,10.60022
85464,10.748
85485,10.80899
85506,10.69874
85527,10.65651
85548,10.61664
85569,10.59552
85590,10.60022
85611,10.64244
85632,10.51342
85653,10.35626
85674,10.35861
85695,10.64009
85716,10.66824
85737,10.65182
85758,10.46885
85779,10.51811
85800,10.42194
85821,10.4712
85842,10.39848
85863,10.28589
85884,10.30935
85905,10.41959
85926,10.33515
85947,10.28823
85968,10.23663
85989,10.0044
86010,10.00675
86031,10.07008
86052,9.959831
86073,9.973906
86094,9.812052
86115,9.64785
86136,9.722914
86157,9.821435
86178,9.715877
86199,9.619701
86220,9.765137
86241,9.7581
86262,9.765137
86283,9.854274
86304,9.659579
86325,9.619701
86346,9.610318
86367,9.561059
86388,9.422661
86409,9.471921
86430,9.371055
86451,9.235003
86472,9.166977
86493,9.195126
86514,9.127099
86535,8.991047
86556,9.012158
86577,8.948824
86598,8.890181
86619,8.979319
86640,8.98401
86661,8.796351
86682,9.061419
86703,8.98401
86724,9.080185
86745,8.991047
86766,8.920675
86787,8.913638
86808,8.723634
86829,8.838574
86850,8.932404
86871,8.761166
86892,8.615731
86913,8.711905
86934,8.819809
86955,8.543014
86976,8.411653
86997,8.439801
87018,8.683757
87039,8.646226
87060,8.547705
87081,8.552396
87102,8.564125
87123,8.688448
87144,8.894873
87165,8.857341
87186,8.775241
87207,8.911292
87228,8.894873
87249,8.953515
87270,8.962898
87291,8.892527
87312,8.913638
87333,8.972281
87354,8.852649
87375,8.920675
87396,8.981664
87417,8.991047
87438,8.962898
87459,8.972281
87480,9.040307
87501,9.061419
87522,9.028579
87543,8.98401
87564,8.979319
87585,9.040307
87606,8.972281
87627,9.138828
87648,8.836229
87669,8.897219
87690,8.920675
87711,8.878452
87732,8.812772
87753,8.657954
87774,8.805735
87795,9.197471
87816,9.166977
87837,8.852649
87858,8.976973
87879,9.204508
87900,9.345251
87921,9.511798
87942,9.525873
87963,9.375746
87984,9.366363
88005,9.683037
88026,9.797977
88047,9.685382
88068,9.866002
88089,9.957487
88110,10.00206
88131,10.01613
88152,10.07712
88173,10.05366
88194,10.24836
88215,10.20144
88236,10.27416
88257,10.27181
88278,10.31873
88299,10.41256
88320,10.49231
88341,10.45244
88362,10.44305
88383,10.75972
88404,11.00368
88425,10.6354
88446,10.73627
88467,10.88639
88488,10.7175
88509,10.72454
88530,10.73861
88551,10.53923
88572,10.46182
88593,10.81368
88614,10.73861
88635,10.47355
88656,10.67762
88677,10.66355
88698,10.61664
88719,10.56034
88740,10.63306
88761,10.748
88782,10.77614
88803,10.74096
88824,10.76207
88845,10.75738
88866,10.71281
88887,10.80195
88908,10.77145
88929,10.80429
88950,10.81368
88971,10.81133
88992,10.74331
89013,10.72454
89034,10.64009
89055,10.73158
89076,10.6096
89097,10.69639
89118,10.68232
89139,10.70812
89160,10.55799
89181,10.42898
89202,10.49466
89223,10.307
89244,10.09119
89265,10.14984
89286,10.15453
89307,9.908226
89328,9.769828
89349,9.835509
89370,9.697111
89391,9.631431
89412,9.607973
89433,9.396858
89454,9.157594
89475,9.380438
89496,9.303029
89517,9.143519
89538,9.35698
89559,9.174014
89580,9.249077
89601,9.080185
89622,8.941787
89643,9.005121
89664,8.93475
89685,8.915984
89706,8.751783
89727,8.664991
89748,8.64388
89769,8.521902
89790,8.714252
89811,8.69314
89832,8.585237
89853,8.439801
89874,8.578199
89895,8.615731
89916,8.782278
89937,8.770549
89958,8.707214
89979,8.740054
90000,8.801044
90021,8.826846
90042,8.822155
90063,8.697831
90084,8.686103
90105,8.765858
90126,8.789314
90147,8.540668
90168,8.496099
90189,8.404615
90210,8.423381
90231,8.458567
90252,8.282638
90273,8.254489
90294,8.254489
90315,8.439801
90336,8.442147
90357,8.482024
90378,8.449184
90399,8.505482
90420,8.611039
90441,8.650917
90462,8.702522
90483,8.815118
90504,8.789314
90525,8.561779
90546,8.714252
90567,8.8245
90588,8.831537
90609,8.876106
90630,9.005121
90651,8.864378
90672,9.09895
90693,9.101295
90714,9.061419
90735,9.164631
90756,9.178705
90777,9.281918
90798,9.326486
90819,9.469575
90840,9.410933
90861,9.481303
90882,9.568096
90903,9.50007
90924,9.56575
90945,9.666616
90966,9.584516
90987,9.624393
91008,9.650196
91029,9.518835
91050,9.631431
91071,10.02786
91092,9.889461
91113,9.638468
91134,9.997364
91155,10.05132
91176,10.23663
91197,10.37033
91218,10.29527
91239,10.37737
91260,10.47824
91281,10.62367
91302,10.61664
91323,10.70343
91344,10.73627
91365,10.87467
91386,11.07405
91407,11.17257
91428,11.02245
91449,10.88874
91470,10.84183
91491,10.89343
91512,10.97553
91533,11.0764
91554,11.14677
91575,11.18196
91596,11.11627
91617,11.30159
91638,11.379
91659,11.23825
91680,11.10689
91701,11.00837
91722,10.8817
91743,10.76911
91764,10.76207
91785,10.64478
91806,10.3328
91827,10.38206
91848,10.2507
91869,10.15922
91890,9.995018
91911,10.04193
91932,10.25305
91953,10.18502
91974,10.07243
91995,10.15687
92016,10.18971
92037,10.19441
92058,10.04428
92079,10.14749
92100,10.16626
92121,10.117
92142,9.868348
92163,9.847238
92184,9.973906
92205,9.783903
92226,9.542293
92247,9.575133
92268,9.427352
92289,9.425007
92310,9.354634
92331,9.279572
92352,9.094258
92373,9.101295
92394,9.15994
92415,9.03327
92436,9.124753
92457,8.925366
92478,8.831537
92499,8.857341
92520,8.887836
92541,8.730671
92562,8.62746
92583,8.770549
92604,8.772895
92625,8.69314
92646,8.38585
92667,8.43511
92688,8.268563
92709,8.327207
92730,8.430418
92751,8.446838
92772,8.383504
92793,8.219303
92814,8.28733
