8820,9.38982
8841,9.380438
8862,9.537601
8883,9.38982
8904,9.478958
8925,9.575133
8946,9.53291
8967,9.485995
8988,9.568096
9009,9.600936
9030,9.596244
9051,9.812052
9072,9.741679
9093,9.739333
9114,9.847238
9135,9.917608
9156,9.793285
9177,9.776865
9198,9.875386
9219,9.952795
9240,10.05601
9261,10.05601
9282,9.903535
9303,9.934029
9324,10.15453
9345,10.13107
9366,9.992672
9387,10.09119
9408,10.17564
9429,10.05132
9450,10.0302
9471,10.14984
9492,10.15453
9513,10.20613
9534,10.30935
9555,10.24601
9576,10.22255
9597,10.3633
9618,10.36095
9639,10.26478
9660,10.40787
9681,10.4454
9702,10.38675
9723,10.34219
9744,10.57441
9765,10.51811
9786,10.50404
9807,10.46651
9828,10.49231
9849,10.70108
9870,10.77849
9891,10.67528
9912,10.61898
9933,10.61664
9954,10.64947
9975,10.73627
9996,10.76676
10017,10.74331
10038,10.72219
10059,10.79256
10080,10.7175
10101,10.83479
10122,10.77849
10143,10.78787
10164,10.75269
10185,10.8559
10206,10.82541
10227,10.77849
10248,10.77614
10269,10.78318
10290,10.86294
10311,10.73392
10332,10.70812
10353,10.58849
10374,10.65651
10395,10.54861
10416,10.60256
10437,10.56268
10458,10.44774
10479,10.37972
10500,10.307
10521,10.26478
10542,10.21317
10563,10.18268
10584,10.18737
10605,10.09354
10626,10.07008
10647,10.05366
10668,10.02786
10689,10.14045
10710,9.919954
10731,9.957487
10752,9.962177
10773,9.976252
10794,9.898843
10815,9.90588
10836,9.854274
10857,9.748716
10878,9.795631
10899,9.753407
10920,9.645505
10941,9.645505
10962,9.50007
10983,9.514144
11004,9.610318
11025,9.387475
11046,9.378092
11067,9.410933
11088,9.403895
11109,9.450809
11130,9.403895
11151,9.408587
11172,9.314757
11193,9.2913
11214,9.338214
11235,9.441426
11256,9.375746
11277,9.281918
11298,9.361671
11319,9.455501
11340,9.256114
11361,9.288955
11382,9.328832
11403,9.41797
11424,9.511798
11445,9.349943
11466,9.260805
11487,9.394512
11508,9.380438
11530,9.413278
11551,9.378092
11572,9.345251
11593,9.399203
11614,9.413278
11635,9.429698
11656,9.427352
11677,9.373401
11698,9.40624
11719,9.354634
11740,9.380438
11761,9.41797
11782,9.434389
11803,9.394512
11824,9.460192
11845,9.413278
11866,9.35698
11887,9.457847
11908,9.443772
11929,9.490686
11950,9.408587
11971,9.40624
11992,9.366363
12013,9.361671
12034,9.303029
12055,9.30772
12076,9.321795
12097,9.24204
12118,9.138828
12139,9.305374
12160,9.281918
12181,9.141173
12202,9.127099
12223,9.021542
12244,9.08253
12265,9.007467
12286,9.028579
12307,9.110679
12328,9.155248
12349,9.103642
12370,9.077839
12391,9.105988
12412,9.188088
12433,9.225619
12454,9.150557
12475,9.176359
12496,9.249077
12517,9.263151
12538,9.349943
12559,9.286609
12580,9.394512
12601,9.439081
12622,9.518835
12643,9.748716
12664,9.732296
12685,9.631431
12706,9.586862
12727,9.753407
12748,9.851928
12769,9.898843
12790,9.788594
12811,9.957487
12832,9.645505
12853,9.868348
12874,9.943413
12895,9.833163
12916,10.07008
12937,10.07477
12958,9.917608
12979,10.0607
13000,10.32576
13021,10.13342
13042,10.29527
13063,10.29762
13084,10.10761
13105,10.19441
13126,10.1686
13147,10.21552
13168,10.37033
13189,10.24132
13210,10.12872
13231,10.23897
13252,10.25774
13273,10.33749
13294,10.37737
13315,10.50639
13336,10.31638
13357,10.26243
13378,10.3633
13399,10.25305
13420,10.28589
13441,10.34219
13462,10.42898
13483,10.51342
13504,10.47589
13525,10.38441
13546,10.46182
13567,10.51342
13588,10.56268
13609,10.51108
13630,10.77849
13651,10.73861
13672,10.55799
13693,10.51811
13714,10.78084
13735,10.64244
13756,10.74331
13777,10.56972
13798,10.51811
13819,10.56034
13840,10.497
13861,10.56503
13882,10.69404
13903,10.79491
13924,10.6354
13945,10.56972
13966,10.60725
13987,10.65417
14008,10.73392
14029,10.748
14050,10.73158
14071,10.71516
14092,10.67293
14113,10.74096
14134,10.78084
14155,10.62836
14176,10.59552
14197,10.59552
14219,10.54861
14240,10.50639
14261,10.52984
14282,10.58614
14303,10.54157
14324,10.4712
14345,10.61898
14366,10.37268
14387,10.2765
14408,10.26008
14429,10.20379
14450,9.957487
14471,10.03959
14492,10.06305
14513,9.880077
14534,9.776865
14555,9.61501
14576,9.694765
14597,9.603281
14618,9.546985
14639,9.507107
14660,9.403895
14681,9.392166
14702,9.387475
14723,9.267843
14744,9.174014
14765,9.270188
14786,9.314757
14807,9.171668
14828,9.066111
14849,9.047344
14870,9.044999
14891,9.171668
14912,9.213891
14933,9.237348
14954,9.176359
14975,9.176359
14996,9.23031
15017,9.284263
15038,9.415624
15059,9.371055
15080,9.422661
15101,9.338214
15122,9.425007
15143,9.507107
15164,9.51649
15185,9.408587
15206,9.507107
15227,9.600936
15248,9.504761
15269,9.546985
15290,9.483649
15311,9.478958
15332,9.464884
15353,9.561059
15374,9.535255
15395,9.61501
15416,9.570441
15437,9.450809
15458,9.460192
15479,9.535255
15500,9.629085
15521,9.544639
15542,9.556367
15563,9.446118
15584,9.462538
15605,9.563404
15626,9.521181
15647,9.457847
15668,9.53291
15689,9.575133
15710,9.467229
15731,9.448463
15752,9.413278
15773,9.399203
15794,9.392166
15815,9.464884
15836,9.403895
15857,9.471921
15878,9.403895
15899,9.220928
15920,9.364017
15941,9.347597
15962,9.305374
15983,9.378092
16004,9.328832
16025,9.380438
16046,9.490686
16067,9.422661
16088,9.145865
16109,9.216236
16130,9.23031
16151,9.523527
16172,9.467229
16193,9.277225
16214,9.321795
16235,9.368709
16256,9.314757
16277,9.518835
16298,9.439081
16319,9.497724
16340,9.525873
16361,9.542293
16382,9.66427
16403,9.537601
16424,9.507107
16445,9.666616
16466,9.659579
16487,9.687728
16508,9.760445
16529,9.626739
16550,9.607973
16571,9.762791
16592,9.85662
16613,9.90588
16634,9.80736
16655,9.809706
16676,9.7581
16697,9.861312
16718,9.701802
16739,9.676
16760,9.797977
16781,9.816743
16802,9.720568
16823,9.755754
16844,9.715877
16865,9.79094
16886,9.739333
16907,9.779211
16928,9.788594
16949,9.880077
16970,9.797977
16991,9.617355
17012,9.875386
17033,9.955141
17054,9.849584
17075,9.901189
17096,9.952795
17117,10.03959
17138,10.16156
17159,10.18502
17180,10.17095
17201,10.19675
17222,10.23428
17243,10.21786
17264,10.25305
17285,10.30935
17306,10.42194
17327,10.43601
17348,10.44305
17369,10.48293
17390,10.38675
17411,10.51577
17432,10.37972
17453,10.48293
17474,10.43367
17495,10.43367
17516,10.48528
17537,10.45244
17558,10.39145
17579,10.56503
17600,10.50873
17621,10.43601
17642,10.44305
17663,10.38206
17684,10.40787
17705,10.51108
17726,10.48058
17747,10.36799
17768,10.41725
17789,10.41256
17810,10.49466
17831,10.52515
17852,10.46416
17873,10.35861
17894,10.3891
17915,10.34453
17936,10.40317
17957,10.35391
17978,10.35626
17999,10.32576
18020,10.34453
18041,10.41725
18062,10.41959
18083,10.43367
18104,10.41959
18125,10.30231
18146,10.48762
18167,10.46651
18188,10.47355
18209,10.39614
18230,10.52281
18251,10.51342
18272,10.40552
18293,10.41725
18314,10.53923
18335,10.39379
18356,10.39614
18377,10.33984
18398,10.36564
18419,10.34688
18440,10.26243
18461,10.29527
18482,10.26947
18503,10.28589
18524,10.09823
18545,10.14749
18566,9.957487
18587,10.03489
18608,10.13107
18629,10.04897
18650,9.901189
18671,9.718222
18692,9.915263
18713,9.722914
18734,9.767483
18755,9.751062
18776,9.661925
18797,9.497724
18818,9.546985
18839,9.59859
18860,9.439081
18881,9.439081
18902,9.546985
18923,9.584516
18944,9.514144
18965,9.699456
18986,9.622047
19007,9.403895
19028,9.474266
19049,9.666616
19070,9.666616
19091,9.523527
19112,9.483649
19133,9.51649
19154,9.56575
19175,9.558713
19196,9.586862
19217,9.378092
19238,9.359325
19259,9.394512
19280,9.429698
19301,9.514144
19322,9.511798
19343,9.425007
19364,9.368709
19385,9.464884
19406,9.467229
19427,9.378092
19448,9.352288
19469,9.399203
19490,9.324141
19511,9.382783
19532,9.35698
19553,9.34056
19575,9.239694
19597,9.263151
19618,9.166977
19639,9.113025
19660,9.108333
19681,9.094258
19702,9.103642
19723,8.976973
19744,9.136482
19765,9.265497
19786,9.277225
19807,9.127099
19828,9.171668
19849,9.2913
19870,9.185742
19891,9.183396
19912,9.143519
19933,9.094258
19954,9.157594
19975,9.342906
19996,9.279572
20017,9.110679
20038,9.080185
20059,9.101295
20080,9.263151
20101,9.331178
20122,9.328832
20143,9.366363
20164,9.310066
20185,9.218582
20206,9.364017
20227,9.556367
20248,9.467229
20269,9.326486
20290,9.511798
20311,9.490686
20332,9.518835
20353,9.521181
20374,9.504761
20395,9.683037
20416,9.821435
20437,9.650196
20458,9.575133
20479,9.570441
20500,10.01378
20521,10.10292
20542,9.77452
20563,9.661925
20584,9.966869
20605,9.90588
20626,10.01144
20647,9.948103
20668,9.924646
20689,10.16391
20710,10.05601
20731,10.00909
20752,10.02317
20773,10.15453
20794,10.12872
20815,10.13576
20836,10.16626
20857,10.18737
20878,10.06539
20899,10.18502
20920,10.1428
20941,10.10527
20962,9.992672
20983,10.15453
21004,9.962177
21025,10.01848
21046,10.04897
21067,10.05132
21088,10.03489
21109,10.09588
21130,10.16156
21151,10.1686
21172,10.01144
21193,9.98329
21214,10.00206
21235,9.938721
21256,10.09823
21277,10.12403
21298,10.13576
21319,10.09588
21340,9.966869
21361,9.997364
21382,9.938721
21403,10.10996
21424,10.16626
21445,10.12169
21466,10.13107
21487,10.22021
21508,10.18502
21529,10.21786
21550,10.29292
21571,10.36564
21592,10.40083
21613,10.45478
21634,10.43601
21655,10.59318
21676,10.5275
21697,10.41021
21718,10.42898
21739,10.49231
21760,10.58849
21781,10.84886
21802,10.67293
21823,10.62133
21844,10.5791
21865,10.61664
21886,10.78553
21907,10.65182
21928,10.94973
21949,10.68935
21970,10.76207
21991,10.62367
22012,10.57207
22033,10.45713
22054,10.70577
22075,10.61664
22096,10.60256
22117,10.48058
22138,10.50873
22159,10.4149
22180,10.48528
22201,10.4712
22222,10.37033
22243,10.35626
22264,10.41256
22285,10.30935
22306,10.43367
22327,10.49231
22348,10.39614
22369,10.21552
22390,10.3328
22411,10.27181
22432,10.34922
22453,10.18033
22474,10.15687
22495,10.15453
22516,10.07477
22537,10.1428
22558,9.98329
22579,9.941067
22600,10.04662
22621,9.945757
22642,9.844892
22663,9.776865
22684,9.7581
22705,9.772174
22726,9.579824
22747,9.589207
22768,9.643159
22789,9.53291
22810,9.551676
22831,9.441426
22852,9.436735
22873,9.53291
22894,9.497724
22915,9.504761
22936,9.579824
22957,9.399203
22978,9.396858
22999,9.462538
23020,9.471921
23041,9.593899
23062,9.551676
23083,9.525873
23104,9.481303
23125,9.427352
23146,9.420315
23167,9.474266
23188,9.535255
23209,9.483649
23230,9.427352
23251,9.415624
23272,9.474266
23293,9.586862
23314,9.441426
23335,9.342906
23356,9.364017
23377,9.368709
23398,9.347597
23419,9.392166
23440,9.263151
23461,9.455501
23482,9.338214
23503,9.213891
23524,9.263151
23545,9.2092
23566,9.232656
23587,9.124753
23608,9.09895
23629,9.080185
23650,9.063765
23671,9.145865
23692,9.181051
23713,9.134136
23734,9.030925
23755,9.037962
23776,8.979319
23797,8.932404
23818,8.955861
23839,8.960552
23860,8.920675
23881,8.955861
23902,8.965244
23923,8.930058
23944,8.883143
23965,8.927712
23986,8.890181
24007,8.932404
24028,8.937096
24049,9.13179
24070,9.464884
24091,9.19278
24112,9.129445
24133,9.15994
24154,9.181051
24175,9.589207
24196,9.629085
24217,9.56575
24238,9.685382
24259,9.805015
24280,9.751062
24301,9.891806
24322,9.753407
24343,9.941067
24364,9.842546
24385,10.03724
24406,10.08181
24427,10.15453
24448,9.950449
24469,9.955141
24490,10.07243
24511,10.17329
24532,10.1686
24553,10.21083
24574,10.06773
24595,10.07946
24616,10.20379
24637,10.1686
24658,10.20144
24679,10.17329
24700,10.28823
24721,10.15453
24742,10.14749
24763,10.12403
24784,10.12169
24805,10.13342
24826,10.29762
24847,10.37033
24868,10.40083
24889,10.18033
24910,10.08181
24931,10.2507
24952,10.37503
24973,10.27181
24994,10.29996
25015,10.25539
25036,10.33515
25057,10.43367
25078,10.42429
25099,10.33984
25120,10.33046
25141,10.31404
25162,10.40552
25183,10.33984
25204,10.41959
25225,10.43601
25246,10.37503
25267,10.32576
25288,10.34922
25309,10.22959
25330,10.2812
25351,10.28823
25372,10.32811
25393,10.33984
25414,10.32576
25435,10.38675
25456,10.23897
25477,10.1991
25498,10.24601
25519,10.39614
25540,10.53923
25561,10.30465
25582,10.41959
25603,10.37972
25624,10.37268
25645,10.48293
25666,10.51342
25687,10.52984
25708,10.49935
25729,10.42194
25750,10.41256
25771,10.51342
25792,10.48762
25813,10.6096
25834,10.57441
25855,10.43132
25876,10.43836
25897,10.46416
25918,10.54392
25939,10.53219
25960,10.46416
25981,10.34688
26002,10.37033
26023,10.41725
26044,10.46885
26065,10.42898
26086,10.31404
26107,10.29292
26128,10.33515
26149,10.30935
26170,10.35391
26191,10.31873
26212,10.26008
26233,10.31169
26254,10.29292
26275,10.2812
26296,10.24601
26317,10.26478
26338,10.20848
26359,10.14749
26380,10.14514
26401,10.17329
26422,10.07243
26443,10.06305
26464,9.980944
26485,9.805015
26506,9.772174
26527,9.776865
26548,9.673654
26569,9.666616
26590,9.624393
26611,9.546985
26632,9.460192
26653,9.462538
26674,9.35698
26695,9.305374
26716,9.27488
26737,9.352288
26758,9.284263
26779,9.197471
26800,9.227965
26821,9.281918
26842,9.277225
26863,9.378092
26884,9.157594
26905,9.15994
26926,9.204508
26947,9.2913
26968,9.427352
26989,9.237348
27010,9.253768
27031,9.218582
27052,9.152903
27073,9.293646
27094,9.272534
27115,9.227965
27136,9.270188
27157,9.401549
27178,9.23031
27199,9.235003
27220,9.178705
27241,9.227965
27262,9.281918
27283,9.225619
27304,9.324141
27325,9.314757
27346,9.281918
27367,9.246731
27388,9.256114
27409,9.284263
27430,9.199817
27451,9.277225
27472,9.27488
27493,9.216236
27514,9.298337
27535,9.253768
27556,9.227965
27577,9.176359
27598,9.295992
27619,9.277225
27640,9.267843
27661,9.260805
27682,9.150557
27703,8.923021
27724,9.183396
27745,9.136482
27766,9.38982
27787,9.120062
27808,9.070802
27829,9.319448
27850,9.190434
27871,9.190434
27892,9.246731
27913,9.279572
27934,9.272534
27955,9.401549
27976,9.495378
27997,9.518835
28018,9.539948
28039,9.699456
28060,9.64785
28081,9.725259
28102,9.760445
28123,9.762791
28144,9.779211
28165,9.823779
28186,9.861312
28207,9.826125
28228,9.950449
28249,10.01378
28270,10.0044
28291,10.01144
28312,9.908226
28333,10.02551
28354,10.16626
28375,10.14514
28396,10.22021
28417,10.0302
28438,10.06773
28459,10.18971
28480,10.18502
28501,10.10527
28522,10.21317
28543,10.14514
28564,10.10058
28585,10.18033
28606,10.12872
28627,10.09119
28648,10.13107
28669,10.07477
28690,10.19441
28711,10.11934
28732,10.10058
28753,10.07946
28774,10.07477
28795,10.09588
28816,10.14045
28837,10.14045
28858,10.17095
28879,10.01613
28900,10.07477
28921,10.15687
28942,10.07008
28963,10.05132
28984,10.21083
29005,10.0865
29026,10.04662
29047,10.15922
29068,10.08416
29089,10.12169
29110,10.1991
29131,10.21083
29152,10.16626
29173,10.11934
29194,10.20379
29215,10.10761
29236,10.1428
29257,10.1686
29278,10.14749
29299,10.26008
29320,10.23428
29341,10.17095
29362,10.24132
29383,10.17095
29404,10.2765
29425,10.26243
29446,10.21786
29467,10.20613
29488,10.24132
29509,10.22021
29530,10.23897
29551,10.17329
29572,10.18033
29593,10.40317
29614,10.24601
29635,10.25774
29656,10.31638
29677,10.29996
29698,10.307
29719,10.40083
29740,10.35626
29761,10.34688
29782,10.43601
29803,10.34453
29824,10.38441
29845,10.48528
29866,10.40083
29887,10.40317
29908,10.41725
29929,10.45478
29950,10.38206
29971,10.40083
29992,10.36564
30013,10.37033
30034,10.44774
30055,10.34922
30076,10.32811
30097,10.27885
30118,10.32576
30139,10.51342
30160,10.28589
30181,10.32811
30202,10.28354
30223,10.25539
30244,10.25539
30265,10.29527
30286,10.22021
30307,10.20613
30329,10.14514
30353,10.21552
30374,10.17329
30395,10.15453
30416,10.07243
30437,10.13107
30458,10.117
30479,10.0607
30500,10.04193
30521,9.995018
30542,9.915263
30563,9.98798
30584,10.00206
30605,9.929338
30626,9.854274
30647,9.877731
30668,10.03724
30689,9.887115
30710,9.797977
30731,9.732296
30752,9.701802
30773,9.633776
30794,9.690074
30815,9.633776
30836,9.619701
30857,9.657233
30878,9.554022
30899,9.507107
30920,9.439081
30941,9.342906
30962,9.385129
30983,9.518835
31004,9.739333
31025,9.551676
31046,9.279572
31067,9.399203
31088,9.50007
31109,9.589207
31130,9.497724
31151,9.539948
31173,9.518835
31194,9.471921
31215,9.514144
31236,9.661925
31257,9.54933
31278,9.427352
31299,9.474266
31320,9.511798
31341,9.509453
31362,9.502416
31383,9.617355
31404,9.600936
31425,9.572787
31446,9.504761
31467,9.502416
31488,9.572787
31509,9.535255
31530,9.544639
31551,9.591553
31572,9.525873
31593,9.481303
31614,9.528218
31635,9.528218
31656,9.551676
31677,9.53291
31698,9.525873
31719,9.558713
31740,9.453156
31761,9.396858
31782,9.467229
31803,9.50007
31824,9.525873
31845,9.551676
31866,9.434389
31887,9.485995
31908,9.450809
31929,9.40624
31950,9.514144
31971,9.415624
31992,9.359325
32013,9.441426
32034,9.455501
32055,9.345251
32076,9.342906
32097,9.361671
32118,9.434389
32139,9.279572
32160,9.462538
32181,9.288955
32202,9.239694
32223,9.443772
32244,9.359325
32265,9.373401
32286,9.450809
32307,9.331178
32328,9.504761
32349,9.666616
32370,9.502416
32391,9.30772
32412,9.507107
32433,9.666616
32454,9.687728
32475,9.509453
32496,9.690074
32517,9.652542
32538,9.711185
32559,9.633776
32580,9.643159
32601,9.699456
32622,9.687728
32643,9.636122
32664,9.727605
32685,9.762791
32706,9.851928
32727,9.781557
32748,9.805015
32769,9.744025
32790,9.751062
32811,9.80736
32832,9.729951
32853,9.858966
32874,9.788594
32895,9.828471
32916,9.800323
32937,9.772174
32958,9.833163
32979,9.741679
33000,9.729951
33021,9.802669
33042,9.741679
33063,9.837853
33084,9.781557
33105,9.840199
33126,9.9223
33147,9.821435
33168,9.875386
33189,9.901189
33210,9.971561
33231,9.978598
33252,9.877731
33273,9.945757
33294,9.948103
33315,10.04897
33336,9.962177
33357,9.990326
33378,9.969215
33399,10.01613
33420,9.964523
33441,10.07712
33462,10.05601
33483,9.969215
33504,10.10058
33525,10.19206
33546,10.24836
33567,10.28589
33588,10.12169
33609,10.10292
33630,10.15218
33651,10.23194
33672,10.31404
33693,10.3891
33714,10.2812
33735,10.45009
33756,10.45713
33777,10.44305
33798,10.46651
33819,10.4454
33840,10.53219
33861,10.49231
33882,10.61194
33903,10.4149
33924,10.43367
33945,10.43367
33966,10.58849
33987,10.66121
34008,10.61664
34029,10.51108
34050,10.42898
34071,10.6917
34092,10.81837
34113,10.53923
34134,10.63775
34155,10.54157
34176,10.48293
34197,10.6354
34218,10.68232
34239,10.7175
34260,10.5275
34281,10.56034
34302,10.53453
34323,10.50639
34344,10.55096
34365,10.63071
34386,10.49466
34407,10.45713
34428,10.50169
34449,10.34688
34470,10.48762
34491,10.45947
34512,10.36564
34533,10.35861
34554,10.34219
34575,10.42429
34596,10.4454
34617,10.32811
34638,10.32107
34659,10.28823
34680,10.18033
34701,10.16626
34722,10.11465
34743,10.17798
34764,10.10996
34785,10.07712
34806,10.117
34827,10.03959
34848,10.03489
34869,10.0044
34890,9.896498
34911,9.882422
34932,9.833163
34953,9.7581
34974,9.74637
34995,9.673654
35016,9.575133
35037,9.54933
35058,9.593899
35079,9.464884
35100,9.612664
35121,9.579824
35142,9.324141
35163,9.403895
35184,9.422661
35205,9.396858
35226,9.455501
35247,9.504761
35268,9.380438
35289,9.317103
35310,9.310066
35331,9.359325
35352,9.645505
35373,9.558713
35394,9.284263
35415,9.504761
35436,9.485995
35457,9.401549
35478,9.40624
35499,9.439081
35520,9.429698
35541,9.460192
35562,9.537601
35583,9.415624
35604,9.425007
35625,9.40624
35646,9.347597
35667,9.429698
35688,9.467229
35709,9.436735
35730,9.462538
35751,9.347597
35772,9.481303
35793,9.399203
35814,9.415624
35835,9.298337
35856,9.310066
35877,9.434389
35898,9.413278
35919,9.382783
35940,9.364017
35961,9.2913
35982,9.150557
36003,9.303029
36024,9.265497
36045,9.30772
36066,9.272534
36087,9.162285
36108,9.113025
36129,9.152903
36150,9.120062
36171,9.157594
36192,9.195126
36213,9.152903
36234,9.227965
36255,9.195126
36276,9.218582
36297,9.206854
36318,9.169322
36339,9.227965
36360,9.317103
36381,9.408587
36402,9.321795
36423,9.38982
36444,9.326486
36465,9.40624
36486,9.427352
36507,9.361671
36528,9.495378
36549,9.58217
36570,9.701802
36591,9.56575
36612,9.584516
36633,9.650196
36654,9.668962
36675,9.692419
36696,9.767483
36717,9.823779
36738,9.720568
36759,9.74637
36780,9.786248
36801,9.851928
36822,9.732296
36843,9.734642
36864,9.765137
36885,9.776865
36906,9.551676
36927,9.755754
36948,9.814397
36969,9.50007
36990,9.629085
37011,9.74637
37032,9.779211
37053,9.755754
37074,9.788594
37095,9.828471
37116,9.90588
37137,9.948103
37158,10.03255
37179,10.02786
37200,10.1991
37221,10.13811
37242,10.26243
37263,10.06539
37284,10.34453
37305,10.25774
37326,10.37503
37347,10.46182
37368,10.56268
37389,10.5533
37410,10.45947
37431,10.68466
37452,10.65651
37473,10.5533
37494,10.6659
37515,10.57441
37536,10.88874
37557,10.76676
37578,10.76676
37599,10.67059
37620,10.72454
37641,10.9122
37662,10.70577
37683,10.88639
37704,10.98257
37725,10.83713
37746,10.76207
37767,10.86997
37788,10.73627
37809,10.83948
37830,10.86997
37851,10.9122
37872,10.77614
37893,10.83713
37914,10.78318
37935,10.82775
37956,10.62602
37977,10.69404
37998,10.65417
38019,10.6917
38040,10.64947
38061,10.64478
38082,10.66355
38103,10.45244
38124,10.50639
38145,10.56268
38166,10.40552
38187,10.48762
38208,10.46651
38229,10.40317
38250,10.37033
38271,10.32811
38292,10.26008
38313,10.20379
38334,10.14984
38355,10.18502
38376,10.11934
38397,10.10058
38418,10.0302
38439,10.01848
38460,9.98329
38481,9.941067
38502,9.980944
38523,9.931683
38544,9.849584
38565,9.870694
38586,9.821435
38607,9.887115
38628,9.802669
38649,9.760445
38670,9.607973
38691,9.652542
38712,9.495378
38733,9.509453
38754,9.511798
38775,9.495378
38796,9.528218
38817,9.600936
38838,9.511798
38859,9.361671
38880,9.478958
38901,9.474266
38922,9.422661
38943,9.436735
38964,9.521181
38985,9.38982
39006,9.354634
39027,9.413278
39048,9.415624
39069,9.408587
39090,9.399203
39111,9.34056
39132,9.335869
39153,9.439081
39174,9.41797
39195,9.457847
39216,9.464884
39237,9.373401
39258,9.399203
39279,9.460192
39300,9.422661
39321,9.474266
39342,9.476612
39363,9.455501
39384,9.373401
39405,9.471921
39426,9.460192
39447,9.56575
39468,9.420315
39489,9.474266
39510,9.467229
39531,9.410933
39552,9.450809
39573,9.471921
39594,9.371055
39615,9.401549
39636,9.448463
39657,9.476612
39678,9.425007
39699,9.326486
39720,9.422661
39741,9.450809
39762,9.413278
39783,9.385129
39804,9.408587
39825,9.441426
39846,9.281918
39867,9.260805
39888,9.270188
39909,9.288955
39930,9.305374
39951,9.223273
39972,9.253768
39993,9.19278
40014,9.143519
40035,9.23031
40056,9.246731
40077,9.265497
40098,9.195126
40119,9.211545
40140,9.044999
40161,9.295992
40182,9.279572
40203,9.2092
40224,9.260805
40245,9.138828
40266,9.331178
40287,9.300683
40308,9.30772
40329,9.396858
40350,9.420315
40371,9.385129
40392,9.539948
40413,9.509453
40434,9.392166
40455,9.514144
40476,9.617355
40497,9.668962
40518,9.610318
40539,9.64785
40560,9.732296
40581,9.732296
40602,9.793285
40623,9.753407
40644,9.837853
40665,9.776865
40686,9.760445
40707,9.866002
40728,9.699456
40749,9.952795
40770,10.05835
40791,9.816743
40812,10.07477
40833,10.05601
40854,9.980944
40875,10.0865
40896,10.05601
40917,10.12403
40938,10.09119
40959,10.18971
40980,10.14984
41001,10.18502
41022,10.25774
41043,10.1123
41064,10.43836
41085,10.54392
41106,10.31169
41127,10.43367
41148,10.48528
41169,10.3891
41190,10.48293
41211,10.56034
41232,10.41725
41253,10.60022
41274,10.67293
41295,10.46651
41316,10.60491
41337,10.70108
41358,10.68935
41379,10.70343
41400,10.62133
41421,10.56738
41442,10.7175
41463,10.72454
41484,10.89812
41505,10.5838
41526,10.78318
41547,10.67997
41568,10.7175
41589,10.81133
41610,10.83244
41631,10.73158
41652,10.78084
41673,10.7175
41694,10.66121
41715,10.56972
41736,10.7996
41757,10.75034
41778,10.70108
41799,10.6096
41820,10.6096
41841,10.5533
41862,10.65417
41883,10.55565
41904,10.64244
41925,10.56034
41946,10.54626
41967,10.53688
41988,10.5275
42009,10.39848
42030,10.48293
42051,10.41725
42072,10.38441
42093,10.32342
42114,10.25305
42135,10.32107
42156,10.34219
42177,10.16626
42198,10.01613
42219,10.05601
42240,9.995018
42261,9.973906
42282,9.964523
42303,9.870694
42324,9.882422
42345,9.840199
42366,9.704147
42387,9.626739
42408,9.612664
42429,9.58217
42450,9.711185
42471,9.577478
42492,9.300683
42513,9.385129
42534,9.382783
42555,9.58217
42576,9.401549
42597,9.392166
42618,9.349943
42639,9.364017
42660,9.497724
42681,9.443772
42702,9.378092
42723,9.387475
42744,9.439081
42765,9.474266
42786,9.378092
42807,9.434389
42828,9.429698
42849,9.422661
42870,9.460192
42891,9.439081
42912,9.504761
42933,9.481303
42954,9.481303
42975,9.429698
42996,9.448463
43017,9.448463
43038,9.54933
43059,9.518835
43080,9.490686
43101,9.425007
43122,9.502416
43143,9.469575
43164,9.51649
43185,9.56575
43206,9.497724
43227,9.509453
43248,9.502416
43269,9.51649
43290,9.502416
43311,9.361671
43332,9.396858
43353,9.326486
43374,9.305374
43395,9.38982
43416,9.368709
43437,9.30772
43458,9.314757
43479,9.408587
43500,9.293646
43521,9.2913
43542,9.324141
43563,9.279572
43584,9.319448
43605,9.279572
43626,9.335869
43647,9.251423
43668,9.312411
43689,9.213891
43710,9.324141
43731,9.352288
43752,9.338214
43773,9.354634
43794,9.335869
43815,9.303029
43836,9.378092
43857,9.371055
43878,9.371055
43899,9.415624
43920,9.497724
43941,9.579824
43962,9.279572
43983,9.464884
44004,9.514144
44025,9.427352
44046,9.54933
44067,9.467229
44088,9.474266
44109,9.387475
44130,9.507107
44151,9.554022
44172,9.54933
44193,9.54933
44214,9.410933
44235,9.59859
44256,9.48834
44277,9.474266
44298,9.657233
44319,9.570441
44340,9.443772
44361,9.617355
44382,9.626739
44403,9.800323
44424,9.685382
44445,9.788594
44466,9.619701
44487,9.833163
44508,9.722914
44529,9.673654
44550,9.795631
44571,9.999709
44592,9.694765
44613,9.948103
44634,9.880077
44655,9.833163
44676,9.929338
44697,9.976252
44718,10.00675
44739,10.01378
44760,10.0302
44781,10.24132
44802,10.12872
44823,10.17095
44844,10.1686
44865,10.20848
44886,10.2249
44907,10.44305
44928,10.31169
44949,10.14749
44970,10.41256
44991,10.40787
45012,10.33046
45033,10.37268
45054,10.32342
45075,10.34219
45096,10.37737
45117,10.45009
45138,10.33515
45159,10.41256
45180,10.52984
45201,10.50404
45222,10.5838
45243,10.46651
45264,10.60725
45285,10.60491
45306,10.55799
45327,10.6354
45348,10.58849
45369,10.62836
45390,10.51811
45411,10.55096
45432,10.5838
45453,10.59552
45474,10.61664
45495,10.67293
45516,10.62133
45537,10.81602
45558,10.72219
45579,10.7175
45600,10.63306
45621,10.53923
45642,10.52281
45663,10.51811
45684,10.5275
45705,10.51342
45726,10.43836
45747,10.38441
45768,10.41256
45789,10.41725
45810,10.36564
45831,10.28354
45852,10.30231
45873,10.31873
45894,10.29762
45915,10.1991
45936,10.23663
45957,10.27885
45978,10.09588
45999,10.16391
46020,10.20613
46041,10.21317
46062,10.16156
46083,10.0865
46104,10.04428
46125,10.07243
46146,10.0607
46167,10.0607
46188,10.03489
46209,9.936375
46230,10.09119
46251,10.06305
46272,9.962177
46293,9.896498
46314,9.990326
46335,10.02786
46356,10.01144
46377,9.54933
46398,9.671308
46419,9.624393
46440,9.676
46461,9.584516
46482,9.54933
46503,9.495378
46524,9.471921
46545,9.277225
46566,9.523527
46587,9.455501
46608,9.345251
46629,9.382783
46650,9.371055
46671,9.394512
46692,9.40624
46713,9.422661
46734,9.338214
46755,9.277225
46776,9.319448
46797,9.371055
46818,9.361671
46839,9.326486
46860,9.382783
46881,9.462538
46902,9.51649
46923,9.511798
46944,9.556367
46965,9.455501
46986,9.354634
47007,9.235003
47028,9.394512
47049,9.596244
47070,9.633776
47091,9.439081
47112,9.558713
47133,9.666616
47154,9.551676
47175,9.462538
47196,9.54933
47217,9.612664
47238,9.673654
47259,9.572787
47280,9.535255
47301,9.476612
47322,9.48834
47343,9.410933
47364,9.436735
47385,9.40624
47406,9.448463
47427,9.429698
47448,9.361671
47469,9.338214
47490,9.195126
47511,9.265497
47532,9.352288
47553,9.382783
47574,9.40624
47595,9.288955
47616,9.371055
47637,9.375746
47658,9.267843
47679,9.263151
47700,9.263151
47721,9.295992
47742,9.321795
47763,9.403895
47784,9.324141
47805,9.227965
47826,9.410933
47847,9.401549
47868,9.41797
47889,9.420315
47910,9.408587
47931,9.338214
47952,9.556367
47973,9.312411
47994,9.436735
48015,9.511798
48036,9.603281
48057,9.432044
48078,9.446118
48099,9.375746
48120,9.401549
48141,9.523527
48162,9.474266
48183,9.525873
48204,9.612664
48225,9.493032
48246,9.467229
48267,9.636122
48288,9.769828
48309,9.748716
48330,9.708839
48351,9.629085
48372,9.830817
48393,9.896498
48414,9.748716
48435,9.910572
48456,9.769828
48477,9.85662
48498,9.793285
48519,9.854274
48540,10.13576
48561,9.955141
48582,9.875386
48603,9.809706
48624,9.868348
48645,9.952795
48666,9.941067
48687,9.781557
48708,9.828471
48729,9.835509
48750,9.889461
48771,9.797977
48792,9.87304
48813,9.814397
48834,9.870694
48855,9.812052
48876,9.814397
48897,9.683037
48918,9.884768
48939,9.903535
48960,9.941067
48981,9.840199
49002,9.793285
49023,9.821435
49044,9.842546
49065,9.962177
49086,10.07243
49107,10.03959
49128,9.98798
49149,10.02551
49170,10.07477
49191,10.17798
49212,10.10527
49233,10.18502
49254,10.17564
49275,10.117
49296,10.33749
49317,10.32811
49338,10.30935
49359,10.38675
49380,10.4712
49401,10.52984
49422,10.37972
49443,10.40317
49464,10.48058
49485,10.43601
49506,10.63306
49527,10.62367
49548,10.81602
49569,10.81368
49590,10.67528
49611,10.58145
49632,10.68466
49653,10.5791
49674,10.59318
49695,10.86997
49716,10.65886
49737,10.62836
49758,10.54157
49779,10.1686
49800,10.44071
49821,10.45244
49842,10.5275
49863,10.3633
49884,10.52281
49905,10.35391
49926,10.30935
49947,10.41256
49968,10.27885
49989,10.30231
50010,10.2765
50031,10.3891
50052,10.30935
50073,10.28354
50094,10.28589
50115,10.30935
50136,10.33046
50157,10.27181
50178,10.18971
50199,10.32107
50220,10.30231
50241,10.30231
50262,10.2249
50283,10.18971
50304,10.03489
50325,10.16391
50346,10.19675
50367,10.20144
50388,9.955141
50409,10.32342
50430,10.06773
50451,10.02786
50472,9.955141
50493,9.903535
50514,9.959831
50535,9.926992
50556,9.654888
50577,9.753407
50598,9.962177
50619,9.814397
50640,9.7581
50661,9.722914
50682,9.713531
50703,9.704147
50724,9.586862
50745,9.495378
50766,9.640813
50787,9.51649
50808,9.546985
50829,9.563404
50850,9.521181
50871,9.464884
50892,9.575133
50913,9.481303
50934,9.443772
50955,9.56575
50976,9.568096
50997,9.579824
51018,9.556367
51039,9.490686
51060,9.502416
51081,9.575133
51102,9.563404
51123,9.556367
51144,9.554022
51165,9.638468
51186,9.535255
51207,9.617355
51228,9.593899
51249,9.450809
51270,9.485995
51291,9.521181
51312,9.589207
51333,9.539948
51354,9.448463
51375,9.476612
51396,9.349943
51417,9.474266
51438,9.464884
51459,9.403895
51480,9.399203
51501,9.321795
51522,9.213891
51543,9.361671
51564,9.251423
51585,9.35698
51606,9.303029
51627,9.164631
51648,9.223273
51669,9.249077
51690,9.148211
51711,9.213891
51732,9.124753
51753,9.162285
51774,9.197471
51795,9.138828
51816,9.113025
51840,9.199817
51865,9.166977
51886,9.077839
51907,9.108333
51928,9.115371
51949,9.263151
51970,9.317103
51991,9.25846
52012,9.169322
52033,9.256114
52054,9.183396
52075,9.178705
52096,9.206854
52117,9.436735
52138,9.420315
52159,9.380438
52180,9.244386
52201,9.225619
52222,9.2092
52243,9.364017
52264,9.446118
52285,9.439081
52306,9.249077
52327,9.197471
52348,9.324141
52369,9.478958
52390,9.469575
52411,9.429698
52432,9.507107
52453,9.715877
52474,9.690074
52495,9.645505
52516,9.661925
52537,9.7581
52558,9.783903
52579,9.830817
52600,9.889461
52621,9.800323
52642,9.821435
52663,9.722914
52684,9.783903
52705,9.898843
52726,9.80736
52747,9.809706
52768,9.938721
52789,9.762791
52810,9.7581
52831,9.821435
52852,10.02551
52873,9.910572
52894,10.117
52915,10.1991
52936,10.15922
52957,10.13107
52978,10.29058
52999,10.20144
53020,10.45009
53041,10.39614
53062,10.25305
53083,10.33749
53104,10.32107
53125,10.33515
53146,10.29527
53167,10.19675
53188,10.20144
53209,10.13576
53230,10.03959
53251,10.26947
53272,10.46416
53293,10.33515
53314,10.23428
53335,10.21083
53356,10.12403
53377,10.19206
53398,10.35861
53419,10.38675
53440,10.49231
53461,10.37972
53482,10.2765
53504,10.29527
53525,10.4149
53546,10.55565
53567,10.52281
53588,10.45478
53609,10.31638
53630,10.38675
53651,10.4712
53672,10.54626
53693,10.60022
53714,10.56738
53735,10.37972
53756,10.5275
53777,10.43601
53798,10.46416
53819,10.46182
53840,10.39848
53861,10.34453
53882,10.32107
53903,10.31638
53924,10.40317
53945,10.29058
53966,10.27885
53987,10.18502
54008,10.21317
54029,10.25305
54050,10.18268
54071,10.16626
54092,10.2812
54113,10.23428
54134,10.2765
54155,10.17095
54176,10.12169
54197,10.14984
54218,10.15453
54239,10.13576
54260,10.20848
54281,10.17798
54302,10.1686
54323,10.2249
54344,10.16156
54365,10.08885
54386,10.11465
54407,10.15687
54428,10.02551
54449,10.07477
54470,10.16156
54491,9.943413
54512,10.05601
54533,9.955141
54554,9.971561
54575,10.04193
54596,9.934029
54617,9.819089
54638,9.948103
54659,9.858966
54680,9.830817
54701,9.819089
54722,9.877731
54743,9.680691
54764,9.640813
54785,9.706493
54806,9.692419
54827,9.685382
54848,9.687728
54869,9.690074
54890,9.631431
54911,9.504761
54932,9.753407
54953,9.7581
54974,9.701802
54995,9.561059
55016,9.666616
55037,9.619701
55058,9.685382
55079,9.427352
55100,9.626739
55121,9.654888
55142,9.694765
55163,9.58217
55184,9.668962
55205,9.61501
55226,9.629085
55247,9.546985
55268,9.584516
55289,9.568096
55310,9.568096
55331,9.509453
55352,9.558713
55373,9.690074
55394,9.711185
55415,9.450809
55436,9.373401
55457,9.371055
55478,9.490686
55499,9.298337
55520,9.23031
55541,9.260805
55562,9.303029
55583,9.342906
55604,9.249077
55625,9.164631
55646,9.120062
55667,9.028579
55688,9.080185
55709,9.087222
55730,9.089567
55751,8.988701
55772,9.007467
55793,8.979319
55814,9.080185
55835,9.094258
55856,9.091913
55877,9.115371
55898,8.976973
55919,8.969935
55940,8.911292
55961,8.972281
55982,8.923021
56003,8.98401
56024,9.084876
56045,9.075493
56066,9.070802
56087,8.906601
56108,9.096604
56129,9.134136
56150,9.063765
56171,8.899564
56192,9.171668
56213,9.34056
56234,9.256114
56255,9.223273
56276,9.225619
56297,9.223273
56318,9.279572
56339,9.342906
56360,9.497724
56381,9.732296
56402,9.729951
56423,9.51649
56444,9.835509
56465,9.898843
56486,9.732296
56507,9.744025
56528,10.01613
56549,9.90588
56570,9.849584
56591,9.985635
56612,9.976252
56633,9.851928
56654,9.952795
56675,9.931683
56696,10.0865
56717,9.980944
56738,9.98329
56759,9.966869
56780,10.04193
56801,9.919954
56822,9.978598
56843,10.04662
56864,9.880077
56885,9.973906
56906,10.117
56927,9.917608
56948,10.00909
56969,10.10527
56990,9.997364
57011,10.01848
57032,10.21317
57053,10.12638
57074,10.11465
57095,10.15218
57116,10.22255
57137,10.1686
57158,10.20379
57179,10.19441
57200,10.13811
57221,10.30465
57242,10.30465
57263,10.23194
57284,10.20144
57305,10.14514
57326,10.2812
57347,10.45009
57368,10.23428
57389,10.2765
57410,10.22959
57431,10.29527
57452,10.34219
57473,10.30935
57494,10.49466
57515,10.6354
57536,10.44071
57557,10.45947
57578,10.56503
57599,10.52515
57620,10.66355
57641,10.71985
57662,10.67997
57683,10.64244
57704,10.62836
57725,10.68466
57746,10.79491
57767,10.72454
57788,10.74565
57809,10.63071
57830,10.6917
57851,10.62133
57872,10.6096
57893,10.58145
57914,10.52281
57935,10.53923
57956,10.32342
57977,10.2249
57998,10.307
58019,10.23194
58040,10.17798
58061,10.02786
58082,10.12169
58103,10.06539
58124,10.00206
58145,10.07008
58166,10.06539
58187,10.0044
58208,10.05132
58229,10.06773
58250,10.01378
58271,10.03724
58292,9.948103
58313,10.02082
58334,10.05835
58355,9.938721
58376,10.02317
58397,9.880077
58418,10.00909
58439,9.978598
58460,9.952795
58481,9.931683
58502,9.901189
58523,9.708839
58544,9.762791
58565,9.788594
58586,9.645505
58607,9.631431
58628,9.561059
58649,9.50007
58670,9.50007
58691,9.481303
58712,9.378092
58733,9.375746
58754,9.281918
58775,9.394512
58796,9.507107
58817,9.392166
58838,9.260805
58859,9.40624
58880,9.349943
58901,9.305374
58922,9.288955
58943,9.408587
58964,9.556367
58985,9.382783
59006,9.380438
59027,9.371055
59048,9.41797
59069,9.368709
59090,9.422661
59111,9.413278
59132,9.485995
59153,9.495378
59174,9.511798
59195,9.478958
59216,9.514144
59237,9.48834
59258,9.50007
59279,9.455501
59300,9.469575
59321,9.509453
59342,9.579824
59363,9.546985
59384,9.333523
59405,9.455501
59426,9.361671
59447,9.518835
59468,9.368709
59489,9.30772
59510,9.415624
59531,9.422661
59552,9.38982
59573,9.352288
59594,9.27488
59615,9.23031
59636,9.293646
59657,9.178705
59678,9.263151
59699,9.124753
59720,9.073148
59741,9.134136
59762,9.08253
59783,9.047344
59804,9.021542
59825,9.108333
59846,9.227965
59867,9.19278
59888,9.127099
59909,9.087222
59930,9.213891
59951,9.164631
59972,9.244386
59993,9.152903
60014,9.25846
60035,9.352288
60056,9.267843
60077,9.249077
60098,9.321795
60119,9.432044
60140,9.378092
60161,9.474266
60182,9.502416
60203,9.593899
60224,9.542293
60245,9.692419
60266,9.720568
60287,9.673654
60308,9.624393
60329,9.734642
60350,9.765137
60371,9.795631
60392,9.819089
60413,9.833163
60434,9.830817
60455,9.882422
60476,9.828471
60497,9.962177
60518,9.753407
60539,9.80736
60560,9.821435
60581,9.969215
60602,9.847238
60623,9.964523
60644,9.772174
60665,9.842546
60686,9.910572
60707,9.826125
60728,9.917608
60749,9.802669
60770,9.929338
60791,9.912917
60812,9.910572
60833,9.990326
60854,9.948103
60875,10.03489
60896,9.884768
60917,9.941067
60938,9.917608
60959,9.997364
60980,9.891806
61001,10.03959
61022,10.03255
61043,10.00675
61064,10.00909
61085,10.0044
61106,10.11465
61127,10.12169
61148,9.995018
61169,10.13811
61190,10.20613
61211,10.21552
61232,10.08885
61253,10.10996
61274,10.19675
61295,10.31873
61316,10.18737
61337,10.19675
61358,10.28589
61379,10.21317
61400,10.29058
61421,10.36799
61442,10.19206
61463,10.11934
61484,10.28823
61505,10.48528
61526,10.29762
61547,10.48528
61568,10.49935
61589,10.4712
61610,10.57207
61631,10.53923
61652,10.66824
61673,10.50639
61694,10.51108
61715,10.41021
61736,10.5791
61757,10.57207
61778,10.5533
61799,10.58614
61820,10.53923
61841,10.54861
61862,10.54626
61883,10.58849
61904,10.5791
61925,10.4712
61946,10.51811
61967,10.49231
61988,10.52046
62009,10.58145
62030,10.35861
62051,10.36095
62072,10.41256
62093,10.2765
62114,10.30935
62135,10.14749
62156,10.18033
62177,10.02317
62198,10.06773
62219,10.10292
62240,10.10527
62261,10.04193
62282,10.0607
62303,10.12638
62324,10.08885
62345,10.03959
62366,9.962177
62387,10.03724
62408,10.17329
62429,10.13576
62450,9.950449
62471,9.955141
62492,10.05132
62513,10.01144
62534,9.966869
62555,9.903535
62576,9.875386
62597,9.842546
62618,9.826125
62639,9.748716
62660,9.753407
62681,9.624393
62702,9.666616
62723,9.61501
62744,9.535255
62765,9.556367
62786,9.66427
62807,9.443772
62828,9.446118
62849,9.713531
62870,9.382783
62891,9.53291
62912,9.410933
62933,9.401549
62954,9.413278
62975,9.425007
62997,9.326486
63018,9.27488
63039,9.298337
63060,9.380438
63081,9.441426
63102,9.333523
63123,9.267843
63144,9.408587
63165,9.342906
63186,9.439081
63207,9.387475
63228,9.399203
63249,9.394512
63270,9.455501
63291,9.347597
63312,9.354634
63333,9.399203
63354,9.441426
63375,9.401549
63396,9.371055
63417,9.378092
63438,9.366363
63459,9.300683
63480,9.249077
63501,9.13179
63522,9.310066
63543,9.469575
63564,9.396858
63585,9.206854
63606,9.321795
63627,9.338214
63648,9.279572
63669,9.202163
63690,9.237348
63711,9.281918
63732,9.122408
63753,9.059073
63774,9.338214
63795,9.249077
63816,9.096604
63837,8.944133
63858,8.932404
63879,9.04969
63900,8.995738
63921,8.908947
63942,9.040307
63963,9.108333
63984,9.089567
64005,9.014504
64026,8.991047
64047,9.166977
64068,9.190434
64089,9.288955
64110,9.481303
64131,9.396858
64152,9.232656
64173,9.394512
64194,9.467229
64215,9.514144
64236,9.493032
64257,9.481303
64278,9.645505
64299,9.61501
64320,9.657233
64341,9.603281
64362,9.727605
64383,9.645505
64404,9.711185
64425,9.793285
64446,9.673654
64467,9.633776
64488,9.471921
64509,9.950449
64530,9.751062
64551,9.603281
64572,9.713531
64593,9.851928
64614,9.779211
64635,9.61501
64656,9.826125
64677,9.79094
64698,9.741679
64719,9.98329
64740,9.643159
64761,9.795631
64782,10.0302
64803,9.894152
64824,10.14045
64845,10.07946
64866,10.14045
64887,10.12169
64908,10.307
64929,10.22021
64950,10.25539
64971,10.17329
64992,10.33984
65013,10.37503
65034,10.34922
65055,10.37268
65076,10.497
65097,10.45009
65118,10.48762
65139,10.48997
65160,10.57207
65181,10.53453
65202,10.46416
65223,10.50169
65244,10.61194
65265,10.65886
65286,10.70108
65307,10.21786
65328,10.48762
65349,10.78084
65370,10.68466
65391,10.56738
65412,10.52281
65433,10.55565
65454,10.497
65475,10.497
65496,10.39379
65517,10.34219
65538,10.45009
65559,10.39379
65580,10.41256
65601,10.40552
65622,10.38441
65643,10.33984
65664,10.307
65685,10.36564
65706,10.46885
65727,10.307
65748,10.48528
65769,10.42429
65790,10.38441
65811,10.27885
65832,10.18502
65853,10.26478
65874,10.39848
65895,10.33749
65916,10.29292
65937,10.20848
65958,10.23194
65979,10.17095
66000,10.25539
66021,10.27416
66042,10.25774
66063,10.13811
66084,10.12403
66105,10.08885
66126,10.12169
66147,10.15453
66168,10.13342
66189,9.966869
66210,9.889461
66231,9.992672
66252,9.85662
66273,9.74637
66294,9.889461
66315,9.950449
66336,9.868348
66357,9.884768
66378,9.844892
66399,9.779211
66420,9.734642
66441,9.877731
66462,9.795631
66483,9.837853
66504,9.760445
66525,9.797977
66546,9.833163
66567,9.692419
66588,9.736988
66609,9.783903
66630,9.772174
66651,9.772174
66672,9.80736
66693,9.690074
66714,9.715877
66735,9.699456
66756,9.624393
66777,9.56575
66798,9.77452
66819,9.591553
66840,9.568096
66861,9.586862
66882,9.483649
66903,9.485995
66924,9.455501
66945,9.413278
66966,9.495378
66987,9.535255
67008,9.657233
67029,9.56575
67050,9.434389
67071,9.34056
67092,9.464884
67113,9.408587
67134,9.2913
67155,9.359325
67176,9.295992
67197,9.249077
67218,9.270188
67239,9.272534
67260,9.227965
67281,9.171668
67302,9.312411
67323,9.25846
67344,9.321795
67365,9.204508
67386,9.218582
67407,9.310066
67428,9.249077
67449,9.270188
67470,9.375746
67491,9.345251
67512,9.310066
67533,9.277225
67554,9.211545
67575,9.235003
67596,9.260805
67617,9.34056
67638,9.347597
67659,9.272534
67680,9.244386
67701,9.27488
67722,9.317103
67743,9.253768
67764,9.293646
67785,9.211545
67806,9.300683
67827,9.368709
67848,9.50007
67869,9.349943
67890,9.195126
67911,9.272534
67932,9.364017
67953,9.30772
67974,9.190434
67995,9.202163
68016,9.138828
68037,9.345251
68058,9.408587
68079,9.199817
68100,9.202163
68121,9.288955
68142,9.256114
68163,9.19278
68184,9.272534
68205,9.439081
68226,9.485995
68247,9.685382
68268,9.633776
68289,9.607973
68310,9.652542
68331,9.725259
68352,9.572787
68373,9.748716
68394,9.650196
68415,9.525873
68436,9.765137
68457,10.08181
68478,9.901189
68499,9.659579
68520,9.769828
68541,9.626739
68562,9.901189
68583,9.788594
68604,9.926992
68625,9.776865
68646,9.739333
68667,9.518835
68688,9.999709
68709,9.943413
68730,10.19441
68751,10.20613
68772,9.915263
68793,9.924646
68814,10.07946
68835,10.14984
68856,9.805015
68877,9.976252
68898,10.14749
68919,10.15687
68940,9.999709
68961,10.12872
68982,10.07946
69003,10.20613
69024,10.1686
69045,10.20144
69066,10.23428
69087,10.27416
69108,10.31169
69129,10.20379
69150,10.2765
69171,10.33046
69192,10.29292
69213,10.33046
69234,10.35391
69255,10.31169
69276,10.35157
69297,10.29762
69318,10.34688
69339,10.31638
69360,10.44774
69381,10.56972
69402,10.43601
69423,10.48058
69444,10.497
69465,10.26243
69486,10.35626
69507,10.29292
69528,10.70343
69549,10.50639
69570,10.36095
69591,10.49231
69612,10.35157
69633,10.30465
69654,10.34219
69675,10.35861
69696,10.28589
69717,10.22725
69738,10.28354
69759,10.29292
69780,10.36564
69801,10.27885
69822,10.25539
69843,10.18268
69864,10.29292
69885,10.26712
69906,10.29527
69927,10.30231
69948,10.24601
69969,10.26008
69990,10.28589
70011,10.27885
70032,10.18971
70053,10.40317
70074,10.28354
70095,10.36095
70116,10.33515
70137,10.28823
70158,10.2249
70179,10.30935
70200,10.40787
70221,10.22725
70242,10.24132
70263,10.2765
70284,10.12169
70305,10.18033
70326,10.10527
70347,10.12169
70368,10.02317
70389,10.03255
70410,10.09588
70431,9.990326
70452,9.997364
70473,9.903535
70494,9.87304
70515,9.9223
70536,9.833163
70557,9.948103
70578,9.819089
70599,9.849584
70620,9.833163
70641,9.659579
70662,9.612664
70683,9.64785
70704,9.722914
70725,9.589207
70746,9.558713
70767,9.563404
70788,9.589207
70809,9.589207
70830,9.54933
70851,9.493032
70872,9.530564
70893,9.551676
70914,9.523527
70935,9.507107
70956,9.572787
70977,9.586862
70998,9.568096
71019,9.429698
71040,9.361671
71061,9.399203
71082,9.493032
71103,9.495378
71124,9.497724
71145,9.399203
71166,9.399203
71187,9.450809
71208,9.483649
71229,9.448463
71250,9.375746
71271,9.371055
71292,9.371055
71313,9.361671
71334,9.235003
71355,9.305374
71376,9.298337
71397,9.279572
71418,9.267843
71439,9.244386
71460,9.244386
71481,9.199817
71502,9.237348
71523,9.260805
71544,9.267843
71565,9.30772
71586,9.216236
71607,9.279572
71628,9.312411
71649,9.345251
71670,9.303029
71691,9.27488
71712,9.24204
71733,9.310066
71754,9.392166
71775,9.244386
71796,9.342906
71817,9.281918
71838,9.349943
71859,9.265497
71880,9.23031
71901,9.312411
71922,9.373401
71943,9.371055
71964,9.347597
71985,9.387475
72006,9.439081
72027,9.453156
72048,9.528218
72069,9.373401
72090,9.364017
72111,9.319448
72132,9.382783
72153,9.298337
72174,9.427352
72195,9.331178
72216,9.277225
72237,9.354634
72258,9.415624
72279,9.2913
72300,9.408587
72321,9.441426
72342,9.457847
72363,9.455501
72384,9.542293
72405,9.53291
72426,9.48834
72447,9.556367
72468,9.744025
72489,9.727605
72510,9.661925
72531,9.858966
72552,9.828471
72573,9.816743
72594,9.673654
72615,9.676
72636,9.847238
72657,9.842546
72678,9.837853
72699,9.727605
72720,9.739333
72741,9.866002
72762,9.805015
72783,9.600936
72804,9.699456
72825,9.718222
72846,9.600936
72867,9.64785
72888,9.542293
72909,9.643159
72930,9.523527
72951,9.678345
72972,9.671308
72993,9.605627
73014,9.61501
73035,9.572787
73056,9.678345
73077,9.607973
73098,9.610318
73119,9.713531
73140,9.715877
73161,9.725259
73182,9.786248
73203,9.973906
73224,9.969215
73245,10.01378
73266,9.929338
73287,9.941067
73308,10.09119
73329,10.01144
73350,10.0865
73371,10.14514
73392,10.13107
73413,10.23663
73434,10.22725
73455,10.21317
73476,10.30231
73497,10.21786
73518,10.28589
73539,10.40787
73560,10.2812
73581,10.42898
73602,10.46182
73623,10.47824
73644,10.59318
73665,10.42194
73686,10.62367
73707,10.72454
73728,10.40083
73749,10.49231
73770,10.64947
73791,10.56972
73812,10.33984
73833,10.44071
73854,10.57441
73875,10.49935
73896,10.48058
73917,10.37972
73938,10.34922
73959,10.37268
73980,10.43132
74001,10.49231
74022,10.497
74043,10.45478
74064,10.35391
74085,10.50169
74106,10.43836
74127,10.44774
74148,10.46651
74169,10.31404
74190,10.32811
74211,10.37972
74232,10.37972
74253,10.37033
74274,10.29527
74295,10.33046
74316,10.27885
74337,10.23663
74358,10.28823
74379,10.15453
74400,10.25774
74421,10.22725
74442,10.07477
74463,10.117
74484,10.15687
74505,10.1123
74526,10.18971
74547,9.924646
74568,10.02551
74589,9.884768
74610,9.809706
74631,9.90588
74652,9.931683
74673,9.866002
74694,9.802669
74715,9.828471
74736,9.936375
74757,9.884768
74778,9.837853
74799,9.80736
74820,9.753407
74841,9.755754
74862,9.736988
74883,9.631431
74904,9.678345
74925,9.600936
74946,9.666616
74967,9.577478
74988,9.518835
75009,9.415624
75030,9.457847
75051,9.523527
75072,9.399203
75093,9.279572
75114,9.305374
75135,9.312411
75156,9.305374
75177,9.427352
75198,9.420315
75219,9.270188
75240,9.319448
75261,9.352288
75282,9.48834
75303,9.401549
75324,9.235003
75345,9.331178
75366,9.422661
75387,9.249077
75408,9.105988
75429,9.244386
75450,9.15994
75471,9.157594
75492,9.134136
75513,9.211545
75534,9.141173
75555,9.066111
75576,9.061419
75597,9.035616
75618,9.103642
75639,9.239694
75660,9.211545
75681,9.08253
75702,9.176359
75723,9.19278
75744,9.155248
75765,9.19278
75786,9.155248
75807,9.162285
75828,9.056727
75849,9.171668
75870,9.2092
75891,9.190434
75912,9.15994
75933,9.164631
75954,9.235003
75975,9.211545
75996,9.124753
76017,9.169322
76038,9.225619
76059,9.303029
76080,9.368709
76101,9.23031
76122,9.321795
76143,9.324141
76164,9.08253
76185,9.19278
76206,9.300683
76227,9.197471
76248,9.091913
76269,8.967589
76290,9.115371
76311,9.129445
76332,9.293646
76353,9.218582
76374,9.166977
76395,9.174014
76416,9.176359
76437,9.096604
76458,9.211545
76479,9.493032
76500,9.561059
76521,9.305374
76542,9.35698
76563,9.727605
76584,9.546985
76605,9.546985
76626,9.50007
76647,9.591553
76668,9.509453
76689,9.523527
76710,9.668962
76731,9.64785
76752,9.671308
76773,9.673654
76794,9.622047
76815,9.732296
76836,9.711185
76857,9.633776
76878,10.09823
76899,9.98329
76920,9.894152
76941,10.07243
76962,10.12872
76983,10.01144
77004,10.29292
77025,10.45009
77046,10.2812
77067,10.14045
77088,10.22725
77109,10.49231
77130,10.2812
77151,10.09823
77172,10.12169
77193,10.21552
77214,10.10996
77235,10.24601
77256,10.36095
77277,10.40083
77298,10.50873
77319,10.38675
77340,10.42898
77361,10.36799
77382,10.29996
77403,10.39614
77424,10.44305
77445,10.6096
77466,10.50873
77487,10.35861
77508,10.39145
77529,10.40787
77550,10.37503
77571,10.56972
77592,10.57441
77613,10.44071
77634,10.45478
77655,10.54392
77676,10.52984
77697,10.54392
77718,10.75503
77739,10.31873
77760,11.05998
77781,10.45947
77802,10.4454
77823,10.41021
77844,10.33984
77865,10.14984
77886,10.2765
77907,10.28823
77928,10.05601
77949,10.05132
77970,10.10292
77991,10.13342
78012,10.0302
78033,10.00675
78054,10.04897
78075,10.16626
78096,10.18033
78117,10.19206
78138,10.23194
78159,10.22255
78180,10.25539
78201,10.26947
78222,10.31169
78243,10.26712
78264,10.35861
78285,10.29292
78306,10.24132
78327,10.1686
78348,10.08885
78369,10.23428
78390,10.24601
78411,10.18268
78432,10.10058
78453,9.957487
78474,10.05835
78495,10.10527
78516,9.7581
78537,9.819089
78558,9.884768
78579,9.765137
78600,9.638468
78621,9.507107
78642,9.584516
78663,9.514144
78684,9.295992
78705,9.455501
78726,9.34056
78747,9.176359
78768,9.246731
78789,9.185742
78810,8.998084
78831,9.066111
78852,9.174014
78873,9.009813
78894,9.096604
78915,9.145865
78936,9.044999
78957,9.122408
78978,9.190434
78999,9.176359
79020,9.181051
79041,9.155248
79062,9.063765
79083,9.063765
79104,9.181051
79125,9.091913
79146,9.103642
79167,9.040307
79188,8.911292
79209,9.01685
79230,9.066111
79251,9.054381
79272,8.958207
79293,8.894873
79314,8.981664
79335,9.094258
79356,9.073148
79377,9.035616
79398,9.01685
79419,9.096604
79440,9.09895
79461,9.152903
79482,8.911292
79503,8.845612
79524,8.944133
79545,8.932404
79566,8.937096
79587,8.803389
79608,8.843266
79629,9.157594
79650,8.850304
79671,8.833883
79692,8.79166
79713,8.876106
79734,9.052036
79755,9.368709
79776,8.941787
79797,9.026234
79818,9.108333
79839,9.364017
79860,9.375746
79881,9.312411
79902,9.425007
79923,9.375746
79944,9.546985
79965,9.554022
79986,9.64785
80007,9.680691
80028,9.666616
80049,9.59859
80070,9.638468
80091,9.732296
80112,9.729951
80133,9.704147
80154,9.708839
80175,9.828471
80196,9.690074
80217,9.978598
80238,10.0302
80259,9.814397
80280,9.847238
80301,9.690074
80322,9.9223
80343,9.840199
80364,9.694765
80385,9.90588
80406,9.854274
80427,9.875386
80448,9.971561
80469,9.854274
80490,10.11934
80511,9.98329
80532,9.858966
80553,10.28589
80574,10.18033
80595,10.06305
80616,9.966869
80637,10.16626
80658,10.2812
80679,10.18268
80700,10.15453
80721,10.32107
80742,10.35157
80763,10.32811
80784,10.39614
80805,10.37033
80826,10.33749
80847,10.37268
80868,10.48058
80889,10.41959
80910,10.47589
80931,10.45947
80952,10.56034
80973,10.58614
80994,10.6096
81015,10.6096
81036,10.53688
81057,10.50639
81078,10.3891
81099,10.3633
81120,10.39379
81141,10.34922
81162,10.35626
81183,10.18971
81204,10.48762
81225,10.74331
81246,10.52515
81267,10.34453
81288,10.27885
81309,10.16391
81330,10.18502
81351,10.29058
81372,10.3633
81393,10.37033
81414,10.19441
81435,10.22725
81456,10.26008
81477,10.33515
81498,10.42194
81519,10.32576
81540,10.26243
81561,10.23428
81582,10.21083
81603,10.36095
81624,10.41959
81645,10.34688
81666,10.37503
81687,10.34688
81708,10.1428
81729,10.20379
81750,10.31169
81771,10.25539
81792,10.27181
81813,10.18033
81834,10.23663
81855,10.18033
81876,10.37737
81897,10.15218
81918,10.18971
81939,10.19675
81960,10.05366
81981,10.01378
82002,10.00206
82023,9.943413
82044,9.901189
82065,9.992672
82086,9.912917
82107,9.912917
82128,9.912917
82149,9.891806
82170,9.863657
82191,9.870694
82212,9.821435
82233,9.903535
82254,9.77452
82275,9.715877
82296,9.729951
82317,9.683037
82338,9.687728
82359,9.593899
82380,9.535255
82401,9.591553
82422,9.523527
82443,9.542293
82464,9.497724
82485,9.464884
82506,9.385129
82527,9.331178
82548,9.364017
82569,9.401549
82590,9.361671
82611,9.34056
82632,9.2913
82653,9.408587
82674,9.387475
82695,9.331178
82716,9.317103
82737,9.460192
82758,9.511798
82779,9.572787
82800,9.251423
82821,9.232656
82842,9.288955
82863,9.279572
82884,9.30772
82905,9.38982
82926,9.195126
82947,9.19278
82968,9.103642
82989,9.145865
83010,9.181051
83031,9.190434
83052,9.040307
83073,9.08253
83094,9.220928
83115,9.239694
83136,9.150557
83157,9.08253
83178,9.124753
83199,9.150557
83220,9.237348
83241,9.136482
83262,9.108333
83283,9.105988
83304,9.059073
83325,9.225619
83346,9.162285
83367,9.037962
83388,8.960552
83409,9.012158
83430,9.204508
83451,9.195126
83472,9.15994
83493,9.206854
83514,9.101295
83535,9.183396
83556,9.13179
83577,9.070802
83598,9.028579
83619,9.13179
83640,9.232656
83661,9.145865
83682,9.059073
83703,9.077839
83724,9.019196
83745,9.300683
83766,9.15994
83787,8.869069
83808,9.059073
83829,9.300683
83850,9.342906
83871,9.145865
83892,9.176359
83913,9.410933
83934,9.338214
83955,9.394512
83976,9.539948
83997,9.56575
84018,9.422661
84039,9.530564
84060,9.610318
84081,9.619701
84102,9.767483
84123,9.744025
84144,9.739333
84165,9.828471
84186,9.919954
84207,9.971561
84228,9.919954
84249,9.962177
84270,10.05366
84291,9.739333
84312,10.15922
84333,10.38206
84354,9.969215
84375,10.12403
84396,10.22255
84417,10.24601
84438,10.26947
84459,10.19206
84480,10.22959
84501,10.17095
84522,10.09119
84543,10.03724
84564,10.22959
84585,10.0865
84606,10.13342
84627,10.23663
84648,10.30935
84669,10.34922
84690,10.07243
84711,10.15687
84732,10.16626
84753,10.18033
84774,10.21083
84795,10.2507
84816,10.35391
84837,10.33749
84858,10.29527
84879,10.40552
84900,10.29762
84921,10.30935
84942,10.1991
84963,10.26008
84984,10.41021
85005,10.37737
85026,10.42194
85047,10.34453
85068,10.2812
85089,10.32342
85110,10.21552
85131,10.44774
85152,10.21317
85173,10.48058
85194,10.35391
85215,10.26478
85236,10.32107
85257,10.23428
85278,10.14749
85299,10.05601
85320,10.12638
85341,10.09119
85362,10.03959
85383,10.10058
85404,10.11934
85425,9.870694
85446,9.971561
85467,9.973906
85488,10.05601
85509,10.13576
85530,10.12872
85551,10.10996
85572,10.08885
85593,10.09119
85614,10.14045
85635,10.16626
85656,10.20613
85677,10.22959
85698,10.14045
85719,10.20379
85740,10.22725
85761,10.15453
85782,10.20144
85803,10.24836
85824,10.22021
85845,10.21083
85866,10.17095
85887,10.2249
85908,10.22725
85929,10.08885
85950,10.19206
85971,10.1991
85992,10.20848
86013,10.05601
86034,10.05366
86055,9.945757
86076,10.01378
86097,9.964523
86118,9.962177
86139,9.959831
86160,9.959831
86181,9.910572
86202,9.814397
86223,9.772174
86244,9.797977
86265,9.809706
86286,9.734642
86307,9.722914
86328,9.636122
86349,9.66427
86370,9.51649
86391,9.657233
86412,9.610318
86433,9.563404
86454,9.518835
86475,9.622047
86496,9.485995
86517,9.453156
86538,9.41797
86559,9.359325
86580,9.464884
86601,9.570441
86622,9.394512
86643,9.345251
86664,9.260805
86685,9.382783
86706,9.352288
86727,9.410933
86748,9.295992
86769,9.396858
86790,9.518835
86811,9.535255
86832,9.326486
86853,9.181051
86874,9.378092
86895,9.502416
86916,9.319448
86937,9.197471
86958,9.117716
86979,9.124753
87000,9.239694
87021,9.253768
87042,8.988701
87063,9.056727
87084,9.012158
87105,9.105988
87126,9.204508
87147,9.183396
87168,9.087222
87189,9.094258
87210,9.061419
87231,9.141173
87252,9.150557
87273,9.122408
87294,9.138828
87315,8.965244
87336,9.087222
87357,9.120062
87378,9.01685
87399,9.077839
87420,8.98401
87441,9.028579
87462,9.056727
87483,9.042653
87504,9.042653
87525,9.054381
87546,9.056727
87567,9.136482
87588,9.281918
87609,9.047344
87630,9.040307
87651,9.213891
87672,9.166977
87693,9.272534
87714,9.286609
87735,8.932404
87756,8.98401
87777,9.249077
87798,9.246731
87819,9.080185
87840,9.117716
87861,9.237348
87882,9.220928
87903,9.216236
87924,9.270188
87945,9.298337
87966,9.420315
87987,9.399203
88008,9.56575
88029,9.528218
88050,9.603281
88071,9.537601
88092,9.61501
88113,9.812052
88134,9.781557
88155,9.706493
88176,9.720568
88197,9.753407
88218,9.734642
88239,9.753407
88260,9.692419
88281,9.744025
88302,9.833163
88323,9.631431
88344,9.760445
88365,9.887115
88386,9.74637
88407,9.800323
88428,9.882422
88449,9.830817
88470,9.863657
88491,9.880077
88512,9.884768
88533,9.917608
88554,9.931683
88575,9.908226
88596,9.814397
88617,9.87304
88638,9.736988
88659,9.912917
88680,9.952795
88701,9.985635
88722,10.04193
88743,9.898843
88764,9.842546
88785,9.875386
88806,9.915263
88827,10.04662
88848,10.09119
88869,10.24366
88890,10.38675
88911,10.37737
88932,10.37033
88953,10.38441
88974,10.47589
88995,10.52281
89016,10.47355
89037,10.45478
89058,10.59552
89079,10.64713
89100,10.62133
89121,10.61429
89142,10.04897
89163,10.62367
89184,10.75503
89205,10.81837
89226,10.83948
89247,10.67997
89268,10.68935
89289,10.62133
89310,10.81602
89331,10.67528
89352,10.69874
89373,10.61429
89394,10.47589
89415,10.29292
89436,10.3633
89457,10.20613
89478,10.18033
89499,10.10527
89520,10.11934
89541,9.969215
89562,10.03489
89583,10.04897
89604,9.976252
89625,10.01848
89646,9.98798
89667,10.0044
89688,10.07477
89709,10.04897
89730,10.08416
89751,10.17329
89772,10.07712
89793,10.117
89814,10.07946
89835,9.950449
89856,10.03724
89877,10.03959
89898,9.858966
89919,9.826125
89940,9.891806
89961,9.891806
89982,9.802669
90003,9.79094
90024,9.837853
90045,9.837853
90066,9.687728
90087,9.678345
90108,9.654888
90129,9.490686
90150,9.577478
90171,9.607973
90192,9.460192
90213,9.295992
90234,9.415624
90255,9.342906
90276,9.342906
90297,9.399203
90318,9.380438
90339,9.352288
90360,9.202163
90381,9.314757
90402,9.265497
90423,9.277225
90444,9.277225
90465,9.293646
90486,9.270188
90507,9.286609
90528,9.284263
90549,9.293646
90570,9.265497
90591,9.24204
90612,9.265497
90633,9.213891
90654,9.181051
90675,9.2913
90696,9.169322
90717,9.155248
90738,9.166977
90759,9.120062
90780,9.178705
90801,9.206854
90822,9.188088
90843,9.162285
90864,9.190434
90885,9.359325
90906,9.251423
90927,9.183396
90948,9.174014
90969,9.206854
90990,9.277225
91011,9.284263
91032,9.183396
91053,9.197471
91074,9.141173
91095,9.103642
91116,9.073148
91137,9.103642
91158,8.988701
91179,8.937096
91200,9.030925
91221,8.904256
91242,8.897219
91263,8.95117
91284,9.054381
91305,9.155248
91326,9.037962
91347,9.059073
91368,9.09895
91389,9.127099
91410,9.134136
91431,9.155248
91452,9.23031
91473,9.300683
91494,9.249077
91515,9.2913
91536,9.509453
91557,9.446118
91578,9.387475
91599,9.509453
91620,9.476612
91641,9.528218
91662,9.469575
91683,9.617355
91704,9.718222
91725,9.624393
91746,9.561059
91767,9.668962
91788,9.668962
91809,9.783903
91830,9.514144
91851,9.450809
91872,9.542293
91893,9.683037
91914,9.603281
91935,9.584516
91956,9.551676
91977,9.546985
91998,9.54933
92019,9.58217
92040,9.575133
92061,9.697111
92082,9.683037
92103,9.797977
92124,9.66427
92145,9.964523
92166,9.830817
92187,9.779211
92208,9.962177
92229,9.973906
92250,9.966869
92271,9.985635
92292,10.07477
92313,9.999709
92334,10.09119
92355,10.09588
92376,10.09823
92397,10.14514
92418,10.14749
92439,10.06773
92460,10.19206
92481,10.20144
92502,10.17564
92523,10.20613
92544,10.33046
92565,10.33749
92586,10.45009
92607,10.45478
92628,10.38206
92649,10.25305
92670,10.54392
92691,10.4149
92712,10.39145
92733,10.38206
92754,10.32107
92775,10.47355
92796,10.497
92817,10.26947
