8820,13.0773
8841,13.06088
8862,13.07261
8883,13.31187
8904,13.48077
8925,13.37756
8946,13.05385
8967,12.88964
8988,12.81693
9009,12.91545
9030,12.78643
9051,12.58001
9072,12.31025
9093,12.1437
9114,11.6769
9135,11.7637
9156,11.4048
9177,11.06701
9198,10.90047
9219,10.54626
9240,10.50404
9261,10.33749
9282,10.05835
9303,9.835509
9324,9.624393
9345,9.239694
9366,9.185742
9387,8.930058
9408,8.711905
9429,8.641534
9450,8.552396
9471,8.425727
9492,8.163006
9513,8.073868
9534,7.782998
9555,7.764232
9576,7.571883
9597,7.539042
9618,7.658674
9639,7.302124
9660,7.259901
9681,7.133232
9702,7.069897
9723,7.142614
9744,7.11212
9765,7.126195
9786,7.140269
9807,7.123849
9828,6.893968
9849,7.105083
9870,7.266938
9891,7.442868
9912,7.433485
9933,7.25521
9954,7.51324
9975,7.778307
9996,7.787689
10017,7.85337
10038,7.965965
10059,8.015225
10080,8.327207
10101,8.613385
10122,8.79166
10143,8.812772
10164,9.216236
10185,9.446118
10206,9.788594
10227,10.2507
10248,10.3891
10269,10.51811
10290,10.82306
10311,11.02948
10332,11.28048
10353,11.55727
10374,11.83172
10395,11.96543
10416,12.19766
10437,12.4768
10458,12.48149
10479,12.78174
10500,13.12422
10521,13.36817
10542,13.25323
10563,13.21101
10584,13.16879
10605,13.63324
10626,13.94053
10647,13.81151
10668,13.50657
10689,13.26262
10710,13.17817
10731,13.12656
10752,13.25323
10773,13.03977
10794,12.87322
10815,12.60581
10836,12.40173
10857,12.10617
10878,12.05926
10899,11.77308
10920,11.66987
10941,11.26875
10962,11.03652
10983,10.7996
11004,10.50404
11025,10.34922
11046,10.18971
11067,10.08416
11088,9.495378
11109,9.476612
11130,9.293646
11151,9.120062
11172,8.735363
11193,8.503136
11214,8.413999
11235,8.578199
11256,8.200537
11277,8.12782
11298,8.116092
11319,7.693861
11340,7.764232
11361,7.947199
11382,7.609415
11403,7.752503
11424,7.733737
11445,7.682132
11466,7.440522
11487,7.372496
11508,7.499165
11530,7.557808
11551,7.569537
11572,7.372496
11593,7.365459
11614,7.295087
11635,7.259901
11656,7.292741
11677,7.123849
11698,7.295087
11719,7.459288
11740,7.349039
11761,7.494474
11782,7.4804
11803,7.405336
11824,7.581266
11845,7.904976
11866,7.912013
11887,8.186462
11908,8.428073
11929,8.524248
11950,8.664991
11971,9.077839
11992,9.314757
12013,9.767483
12034,9.997364
12055,10.38206
12076,10.5838
12097,10.89343
12118,11.14442
12139,11.32974
12160,11.62764
12181,11.87395
12202,12.22346
12223,12.47914
12244,12.80989
12265,12.98582
12286,13.11014
12307,13.19928
12328,13.24385
12349,13.15002
12370,13.17348
12391,13.56052
12412,13.75522
12433,13.28607
12454,12.9694
12475,12.94594
12496,12.86384
12517,13.06557
12538,12.97878
12559,12.72544
12580,12.56124
12601,12.41112
12622,12.44865
12643,12.32667
12664,12.1179
12685,11.78715
12706,11.79654
12727,11.5432
12748,11.57135
12769,11.32035
12790,10.81837
12811,10.95911
12832,10.46885
12853,10.4454
12874,10.23194
12895,10.0865
12916,9.959831
12937,9.539948
12958,9.284263
12979,9.314757
13000,8.969935
13021,8.756474
13042,8.805735
13063,8.798697
13084,8.601656
13105,8.453876
13126,8.294367
13147,8.292021
13168,8.280293
13189,8.306095
13210,8.310786
13231,8.191154
13252,8.078559
13273,8.069177
13294,8.102016
13315,7.965965
13336,8.022263
13357,8.015225
13378,7.900285
13399,8.01757
13420,8.125474
13441,8.019917
13462,7.881518
13483,7.843987
13504,7.904976
13525,7.881518
13546,7.846333
13567,7.698552
13588,7.714972
13609,7.729046
13630,7.632872
13651,7.787689
13672,7.834604
13693,7.982385
13714,8.01757
13735,8.085596
13756,8.097325
13777,8.233377
13798,8.472641
13819,8.843266
13840,8.650917
13861,8.918329
13882,9.174014
13903,9.235003
13924,9.443772
13945,9.854274
13966,10.19206
13987,10.307
14008,10.57441
14029,10.65886
14050,10.95442
14071,11.03652
14092,11.39776
14113,11.49863
14134,11.59715
14155,11.94197
14176,12.09913
14198,12.13667
14219,12.35013
14240,12.41112
14261,12.46741
14282,12.35716
14303,12.19531
14324,12.30556
14345,12.71137
14366,13.17113
14387,12.75125
14408,12.42988
14429,12.43223
14450,12.39235
14471,12.44865
14492,12.37358
14513,12.22346
14534,12.1179
14555,12.10617
14576,12.07568
14597,11.96074
14618,11.71913
14639,11.5948
14660,11.64876
14681,11.43295
14702,11.32739
14723,11.22887
14744,10.64478
14765,10.88639
14786,10.79022
14807,10.46416
14828,10.24601
14849,9.948103
14870,9.617355
14891,9.772174
14912,9.502416
14933,9.162285
14954,9.084876
14975,9.026234
14996,8.932404
15017,8.986356
15038,8.90191
15059,8.64388
15080,8.606348
15101,8.650917
15122,8.43511
15143,8.585237
15164,8.568816
15185,8.374122
15206,8.270909
15227,8.296712
15248,8.336589
15269,8.231031
15290,8.073868
15311,7.965965
15332,8.012879
15353,7.998805
15374,7.930779
15395,7.855715
15416,7.724355
15437,7.698552
15458,7.59534
15479,7.705589
15500,7.625834
15521,7.57892
15542,7.536696
15563,7.61176
15584,7.440522
15605,7.499165
15626,7.508548
15647,7.487437
15668,7.768924
15689,7.757195
15710,7.729046
15731,7.663366
15752,7.921396
15773,8.235723
15794,8.498445
15815,8.608693
15836,8.557088
15857,8.794006
15878,9.080185
15899,9.410933
15920,9.685382
15941,9.889461
15962,10.23428
15983,10.29996
16004,10.66121
16025,10.87467
16046,11.04356
16067,11.22652
16088,11.45875
16109,11.69098
16130,12.04518
16151,12.17889
16172,12.41815
16193,12.46272
16214,12.91545
16235,12.89668
16256,12.96236
16277,12.99286
16298,13.29076
16319,13.23916
16340,13.08199
16361,13.19224
16382,13.40336
16403,13.31891
16424,13.12187
16445,12.80989
16466,12.60816
16487,12.51433
16508,12.50729
16529,12.6105
16550,12.45803
16571,12.4205
16592,12.17185
16613,11.94901
16634,11.73086
16655,11.58777
16676,11.36961
16697,11.08813
16718,10.76442
16739,10.48997
16760,10.50169
16781,10.20144
16802,10.57207
16823,10.02082
16844,9.603281
16865,9.364017
16886,9.223273
16907,9.108333
16928,8.798697
16949,8.751783
16970,8.505482
16991,8.526593
17012,8.413999
17033,8.242761
17054,8.313132
17075,8.092634
17096,8.188808
17117,7.893247
17138,7.867445
17159,8.022263
17180,8.038682
17201,7.921396
17222,7.780652
17243,7.808801
17264,7.785344
17285,7.822875
17306,7.975348
17327,7.848678
17348,7.785344
17369,7.691514
17390,7.503857
17411,7.508548
17432,7.517931
17453,7.38657
17474,7.381879
17495,7.456942
17516,7.478054
17537,7.632872
17558,7.639909
17579,7.893247
17600,7.806456
17621,7.921396
17642,7.790035
17663,8.282638
17684,8.376467
17705,8.519556
17726,8.862032
17747,8.998084
17768,9.155248
17789,9.420315
17810,9.736988
17831,10.02551
17852,10.28823
17873,10.70108
17894,10.83948
17915,11.09517
17936,11.25467
17957,11.46579
17978,11.63703
17999,11.78481
18020,12.01234
18041,12.1437
18062,12.46038
18083,12.45803
18104,12.47211
18125,12.5284
18146,12.55186
18167,12.54013
18188,12.41346
18209,12.61519
18230,12.97878
18251,12.95063
18272,12.9952
18293,12.60112
18314,12.54248
18335,12.50729
18356,12.45803
18377,12.46272
18398,12.24926
18419,12.23753
18440,12.10852
18461,11.9279
18482,11.66283
18503,11.73086
18524,11.62061
18545,11.50332
18566,11.49628
18587,11.36258
18608,11.14442
18629,11.01072
18650,10.82306
18671,10.82071
18692,10.56503
18713,10.35861
18734,10.20848
18755,9.98798
18776,9.819089
18797,9.840199
18818,9.636122
18839,9.546985
18860,9.40624
18881,9.115371
18902,9.157594
18923,9.040307
18944,8.993393
18965,8.892527
18986,8.611039
19007,8.561779
19028,8.611039
19049,8.453876
19070,8.482024
19091,8.470296
19112,8.36943
19133,8.252144
19154,8.266218
19175,8.277946
19196,8.14424
19217,8.212266
19238,8.155969
19259,8.104362
19280,8.066831
19301,8.094979
19322,8.003496
19343,7.775961
19364,7.848678
19385,7.822875
19406,7.806456
19427,7.944853
19448,7.916704
19469,7.890902
19490,7.782998
19511,7.750158
19532,8.092634
19553,8.090288
19575,7.963619
19597,8.113746
19618,8.14424
19639,8.383504
19660,8.343626
19681,8.28733
19702,8.458567
19723,8.758821
19744,8.709559
19765,8.871415
19786,9.075493
19807,9.312411
19828,9.579824
19849,9.828471
19870,10.117
19891,10.41021
19912,10.48528
19933,10.55096
19954,10.70812
19975,10.7996
19996,11.00368
20017,11.20541
20038,11.39307
20059,11.54085
20080,11.82234
20101,12.16951
20122,12.18593
20143,12.25395
20164,12.23753
20185,12.29148
20206,12.24222
20227,12.26333
20248,12.46741
20269,12.71606
20290,12.81693
20311,12.88261
20332,12.47211
20353,12.49322
20374,12.40173
20395,12.56593
20416,12.59408
20437,12.40642
20458,12.14839
20479,12.08975
20500,12.20469
20521,12.0358
20542,12.02407
20563,11.81765
20584,11.76839
20605,11.60419
20626,11.39542
20647,11.21949
20668,10.95911
20689,11.05998
20710,10.79256
20731,10.5791
20752,10.53688
20773,10.35157
20794,10.16156
20815,9.901189
20836,9.870694
20857,9.568096
20878,9.535255
20899,9.453156
20920,9.235003
20941,9.225619
20962,9.059073
20983,8.845612
21004,8.763512
21025,8.702522
21046,8.594619
21067,8.30844
21088,8.313132
21109,8.263872
21130,8.141894
21151,8.092634
21172,8.066831
21193,8.008188
21214,7.991767
21235,7.618797
21256,7.80411
21277,7.794726
21298,7.820529
21319,7.672749
21340,7.560154
21361,7.675095
21382,7.46867
21403,7.349039
21424,7.271629
21445,7.384225
21466,7.475708
21487,7.567191
21508,7.290396
21529,7.32089
21550,7.318544
21571,7.332618
21592,7.656329
21613,7.714972
21634,7.560154
21655,7.768924
21676,8.165352
21697,8.2756
21718,8.585237
21739,8.878452
21760,9.061419
21781,9.195126
21802,9.591553
21823,10.03724
21844,10.35861
21865,10.60022
21886,10.95207
21907,11.04121
21928,11.33208
21949,11.45171
21970,11.62061
21991,11.83876
22012,12.23753
22033,12.44161
22054,12.61989
22075,12.73952
22096,12.86384
22117,12.92248
22138,12.98817
22159,13.2415
22180,13.22743
22201,13.22274
22222,13.04212
22243,13.10545
22264,13.02804
22285,13.02101
22306,12.85915
22327,12.85915
22348,12.76532
22369,12.62927
22390,12.46976
22411,12.49791
22432,12.33371
22453,12.15074
22474,12.10148
22495,11.85283
22516,11.87629
22537,11.57135
22558,11.38603
22579,11.25936
22600,10.87936
22621,10.72688
22642,10.5275
22663,10.4454
22684,10.22021
22705,10.22255
22726,9.584516
22747,9.610318
22768,9.253768
22789,9.218582
22810,8.883143
22831,8.883143
22852,8.561779
22873,8.747091
22894,8.486716
22915,8.277946
22936,8.14424
22957,8.076214
22978,8.087942
22999,7.942507
23020,7.95189
23041,7.813492
23062,7.768924
23083,7.778307
23104,7.691514
23125,7.665711
23146,7.663366
23167,7.466325
23188,7.635218
23209,7.550771
23230,7.548426
23251,7.454596
23272,7.501511
23293,7.393607
23314,7.400644
23335,7.37015
23356,7.344347
23377,7.588303
23398,7.581266
23419,7.928433
23440,7.773615
23461,7.665711
23482,7.461633
23503,7.907322
23524,8.36943
23545,8.43511
23566,8.423381
23587,8.646226
23608,8.878452
23629,9.040307
23650,9.270188
23671,9.50007
23692,10.04193
23713,10.21552
23734,10.18502
23755,10.38441
23776,10.70343
23797,10.69874
23818,10.9943
23839,11.25233
23860,11.50332
23881,11.72616
23902,11.96543
23923,12.12494
23944,12.2258
23965,12.18358
23986,12.16951
24007,12.27037
24028,12.39
24049,12.49087
24070,12.7747
24091,12.96471
24112,12.75125
24133,12.37593
24154,12.41112
24175,12.49791
24196,12.69729
24217,12.81224
24238,12.65273
24259,12.29617
24280,12.13667
24301,12.16716
24322,12.16951
24343,12.12259
24364,11.71913
24385,11.72851
24406,11.38369
24427,11.42122
24448,11.32035
24469,10.96146
24490,10.89343
24511,10.69874
24532,10.43836
24553,10.40552
24574,10.42429
24595,9.992672
24616,10.06773
24637,10.22255
24658,9.990326
24679,9.535255
24700,9.535255
24721,9.324141
24742,9.204508
24763,9.181051
24784,8.955861
24805,8.873761
24826,8.812772
24847,8.543014
24868,8.479678
24889,8.324861
24910,8.294367
24931,8.28733
24952,8.085596
24973,8.106709
24994,8.057447
25015,8.050411
25036,8.022263
25057,7.977693
25078,7.761887
25099,7.942507
25120,7.968311
25141,8.094979
25162,7.994113
25183,7.759541
25204,7.7267
25225,7.710281
25246,7.672749
25267,7.496819
25288,7.478054
25309,7.428793
25330,7.454596
25351,7.592994
25372,7.787689
25393,7.834604
25414,7.672749
25435,7.7267
25456,7.937816
25477,8.28733
25498,8.118437
25519,7.956582
25540,8.341281
25561,8.672029
25582,8.803389
25603,8.993393
25624,9.183396
25645,9.251423
25666,9.544639
25687,9.727605
25708,10.10058
25729,10.39614
25750,10.41021
25771,10.61194
25792,10.84886
25813,11.0459
25834,11.24763
25855,11.33208
25876,11.52912
25897,11.69567
25918,11.93962
25939,12.09913
25960,12.12025
25981,12.2
26002,12.50025
26023,12.60816
26044,12.50495
26065,12.36889
26086,12.40877
26107,11.98889
26128,12.30321
26149,12.48383
26170,12.50495
26191,12.42754
26212,12.37124
26233,12.18358
26254,12.0921
26275,12.13197
26296,12.10852
26317,11.91382
26338,12.01
26359,11.93962
26380,11.83407
26401,11.83876
26422,11.75666
26443,11.58542
26464,11.48456
26485,11.46344
26506,11.40245
26527,11.05294
26548,10.9943
26569,10.78553
26590,10.82306
26611,10.62836
26632,10.46651
26653,10.12169
26674,9.889461
26695,10.05132
26716,9.765137
26737,9.324141
26758,9.368709
26779,9.164631
26800,8.967589
26821,8.892527
26842,8.850304
26863,8.803389
26884,8.353009
26905,8.606348
26926,8.388196
26947,8.496099
26968,8.322515
26989,8.28733
27010,8.277946
27031,8.104362
27052,8.080905
27073,7.956582
27094,7.998805
27115,7.926087
27136,7.733737
27157,7.832259
27178,7.829913
27199,7.752503
27220,7.745467
27241,7.478054
27262,7.529659
27283,7.452251
27304,7.524968
27325,7.473362
27346,7.466325
27367,7.327927
27388,7.677441
27409,7.843987
27430,7.693861
27451,7.792381
27472,7.764232
27493,7.829913
27514,8.113746
27535,8.231031
27556,8.247452
27577,8.456222
27598,8.765858
27619,8.79166
27640,9.084876
27661,9.326486
27682,9.50007
27703,9.734642
27724,10.20848
27745,10.35157
27766,10.52515
27787,10.69874
27808,10.78084
27829,11.1327
27850,11.24763
27871,11.28517
27892,11.82234
27913,12.1179
27934,12.28914
27955,12.39704
27976,12.49087
27997,12.68791
28018,12.74656
28039,12.74421
28060,12.8873
28081,12.9436
28102,13.09138
28123,12.94829
28144,12.85211
28165,12.90137
28186,12.92014
28207,12.95532
28228,12.80989
28249,12.74421
28270,12.60816
28291,12.82396
28312,12.42519
28333,12.32198
28354,12.2305
28375,12.04284
28396,11.64172
28417,11.53147
28438,11.17492
28459,11.17023
28480,10.74565
28501,10.61194
28522,10.43836
28543,10.27885
28564,9.957487
28585,10.12638
28606,9.464884
28627,9.427352
28648,9.326486
28669,9.077839
28690,8.946478
28711,8.714252
28732,8.711905
28753,8.601656
28774,8.45153
28795,7.930779
28816,7.797072
28837,7.961274
28858,7.846333
28879,7.825221
28900,7.858061
28921,7.567191
28942,7.463979
28963,7.710281
28984,7.395953
29005,7.524968
29026,7.421756
29047,7.7267
29068,7.700898
29089,7.646946
29110,7.529659
29131,7.496819
29152,7.54608
29173,7.35373
29194,7.46867
29215,7.600031
29236,7.686823
29257,7.689169
29278,7.358422
29299,7.496819
29320,7.515585
29341,7.693861
29362,7.722009
29383,7.62818
29404,7.677441
29425,7.88621
29446,8.057447
29467,8.345972
29488,8.620422
29509,8.765858
29530,8.932404
29551,9.169322
29572,9.692419
29593,10.03959
29614,10.25774
29635,10.51108
29656,10.66355
29677,10.87232
29698,11.11393
29719,11.53381
29740,11.76839
29761,11.98889
29782,12.45334
29803,13.03977
29824,13.19224
29845,13.15237
29866,13.28138
29887,13.4057
29908,13.45731
29929,13.6567
29950,13.92646
29971,14.03905
29992,14.18214
30013,13.27434
30034,13.55348
30055,13.25323
30076,13.26731
30097,13.28373
30118,13.20163
30139,12.87792
30160,12.80754
30181,12.51198
30202,12.18123
30223,11.88567
30244,11.71913
30265,11.379
30286,11.38369
30307,11.16319
30329,10.63071
30352,10.59318
30373,10.36095
30394,10.06773
30415,9.912917
30436,9.863657
30457,9.61501
30478,9.317103
30499,9.157594
30520,9.077839
30541,8.836229
30562,8.641534
30583,8.674374
30604,8.200537
30625,8.059793
30646,8.139548
30667,8.109054
30688,7.933125
30709,7.832259
30730,7.879173
30751,7.893247
30772,7.975348
30793,7.839296
30814,7.754849
30835,7.665711
30856,7.665711
30877,7.675095
30898,7.731392
30919,7.677441
30940,7.590648
30961,7.604722
30982,7.560154
31003,7.623489
31024,7.5625
31045,7.508548
31066,7.663366
31087,8.022263
31108,7.982385
31129,7.820529
31150,7.88621
31172,7.923741
31193,8.012879
31214,7.745467
31235,8.1114
31256,8.437455
31277,8.425727
31298,8.557088
31319,8.740054
31340,8.796351
31361,8.831537
31382,9.09895
31403,9.378092
31424,9.61501
31445,9.851928
31466,10.11934
31487,10.28354
31508,10.43601
31529,10.51577
31550,10.9122
31571,11.0764
31592,11.38603
31613,11.57135
31634,11.7895
31655,12.07802
31676,11.92555
31697,11.95839
31718,11.97012
31739,12.04518
31760,12.18358
31781,12.17185
31802,12.26099
31823,12.17654
31844,12.41112
31865,12.641
31886,12.55421
31907,12.17889
31928,12.31729
31949,12.3126
31970,12.37358
31991,12.14839
32012,12.23284
32033,12.09679
32054,11.98889
32075,12.02173
32096,12.00061
32117,11.92321
32138,11.76604
32159,11.58307
32180,11.39776
32201,11.26875
32222,11.17257
32243,11.09282
32264,10.5791
32285,10.46651
32306,10.4712
32327,10.07477
32348,9.795631
32369,9.943413
32390,9.385129
32411,9.012158
32432,9.101295
32453,8.847958
32474,8.496099
32495,8.540668
32516,8.7424
32537,8.512519
32558,8.256835
32579,8.155969
32600,8.219303
32621,8.1114
32642,8.205229
32663,8.118437
32684,8.151278
32705,8.010533
32726,8.085596
32747,8.130166
32768,8.043374
32789,7.95189
32810,7.916704
32831,7.867445
32852,8.085596
32873,8.06214
32894,8.033991
32915,7.907322
32936,7.808801
32957,7.865098
32978,7.855715
32999,8.026954
33020,7.85337
33041,7.703244
33062,7.879173
33083,8.024608
33104,7.921396
33125,8.155969
33146,8.186462
33167,7.916704
33188,7.764232
33209,8.247452
33230,8.45153
33251,8.06214
33272,8.179425
33293,8.406961
33314,8.578199
33335,8.653263
33356,8.782278
33377,8.969935
33398,9.096604
33419,9.439081
33440,9.699456
33461,10.0607
33482,10.10996
33503,10.37972
33524,10.52281
33545,10.69874
33566,10.9122
33587,11.00134
33608,11.51036
33629,11.99358
33650,11.99358
33671,12.12025
33692,12.34544
33713,12.58001
33734,12.62927
33755,12.73483
33776,12.90841
33797,13.03977
33818,13.42916
33839,13.25089
33860,13.28373
33881,12.77001
33902,13.34941
33923,12.93187
33944,13.15706
33965,13.08434
33986,13.06088
34007,12.71137
34028,12.57532
34049,12.52606
34070,12.38531
34091,12.07568
34112,11.93962
34133,11.759
34154,11.66518
34175,11.41184
34196,11.25467
34217,11.06701
34238,10.80195
34259,10.46416
34280,10.43367
34301,10.31169
34322,10.03489
34343,9.833163
34364,9.729951
34385,9.56575
34406,9.352288
34427,9.195126
34448,9.084876
34469,8.932404
34490,8.801044
34511,8.554742
34532,8.580544
34553,8.559433
34574,8.329552
34595,8.188808
34616,8.247452
34637,8.137203
34658,8.151278
34679,8.069177
34700,8.097325
34721,8.033991
34742,8.064485
34763,7.909667
34784,7.961274
34805,8.008188
34826,7.977693
34847,7.942507
34868,7.705589
34889,7.759541
34910,7.860407
34931,7.876827
34952,7.879173
34973,7.879173
34994,7.806456
35015,7.785344
35036,7.747812
35057,7.670403
35078,7.83695
35099,7.996459
35120,8.245107
35141,7.729046
35162,8.146585
35183,8.378813
35204,8.231031
35225,8.313132
35246,8.646226
35267,8.789314
35288,9.063765
35309,8.960552
35330,9.185742
35351,9.342906
35372,9.455501
35393,9.788594
35414,9.9223
35435,10.44071
35456,10.43601
35477,10.56738
35498,10.77145
35519,10.89812
35540,11.04825
35561,11.16319
35582,11.90678
35603,11.99827
35624,12.02642
35645,12.08975
35666,12.35951
35687,12.34778
35708,12.19062
35729,12.37358
35750,12.36655
35771,12.30087
35792,12.55421
35813,12.81224
35834,12.74186
35855,12.48853
35876,12.38766
35897,12.46272
35918,12.51433
35939,12.45099
35960,12.46976
35981,12.26568
36002,12.31963
36023,12.31494
36044,12.24692
36065,11.96777
36086,12.00296
36107,11.90444
36128,11.74024
36149,11.53381
36170,11.39542
36191,11.29455
36212,11.15146
36233,10.76442
36254,10.76207
36275,10.36095
36296,10.15687
36317,10.14749
36338,9.826125
36359,9.537601
36380,9.338214
36401,9.070802
36422,8.904256
36443,8.862032
36464,8.819809
36485,8.711905
36506,8.432764
36527,8.299058
36548,8.313132
36569,8.273255
36590,8.17708
36611,8.155969
36632,8.033991
36653,8.015225
36674,7.991767
36695,8.059793
36716,8.102016
36737,7.829913
36758,7.77127
36779,7.930779
36800,8.167697
36821,8.235723
36842,8.045719
36863,7.921396
36884,7.949544
36905,8.069177
36926,8.024608
36947,7.942507
36968,7.916704
36989,8.080905
37010,8.1935
37031,8.087942
37052,8.045719
37073,8.050411
37094,8.102016
37115,8.216957
37136,8.219303
37157,8.303749
37178,8.331898
37199,8.170043
37220,8.40227
37241,8.578199
37262,8.662645
37283,8.812772
37304,9.014504
37325,9.113025
37346,9.227965
37367,9.40624
37388,9.861312
37409,10.1991
37430,10.30231
37451,10.1991
37472,10.49935
37493,10.7738
37514,10.86059
37535,11.11393
37556,11.38603
37577,11.55023
37598,11.62295
37619,11.83876
37640,12.01234
37661,12.15778
37682,12.08741
37703,12.21408
37724,12.30556
37745,12.45334
37766,12.47211
37787,12.5847
37808,12.50025
37829,12.49791
37850,12.26803
37871,12.23284
37892,12.08037
37913,12.29617
37934,12.36655
37955,12.34778
37976,12.36655
37997,12.18358
38018,12.08037
38039,12.15074
38060,12.02173
38081,11.96074
38102,11.79184
38123,11.61826
38144,11.55023
38165,11.44468
38186,11.35554
38207,11.17726
38228,11.04121
38249,10.97553
38270,10.62836
38291,10.62367
38312,10.4454
38333,10.3328
38354,10.15922
38375,10.06773
38396,9.929338
38417,9.779211
38438,9.469575
38459,9.511798
38480,9.298337
38501,8.937096
38522,9.256114
38543,9.162285
38564,8.772895
38585,8.646226
38606,8.700177
38627,8.343626
38648,8.404615
38669,8.421036
38690,8.284984
38711,8.357701
38732,8.280293
38753,8.247452
38774,8.249798
38795,8.214611
38816,8.102016
38837,8.219303
38858,8.195846
38879,8.353009
38900,8.334244
38921,8.134857
38942,7.98473
38963,8.123129
38984,8.132511
39005,8.151278
39026,8.219303
39047,8.139548
39068,7.95189
39089,7.958928
39110,7.963619
39131,7.761887
39152,7.940162
39173,8.207574
39194,8.163006
39215,8.207574
39236,8.057447
39257,8.256835
39278,8.514865
39299,8.543014
39320,8.453876
39341,8.646226
39362,8.93475
39383,9.03327
39404,9.113025
39425,9.176359
39446,9.30772
39467,9.51649
39488,9.800323
39509,10.14749
39530,10.4712
39551,10.22255
39572,10.39614
39593,10.76911
39614,10.72219
39635,10.84886
39656,11.09047
39677,11.20541
39698,11.3227
39719,11.3227
39740,11.40245
39761,11.79419
39782,11.71678
39803,11.79654
39824,11.70505
39845,11.74727
39866,11.7895
39887,11.88098
39908,11.91148
39929,12.08037
39950,12.00296
39971,11.90913
39992,11.85987
40013,12.07802
40034,12.0358
40055,11.94901
40076,11.85752
40097,11.84814
40118,11.77542
40139,11.83876
40160,11.88333
40181,11.8716
40202,11.83876
40223,11.71209
40244,11.58307
40265,11.59715
40286,11.68394
40307,11.45641
40328,11.28282
40349,11.2148
40370,11.12331
40391,10.97084
40412,10.90751
40433,10.82306
40454,10.64478
40475,10.33046
40496,10.22021
40517,10.17329
40538,10.09823
40559,10.06305
40580,9.98798
40601,9.502416
40622,9.359325
40643,9.375746
40664,9.378092
40685,9.335869
40706,9.094258
40727,8.988701
40748,9.009813
40769,8.8245
40790,8.777586
40811,8.625113
40832,8.535976
40853,8.486716
40874,8.437455
40895,8.376467
40916,8.231031
40937,8.284984
40958,8.207574
40979,8.06214
41000,8.22634
41021,8.233377
41042,8.125474
41063,8.099671
41084,8.158315
41105,8.165352
41126,8.055102
41147,7.956582
41168,8.052756
41189,7.85337
41210,7.998805
41231,7.916704
41252,7.822875
41273,7.848678
41294,7.785344
41315,7.787689
41336,7.958928
41357,7.890902
41378,7.982385
41399,8.092634
41420,7.933125
41441,7.973002
41462,8.186462
41483,8.341281
41504,8.596965
41525,8.733017
41546,8.873761
41567,8.829192
41588,8.953515
41609,9.279572
41630,9.410933
41651,9.898843
41672,9.870694
41693,9.795631
41714,10.11465
41735,10.46651
41756,10.64009
41777,10.76442
41798,10.89109
41819,10.93331
41840,11.17726
41861,11.28517
41882,11.42357
41903,11.48456
41924,11.61122
41945,11.7074
41966,12.04049
41987,12.19062
42008,12.18123
42029,12.28679
42050,12.12494
42071,12.01
42092,11.97716
42113,12.24222
42134,12.27741
42155,12.32902
42176,12.23753
42197,12.12259
42218,12.10852
42239,12.11555
42260,12.20938
42281,12.01469
42302,12.02642
42323,11.87864
42344,11.88098
42365,11.91617
42386,11.86222
42407,11.69332
42428,11.48456
42449,11.61357
42470,11.58307
42491,11.569
42512,11.40715
42533,11.36492
42554,11.23825
42575,11.07171
42596,10.93096
42617,10.72923
42638,10.51811
42659,10.28354
42680,10.32811
42701,10.11934
42722,10.0302
42743,9.579824
42764,9.439081
42785,9.371055
42806,9.256114
42827,9.190434
42848,9.138828
42869,9.026234
42890,8.862032
42911,8.843266
42932,8.777586
42953,8.550051
42974,8.568816
42995,8.465604
43016,8.580544
43037,8.507828
43058,8.228686
43079,8.252144
43100,8.303749
43121,8.184117
43142,8.184117
43163,8.14424
43184,8.097325
43205,7.996459
43226,7.961274
43247,8.008188
43268,7.775961
43289,7.874481
43310,7.843987
43331,7.827567
43352,7.95189
43373,7.780652
43394,7.747812
43415,7.839296
43436,7.876827
43457,7.86979
43478,7.792381
43499,8.055102
43520,8.188808
43541,8.216957
43562,8.094979
43583,8.399924
43604,8.310786
43625,8.500791
43646,8.46795
43667,8.735363
43688,9.138828
43709,9.561059
43730,9.539948
43751,9.263151
43772,9.518835
43793,10.05366
43814,10.35861
43835,10.31638
43856,10.31404
43877,10.55565
43898,10.64947
43919,10.80664
43940,10.77849
43961,11.22652
43982,11.3485
44003,11.1585
44024,11.43764
44045,11.54554
44066,11.62999
44087,11.63468
44108,11.74258
44129,11.91148
44150,12.0358
44171,12.02173
44192,12.10148
44213,12.01234
44234,12.10852
44255,12.12728
44276,12.18827
44297,12.25395
44318,12.29617
44339,12.24222
44360,12.15309
44381,12.06864
44402,11.99123
44423,11.97716
44444,11.93024
44465,11.89271
44486,11.83172
44507,11.80826
44528,11.66048
44549,11.55258
44570,11.56431
44591,11.28986
44612,11.48456
44633,11.40245
44654,11.10455
44675,10.97553
44696,10.92393
44717,10.92158
44738,10.73627
44759,10.56503
44780,10.50873
44801,10.31873
44822,10.08885
44843,10.31873
44864,9.80736
44885,9.98798
44906,9.633776
44927,9.457847
44948,9.202163
44969,9.19278
44990,9.044999
45011,8.796351
45032,8.648571
45053,8.493753
45074,8.341281
45095,8.303749
45116,8.20992
45137,8.085596
45158,8.097325
45179,7.90263
45200,7.879173
45221,7.956582
45242,7.834604
45263,7.764232
45284,7.752503
45305,7.813492
45326,7.642255
45347,7.623489
45368,7.597685
45389,7.532005
45410,7.686823
45431,7.761887
45452,7.489782
45473,7.37015
45494,7.433485
45515,7.40299
45536,7.475708
45557,7.759541
45578,7.813492
45599,8.012879
45620,8.052756
45641,7.923741
45662,8.123129
45683,8.132511
45704,8.216957
45725,8.538322
45746,8.976973
45767,9.317103
45788,8.995738
45809,9.080185
45830,9.474266
45851,9.741679
45872,9.840199
45893,9.962177
45914,10.04428
45935,10.48293
45956,10.33515
45977,11.13739
45998,10.98961
46019,11.10924
46040,11.26875
46061,11.43764
46082,11.38603
46103,11.46579
46124,11.63468
46145,11.82234
46166,11.73555
46187,12.19766
46208,11.93728
46229,12.01703
46250,12.13432
46271,11.97716
46292,11.96777
46313,12.08506
46334,12.14605
46355,11.91382
46376,11.8716
46397,11.96074
46418,11.85752
46439,11.86691
46460,11.78246
46481,11.85752
46502,11.80826
46523,11.86456
46544,11.8153
46565,11.71209
46586,11.73086
46607,11.71444
46628,11.69098
46649,11.58777
46670,11.52912
46691,11.4869
46712,11.37665
46733,11.39776
46754,11.15381
46775,11.09985
46796,11.11627
46817,10.90985
46838,10.84417
46859,10.72219
46880,10.63775
46901,10.41256
46922,10.30935
46943,10.12872
46964,10.16156
46985,10.19206
47006,9.966869
47027,9.596244
47048,9.284263
47069,9.260805
47090,9.317103
47111,9.042653
47132,9.002776
47153,8.754128
47174,8.664991
47195,8.690794
47216,8.40227
47237,8.336589
47258,8.284984
47279,8.216957
47300,8.200537
47321,8.080905
47342,7.965965
47363,8.116092
47384,7.820529
47405,7.766578
47426,7.775961
47447,7.961274
47468,7.942507
47489,7.895593
47510,7.841641
47531,7.592994
47552,7.703244
47573,7.874481
47594,7.858061
47615,7.618797
47636,7.778307
47657,7.736084
47678,7.820529
47699,7.904976
47720,7.897939
47741,7.930779
47762,7.991767
47783,8.163006
47804,8.059793
47825,8.167697
47846,8.850304
47867,9.061419
47888,8.493753
47909,8.915984
47930,9.446118
47951,9.481303
47972,9.314757
47993,9.629085
48014,9.938721
48035,10.18033
48056,10.42194
48077,10.41256
48098,10.37972
48119,10.61429
48140,10.77849
48161,10.91689
48182,11.04825
48203,11.16084
48224,11.32035
48245,11.2664
48266,11.4048
48287,11.58073
48308,11.59715
48329,11.7637
48350,11.71444
48371,11.86456
48392,11.85049
48413,11.82468
48434,11.96308
48455,12.00765
48476,12.27037
48497,11.95135
48518,11.82234
48539,11.86222
48560,11.95605
48581,11.92086
48602,11.96543
48623,11.77542
48644,11.73555
48665,11.78715
48686,11.70505
48707,11.66518
48728,11.73789
48749,11.61826
48770,11.56665
48791,11.51974
48812,11.36492
48833,11.30393
48854,11.23591
48875,11.19603
48896,11.09047
48917,10.9638
48938,10.92393
48959,10.94035
48980,10.5838
49001,10.47589
49022,10.72454
49043,10.57207
49064,10.26947
49085,10.20613
49106,9.863657
49127,10.17329
49148,10.2249
49169,9.542293
49190,9.659579
49211,9.324141
49232,9.467229
49253,9.25846
49274,9.23031
49295,8.969935
49316,8.953515
49337,8.79166
49358,8.779932
49379,8.779932
49400,8.634497
49421,8.596965
49442,8.406961
49463,8.348318
49484,8.437455
49505,8.170043
49526,7.975348
49547,8.01757
49568,8.031645
49589,7.921396
49610,7.90263
49631,7.806456
49652,7.778307
49673,7.759541
49694,7.675095
49715,7.447559
49736,7.588303
49757,7.916704
49778,7.95189
49799,7.808801
49820,7.682132
49841,7.637563
49862,7.801764
49883,8.085596
49904,8.071522
49925,7.947199
49946,8.282638
49967,8.463259
49988,8.782278
50009,8.697831
50030,8.526593
50051,8.904256
50072,9.148211
50093,9.41797
50114,9.40624
50135,9.478958
50156,9.744025
50177,9.999709
50198,10.28823
50219,10.17329
50240,10.42194
50261,10.64009
50282,10.76207
50303,10.73158
50324,10.87936
50345,11.11627
50366,10.99195
50387,11.27109
50408,11.18665
50429,11.37431
50450,11.44702
50471,11.45875
50492,11.41184
50513,11.68863
50534,11.72147
50555,11.91851
50576,11.96777
50597,11.91382
50618,11.72616
50639,11.82703
50660,11.81061
50681,11.87864
50702,12.01938
50723,12.0358
50744,12.12025
50765,12.04049
50786,12.06864
50807,12.01703
50828,12.01938
50849,12.12963
50870,11.97012
50891,11.82468
50912,11.71678
50933,11.72616
50954,11.66987
50975,11.66518
50996,11.48221
51017,11.2922
51038,11.13739
51059,11.0764
51080,10.84417
51101,10.69874
51122,10.53688
51143,10.54626
51164,10.41725
51185,10.15922
51206,10.21552
51227,10.08885
51248,10.18737
51269,9.765137
51290,9.659579
51311,9.321795
51332,9.281918
51353,9.080185
51374,8.972281
51395,8.873761
51416,8.768204
51437,8.430418
51458,8.277946
51479,8.076214
51500,8.080905
51521,8.172389
51542,7.83695
51563,7.623489
51584,7.66102
51605,7.499165
51626,7.675095
51647,7.536696
51668,7.539042
51689,7.508548
51710,7.494474
51731,7.66102
51752,7.527314
51773,7.381879
51794,7.241135
51815,7.189529
51839,7.527314
51864,7.30447
51885,7.142614
51906,7.041749
51927,7.114466
51948,7.323236
51969,7.318544
51990,7.672749
52011,7.916704
52032,7.80411
52053,7.766578
52074,8.064485
52095,8.357701
52116,8.578199
52137,8.789314
52158,9.021542
52179,9.2913
52200,9.476612
52221,9.748716
52242,10.09588
52263,10.30231
52284,10.37268
52305,10.68466
52326,10.97319
52347,10.79491
52368,11.11158
52389,11.19368
52410,11.41418
52431,11.53851
52452,11.57369
52473,11.61591
52494,11.8153
52515,11.83407
52536,12.14839
52557,12.06395
52578,12.09444
52599,12.31494
52620,12.27507
52641,12.21642
52662,12.5284
52683,11.99592
52704,11.99358
52725,12.14839
52746,12.10148
52767,11.91148
52788,11.85518
52809,11.9279
52830,11.9537
52851,11.9795
52872,11.93024
52893,11.68629
52914,11.53851
52935,11.58777
52956,11.5948
52977,11.4869
52998,11.38838
53019,11.60653
53040,11.4611
53061,11.31566
53082,11.13035
53103,11.02245
53124,11.01775
53145,10.91454
53166,10.76442
53187,10.76911
53208,10.59552
53229,10.52281
53250,10.37268
53271,10.28354
53292,10.1123
53313,10.13811
53334,9.891806
53355,9.690074
53376,9.448463
53397,9.434389
53418,9.204508
53439,9.399203
53460,9.145865
53481,9.03327
53503,8.944133
53524,8.838574
53545,8.749437
53566,8.564125
53587,8.634497
53608,8.580544
53629,8.465604
53650,8.399924
53671,8.40227
53692,8.223994
53713,8.292021
53734,8.273255
53755,8.240415
53776,8.245107
53797,8.059793
53818,8.057447
53839,8.123129
53860,8.151278
53881,7.949544
53902,7.91905
53923,7.787689
53944,7.991767
53965,8.031645
53986,8.003496
54007,7.940162
54028,7.83695
54049,7.91905
54070,7.825221
54091,8.066831
54112,8.148932
54133,8.38585
54154,8.338935
54175,8.266218
54196,8.235723
54217,8.322515
54238,8.526593
54259,8.615731
54280,8.796351
54301,8.817463
54322,9.042653
54343,9.164631
54364,9.298337
54385,9.586862
54406,9.528218
54427,10.15453
54448,10.42898
54469,10.34219
54490,10.42898
54511,10.67997
54532,10.84417
54553,11.0459
54574,11.15615
54595,11.30862
54616,11.63234
54637,11.61122
54658,11.86925
54679,12.09444
54700,12.05691
54721,12.09444
54742,12.40408
54763,12.42754
54784,12.50025
54805,12.67149
54826,12.61285
54847,12.50964
54868,12.5284
54889,12.79347
54910,12.8568
54931,12.90372
54952,12.84273
54973,12.81693
54994,12.67853
55015,12.78878
55036,12.7231
55057,12.72075
55078,12.54717
55099,12.32667
55120,12.26333
55141,12.12963
55162,11.89271
55183,11.83407
55204,11.2664
55225,11.37431
55246,11.03417
55267,10.82775
55288,10.47589
55309,10.39848
55330,10.04193
55351,10.04193
55372,9.809706
55393,9.41797
55414,9.056727
55435,8.836229
55456,8.976973
55477,8.648571
55498,8.216957
55519,8.132511
55540,7.926087
55561,7.635218
55582,7.57892
55603,7.569537
55624,7.180147
55645,7.196567
55666,7.327927
55687,7.236444
55708,6.945574
55729,6.774336
55750,6.699273
55771,6.966685
55792,6.809522
55813,7.020637
55834,7.105083
55855,6.910388
55876,7.093355
55897,7.0136
55918,6.940882
55939,7.173109
55960,7.492128
55981,7.630526
56002,7.196567
56023,6.898659
56044,7.431139
56065,7.642255
56086,7.987076
56107,8.1935
56128,8.179425
56149,8.301403
56170,8.72598
56191,8.561779
56212,8.993393
56233,9.441426
56254,9.575133
56275,9.727605
56296,10.03724
56317,10.29058
56338,10.61898
56359,10.62367
56380,11.09047
56401,11.18899
56422,11.57135
56443,11.86925
56464,12.09444
56485,12.30556
56506,12.3947
56527,12.56124
56548,12.77939
56569,12.9131
56590,13.24385
56611,13.2415
56632,13.1594
56653,13.28138
56674,13.17582
56695,13.28373
56716,13.47842
56737,13.3541
56758,13.11483
56779,13.11952
56800,12.78643
56821,12.80051
56842,12.90841
56863,12.48853
56884,12.13197
56905,11.77308
56926,11.56431
56947,11.32974
56968,11.06467
56989,11.0459
57010,10.68232
57031,10.41725
57052,10.21786
57073,10.0044
57094,9.748716
57115,9.819089
57136,9.319448
57157,9.314757
57178,9.141173
57199,8.937096
57220,8.822155
57241,8.69314
57262,8.41869
57283,8.350664
57304,8.263872
57325,7.980039
57346,7.801764
57367,7.815838
57388,7.752503
57409,7.740775
57430,7.59534
57451,7.555463
57472,7.555463
57493,7.581266
57514,7.524968
57535,7.635218
57556,7.618797
57577,7.534351
57598,7.61176
57619,7.998805
57640,8.033991
57661,7.583611
57682,7.414719
57703,7.245827
57724,7.295087
57745,7.614106
57766,7.825221
57787,7.306816
57808,7.135578
57829,7.524968
57850,7.710281
57871,7.297433
57892,7.447559
57913,7.66102
57934,7.91905
57955,8.123129
57976,8.052756
57997,8.284984
58018,8.2756
58039,8.327207
58060,8.596965
58081,8.857341
58102,8.981664
58123,9.265497
58144,9.415624
58165,9.610318
58186,10.05835
58207,10.30231
58228,10.41021
58249,10.82541
58270,10.96146
58291,10.96146
58312,11.54085
58333,11.92555
58354,11.85518
58375,12.05926
58396,12.30087
58417,12.21877
58438,12.32432
58459,12.36186
58480,12.57063
58501,12.48383
58522,12.29383
58543,12.03815
58564,12.04753
58585,12.04987
58606,12.02876
58627,11.94432
58648,11.94901
58669,11.96308
58690,11.96308
58711,11.80826
58732,11.77308
58753,11.75431
58774,11.65579
58795,11.53851
58816,11.55258
58837,11.45641
58858,11.26875
58879,11.13739
58900,11.08109
58921,10.98961
58942,10.85824
58963,10.83244
58984,10.84417
59005,10.38675
59026,10.35157
59047,10.28354
59068,9.929338
59089,9.98329
59110,9.795631
59131,9.551676
59152,9.586862
59173,9.300683
59194,9.075493
59215,8.946478
59236,8.646226
59257,8.554742
59278,8.620422
59299,8.573507
59320,8.453876
59341,8.277946
59362,8.299058
59383,8.273255
59404,8.212266
59425,8.238069
59446,8.139548
59467,8.163006
59488,8.22634
59509,8.252144
59530,8.076214
59551,8.033991
59572,8.022263
59593,8.155969
59614,8.148932
59635,8.174734
59656,8.005842
59677,7.900285
59698,7.881518
59719,7.808801
59740,7.703244
59761,7.973002
59782,7.996459
59803,7.848678
59824,7.696206
59845,7.881518
59866,7.780652
59887,7.778307
59908,7.937816
59929,8.010533
59950,7.900285
59971,7.806456
59992,7.883864
60013,8.008188
60034,8.113746
60055,8.080905
60076,8.12782
60097,8.186462
60118,8.353009
60139,8.632151
60160,8.711905
60181,8.941787
60202,9.075493
60223,9.462538
60244,9.434389
60265,9.926992
60286,9.666616
60307,10.02317
60328,10.35157
60349,10.35157
60370,10.5791
60391,10.89812
60412,10.88405
60433,11.24998
60454,11.40715
60475,11.38603
60496,11.68629
60517,11.79888
60538,11.90444
60559,12.19296
60580,12.51902
60601,12.70199
60622,12.3642
60643,11.26406
60664,12.27037
60685,12.59174
60706,12.41815
60727,12.38531
60748,12.45099
60769,13.27669
60790,12.19062
60811,12.25395
60832,12.06629
60853,12.18123
60874,12.08271
60895,11.87864
60916,11.56196
60937,11.66518
60958,11.3485
60979,11.12331
61000,10.90047
61021,10.72688
61042,10.49466
61063,10.22021
61084,10.117
61105,10.10996
61126,9.767483
61147,9.762791
61168,9.633776
61189,9.732296
61210,9.270188
61231,9.080185
61252,9.265497
61273,9.059073
61294,8.768204
61315,8.817463
61336,8.812772
61357,8.686103
61378,8.28733
61399,8.282638
61420,8.231031
61441,8.118437
61462,7.970656
61483,7.883864
61504,7.867445
61525,7.691514
61546,7.658674
61567,7.745467
61588,7.740775
61609,7.625834
61630,7.487437
61651,7.607069
61672,7.682132
61693,7.675095
61714,7.998805
61735,7.672749
61756,7.564846
61777,7.691514
61798,7.590648
61819,7.482745
61840,7.440522
61861,7.54608
61882,7.57892
61903,7.32089
61924,7.102737
61945,7.23879
61966,7.257555
61987,7.318544
62008,7.349039
62029,7.916704
62050,7.95189
62071,7.766578
62092,8.167697
62113,8.277946
62134,8.613385
62155,8.883143
62176,8.972281
62197,9.190434
62218,9.2913
62239,9.605627
62260,9.870694
62281,10.12638
62302,10.27416
62323,10.34922
62344,10.77145
62365,10.94035
62386,10.98492
62407,11.28048
62428,11.59715
62449,11.6253
62470,11.89506
62491,12.21642
62512,12.27975
62533,12.58235
62554,12.54951
62575,12.03345
62596,12.13432
62617,12.36186
62638,12.70199
62659,12.53544
62680,12.68088
62701,12.23753
62722,12.17889
62743,12.04753
62764,12.21408
62785,12.22346
62806,12.21173
62827,11.94901
62848,12.02407
62869,12.01938
62890,12.12025
62911,12.08741
62932,11.85987
62953,11.7895
62974,11.54085
62995,11.44468
63016,11.34616
63037,11.21245
63058,11.17961
63079,11.04825
63100,10.81368
63121,10.6917
63142,10.42194
63163,10.2507
63184,10.03724
63205,10.03489
63226,9.490686
63247,9.446118
63268,9.293646
63289,9.134136
63310,8.704868
63331,8.615731
63352,8.512519
63373,8.444492
63394,8.273255
63415,8.055102
63436,8.116092
63457,7.968311
63478,7.940162
63499,7.846333
63520,7.942507
63541,7.801764
63562,7.686823
63583,7.621143
63604,7.54608
63625,7.539042
63646,7.665711
63667,7.736084
63688,7.731392
63709,7.433485
63730,7.501511
63751,7.555463
63772,7.618797
63793,7.510894
63814,7.395953
63835,7.623489
63856,7.848678
63877,7.994113
63898,7.80411
63919,7.827567
63940,7.867445
63961,7.893247
63982,8.313132
64003,8.367084
64024,8.301403
64045,8.550051
64066,8.507828
64087,8.721289
64108,8.974627
64129,9.148211
64150,9.333523
64171,9.448463
64192,9.938721
64213,9.877731
64234,10.14045
64255,10.2249
64276,10.29058
64297,10.71985
64318,10.70108
64339,10.81368
64360,10.91689
64381,11.04825
64402,11.06467
64423,11.19603
64444,11.15381
64465,11.60653
64486,11.63468
64507,12.05457
64528,12.09679
64549,12.12728
64570,12.01703
64591,11.89975
64612,11.8716
64633,12.13432
64654,12.22111
64675,12.19531
64696,11.94901
64717,12.01469
64738,11.96074
64759,12.15778
64780,12.21173
64801,12.13901
64822,12.10617
64843,12.12259
64864,11.98654
64885,12.07333
64906,11.8153
64927,11.66987
64948,11.2922
64969,10.75972
64990,10.92627
65011,10.63071
65032,10.47355
65053,10.19206
65074,10.15687
65095,9.842546
65116,9.633776
65137,9.729951
65158,9.364017
65179,9.110679
65200,9.035616
65221,8.960552
65242,8.716597
65263,8.528939
65284,8.67672
65305,8.744746
65326,8.40227
65347,8.170043
65368,8.179425
65389,7.980039
65410,7.893247
65431,7.813492
65452,7.717318
65473,7.54608
65494,7.452251
65515,7.374842
65536,7.276321
65557,7.334964
65578,7.316199
65599,7.259901
65620,7.475708
65641,7.534351
65662,7.100392
65683,7.11212
65704,7.182492
65725,7.334964
65746,7.510894
65767,7.431139
65788,6.882239
65809,7.180147
65830,7.135578
65851,6.840016
65872,6.903351
65893,7.675095
65914,6.678161
65935,7.14496
65956,7.074589
65977,7.325581
65998,8.048065
66019,7.947199
66040,7.987076
66061,8.256835
66082,8.559433
66103,8.854995
66124,9.232656
66145,9.59859
66166,9.980944
66187,10.94035
66208,10.51577
66229,10.748
66250,10.94035
66271,11.23825
66292,11.58542
66313,11.75431
66334,11.9537
66355,12.15309
66376,12.33136
66397,12.60816
66418,12.76298
66439,12.91076
66460,13.1031
66481,13.33533
66502,13.56052
66523,14.1188
66544,13.33533
66565,13.69423
66586,13.39398
66607,13.48546
66628,13.36348
66649,13.11483
66670,13.04446
66691,12.82396
66712,12.71137
66733,12.54013
66754,12.61754
66775,12.07568
66796,11.95135
66817,12.00061
66838,11.72851
66859,11.40715
66880,11.22887
66901,10.99899
66922,10.97084
66943,10.68466
66964,10.49466
66985,10.32107
67006,10.43367
67027,10.02317
67048,9.732296
67069,9.385129
67090,9.349943
67111,8.843266
67132,8.507828
67153,8.409307
67174,8.334244
67195,7.975348
67216,7.808801
67237,7.876827
67258,7.714972
67279,7.38657
67300,7.32089
67321,7.180147
67342,7.234098
67363,7.037057
67384,8.681411
67405,7.928433
67426,6.581986
67447,6.835325
67468,6.823596
67489,7.182492
67510,7.597685
67531,7.123849
67552,7.22237
67573,6.781373
67594,6.870511
67615,6.713347
67636,6.657049
67657,7.182492
67678,7.245827
67699,7.302124
67720,7.262247
67741,7.59534
67762,7.438176
67783,7.83695
67804,8.174734
67825,8.432764
67846,8.245107
67867,8.641534
67888,8.969935
67909,9.256114
67930,9.652542
67951,9.995018
67972,10.37033
67993,10.6917
68014,11.09282
68035,11.16319
68056,11.36727
68077,11.66283
68098,12.07568
68119,12.1179
68140,12.40408
68161,12.76532
68182,12.97174
68203,13.21101
68224,13.64262
68245,12.9694
68266,13.50892
68287,13.45027
68308,13.55114
68329,13.60275
68350,13.47138
68371,13.53003
68392,13.20163
68413,13.37052
68434,13.03977
68455,12.96236
68476,12.9436
68497,12.70668
68518,12.52606
68539,12.43457
68560,12.3384
68581,12.2305
68602,12.01234
68623,11.79184
68644,11.61591
68665,11.47283
68686,11.24295
68707,10.92862
68728,10.96615
68749,10.64713
68770,10.39614
68791,10.44774
68812,10.37268
68833,9.711185
68854,9.563404
68875,9.34056
68896,9.23031
68917,8.913638
68938,8.833883
68959,8.526593
68980,8.322515
69001,8.151278
69022,8.212266
69043,8.078559
69064,8.008188
69085,7.834604
69106,7.754849
69127,7.970656
69148,7.942507
69169,7.733737
69190,7.381879
69211,7.405336
69232,7.569537
69253,7.797072
69274,7.928433
69295,7.182492
69316,7.426448
69337,7.419411
69358,7.51324
69379,7.358422
69400,7.285704
69421,7.339655
69442,7.452251
69463,7.494474
69484,7.637563
69505,7.637563
69526,7.904976
69547,8.069177
69568,7.83695
69589,8.019917
69610,8.139548
69631,8.343626
69652,8.683757
69673,8.939441
69694,8.993393
69715,9.171668
69736,9.483649
69757,9.610318
69778,10.1428
69799,10.15218
69820,10.44774
69841,11.09517
69862,10.76911
69883,11.30159
69904,11.58307
69925,11.81999
69946,11.89036
69967,12.15778
69988,12.16012
70009,12.14136
70030,12.48853
70051,12.97409
70072,12.63865
70093,12.91779
70114,13.11014
70135,12.94594
70156,12.52371
70177,13.01397
70198,12.57532
70219,12.88261
70240,12.98817
70261,12.89903
70282,12.6926
70303,12.641
70324,12.53544
70345,12.42754
70366,12.4463
70387,12.35013
70408,12.12025
70429,11.96777
70450,11.98654
70471,12.0053
70492,11.62061
70513,11.50332
70534,11.42591
70555,10.94035
70576,10.79491
70597,10.64713
70618,10.38441
70639,10.18268
70660,10.18033
70681,9.936375
70702,9.636122
70723,9.371055
70744,9.183396
70765,8.869069
70786,8.754128
70807,8.707214
70828,8.733017
70849,8.493753
70870,8.320169
70891,8.263872
70912,8.170043
70933,8.315477
70954,8.078559
70975,7.750158
70996,7.799418
71017,7.88621
71038,7.792381
71059,7.630526
71080,7.372496
71101,7.245827
71122,7.349039
71143,7.775961
71164,7.909667
71185,7.093355
71206,7.339655
71227,7.198912
71248,7.356076
71269,7.994113
71290,7.332618
71311,7.053477
71332,7.447559
71353,7.496819
71374,7.576574
71395,7.851024
71416,7.88621
71437,7.346693
71458,8.080905
71479,8.45153
71500,8.123129
71521,8.383504
71542,8.648571
71563,8.538322
71584,8.946478
71605,8.969935
71626,9.523527
71647,9.966869
71668,9.985635
71689,10.04193
71710,10.03255
71731,10.46651
71752,10.69639
71773,10.78084
71794,11.18899
71815,11.86222
71836,11.7332
71857,12.25395
71878,12.14605
71899,12.40642
71920,12.37124
71941,12.52371
71962,12.75594
71983,12.77236
72004,13.05854
72025,13.13829
72046,13.18286
72067,12.60581
72088,13.05854
72109,12.74421
72130,12.79581
72151,12.73717
72172,12.84977
72193,12.52136
72214,12.31963
72235,12.32198
72256,12.39
72277,12.12963
72298,11.8458
72319,11.70036
72340,11.66048
72361,11.31566
72382,11.16319
72403,10.97319
72424,10.67528
72445,10.60022
72466,10.47824
72487,10.44071
72508,10.1991
72529,9.98798
72550,9.837853
72571,9.66427
72592,9.476612
72613,9.324141
72634,9.232656
72655,8.915984
72676,8.794006
72697,8.674374
72718,8.592274
72739,8.557088
72760,8.482024
72781,8.362392
72802,8.195846
72823,8.214611
72844,7.883864
72865,7.848678
72886,7.890902
72907,7.921396
72928,7.703244
72949,7.663366
72970,7.564846
72991,7.435831
73012,7.33731
73033,7.5625
73054,7.872136
73075,7.656329
73096,7.588303
73117,7.184838
73138,7.309161
73159,7.553117
73180,7.553117
73201,7.454596
73222,7.243481
73243,7.433485
73264,7.379533
73285,7.59534
73306,7.520277
73327,7.564846
73348,7.637563
73369,7.761887
73390,7.930779
73411,8.512519
73432,8.050411
73453,8.40227
73474,8.568816
73495,8.761166
73516,8.981664
73537,9.246731
73558,9.945757
73579,9.7581
73600,10.37033
73621,10.26008
73642,11.11393
73663,10.45713
73684,10.89578
73705,11.43999
73726,11.63703
73747,11.94666
73768,12.34309
73789,12.55421
73810,12.74421
73831,12.81224
73852,12.87557
73873,12.95063
73894,13.1336
73915,13.10076
73936,13.28373
73957,13.63089
73978,13.34706
73999,13.1336
74020,13.07261
74041,13.14064
74062,12.97174
74083,12.78409
74104,12.57766
74125,12.6105
74146,12.44396
74167,12.23988
74188,12.08741
74209,11.8716
74230,11.77777
74251,11.68159
74272,11.569
74293,11.18899
74314,11.03417
74335,11.05998
74356,10.75738
74377,10.7175
74398,10.66824
74419,10.33046
74440,10.0865
74461,9.976252
74482,9.720568
74503,9.514144
74524,9.399203
74545,9.155248
74566,8.894873
74587,8.925366
74608,8.878452
74629,8.718943
74650,8.381159
74671,8.270909
74692,8.219303
74713,8.573507
74734,8.531285
74755,7.651637
74776,8.064485
74797,7.933125
74818,7.858061
74839,7.881518
74860,7.604722
74881,7.163726
74902,7.996459
74923,8.1935
74944,8.205229
74965,7.278666
74986,8.334244
75007,7.344347
75028,7.330273
75049,7.832259
75070,7.454596
75091,7.285704
75112,8.252144
75133,7.508548
75154,7.421756
75175,7.872136
75196,7.90263
75217,7.862752
75238,7.897939
75259,7.977693
75280,8.528939
75301,8.486716
75322,8.960552
75343,8.690794
75364,8.974627
75385,9.181051
75406,9.08253
75427,9.701802
75448,10.22021
75469,10.20613
75490,10.47824
75511,10.48293
75532,10.95207
75553,10.93331
75574,11.21714
75595,11.45171
75616,11.4869
75637,11.39307
75658,11.91382
75679,11.98185
75700,12.04049
75721,12.14839
75742,12.32432
75763,12.63865
75784,12.75594
75805,12.35716
75826,12.20938
75847,12.45569
75868,12.30556
75889,12.77939
75910,12.90841
75931,12.57766
75952,12.6668
75973,12.46976
75994,12.37358
76015,12.3384
76036,12.42519
76057,12.26333
76078,12.2305
76099,12.19766
76120,12.10383
76141,12.11321
76162,11.99358
76183,11.63468
76204,11.40011
76225,11.16554
76246,10.94504
76267,10.63775
76288,10.65417
76309,10.38206
76330,10.04193
76351,9.957487
76372,9.870694
76393,9.380438
76414,9.462538
76435,9.288955
76456,9.019196
76477,8.880798
76498,8.817463
76519,8.681411
76540,8.688448
76561,8.543014
76582,8.496099
76603,8.252144
76624,8.575853
76645,8.46795
76666,8.249798
76687,8.221649
76708,8.266218
76729,8.003496
76750,7.980039
76771,7.909667
76792,7.679786
76813,8.348318
76834,8.026954
76855,7.700898
76876,7.843987
76897,7.733737
76918,7.829913
76939,7.698552
76960,7.604722
76981,7.670403
77002,7.775961
77023,7.653983
77044,7.461633
77065,7.447559
77086,7.616452
77107,7.743121
77128,7.980039
77149,7.7267
77170,7.668057
77191,7.834604
77212,7.860407
77233,8.076214
77254,8.580544
77275,9.026234
77296,8.573507
77317,8.906601
77338,8.857341
77359,9.239694
77380,9.415624
77401,9.995018
77422,10.10761
77443,10.39379
77464,10.24366
77485,10.54157
77506,10.748
77527,10.78318
77548,11.04356
77569,11.6511
77590,11.62999
77611,11.82468
77632,12.28445
77653,12.35716
77674,12.37828
77695,12.65976
77716,12.62692
77737,12.55655
77758,12.89199
77779,13.41274
77800,13.09607
77821,13.0515
77842,12.77939
77863,12.83569
77884,12.95767
77905,13.04212
77926,12.94594
77947,12.87088
77968,12.66915
77989,12.54717
78010,12.3079
78031,12.19531
78052,12.12259
78073,11.8716
78094,11.87629
78115,11.62061
78136,11.38603
78157,11.16319
78178,10.80899
78199,10.74565
78220,10.62367
78241,10.54861
78262,10.39379
78283,10.22021
78304,9.976252
78325,9.908226
78346,9.483649
78367,9.577478
78388,9.324141
78409,9.070802
78430,8.988701
78451,8.836229
78472,8.664991
78493,8.596965
78514,8.831537
78535,8.728326
78556,8.355355
78577,8.704868
78598,8.120783
78619,8.695485
78640,8.137203
78661,7.881518
78682,7.970656
78703,8.022263
78724,8.486716
78745,7.834604
78766,7.970656
78787,7.630526
78808,7.77127
78829,7.822875
78850,7.890902
78871,7.862752
78892,7.799418
78913,7.879173
78934,7.574229
78955,7.508548
78976,7.377188
78997,7.548426
79018,7.827567
79039,7.787689
79060,7.752503
79081,7.80411
79102,7.883864
79123,7.937816
79144,8.17708
79165,8.200537
79186,8.268563
79207,8.500791
79228,8.599311
79249,8.819809
79270,8.655608
79291,8.880798
79312,9.084876
79333,9.408587
79354,9.919954
79375,9.997364
79396,10.15453
79417,10.62602
79438,10.39145
79459,10.86294
79480,11.32035
79501,11.13973
79522,11.2406
79543,11.73086
79564,11.73555
79585,12.10383
79606,12.58235
79627,12.51433
79648,12.34074
79669,12.44396
79690,12.63161
79711,12.3384
79732,12.37828
79753,12.52606
79774,12.57766
79795,12.75594
79816,12.47445
79837,12.34309
79858,12.41815
79879,12.41346
79900,12.50964
79921,12.41581
79942,12.15309
79963,12.15074
79984,12.21408
80005,12.20469
80026,11.96777
80047,11.96308
80068,11.74962
80089,11.54554
80110,11.54554
80131,11.41887
80152,11.20307
80173,11.14208
80194,10.82775
80215,10.55565
80236,10.47355
80257,10.47355
80278,10.20848
80299,9.952795
80320,9.875386
80341,9.546985
80362,9.654888
80383,9.213891
80404,9.002776
80425,8.777586
80446,8.906601
80467,8.801044
80488,8.836229
80509,8.700177
80530,8.482024
80551,8.545359
80572,8.507828
80593,8.470296
80614,8.348318
80635,8.223994
80656,8.170043
80677,8.425727
80698,8.524248
80719,8.038682
80740,8.191154
80761,7.900285
80782,8.205229
80803,8.167697
80824,7.872136
80845,7.80411
80866,7.923741
80887,7.996459
80908,7.93547
80929,7.705589
80950,7.820529
80971,7.623489
80992,7.585957
81013,7.829913
81034,8.153623
81055,7.719663
81076,7.778307
81097,8.632151
81118,7.780652
81139,8.374122
81160,8.430418
81181,8.327207
81202,8.601656
81223,8.505482
81244,8.854995
81265,8.79166
81286,9.005121
81307,9.134136
81328,9.162285
81349,9.577478
81370,9.912917
81391,9.992672
81412,9.957487
81433,10.13811
81454,10.34219
81475,10.60022
81496,10.81133
81517,11.05294
81538,11.22183
81559,11.50566
81580,11.53616
81601,11.52912
81622,11.88333
81643,12.11555
81664,12.21642
81685,12.34309
81706,12.51198
81727,12.61519
81748,12.6926
81769,12.56124
81790,12.43457
81811,12.69026
81832,12.70902
81853,12.4768
81874,12.78409
81895,12.70433
81916,12.50495
81937,12.61754
81958,12.52606
81979,12.38062
82000,12.35013
82021,12.1179
82042,12.04049
82063,11.80357
82084,11.81296
82105,11.63468
82126,11.379
82147,11.28282
82168,11.12566
82189,11.01306
82210,10.79491
82231,10.62602
82252,10.52046
82273,10.27416
82294,10.2249
82315,10.13107
82336,10.03489
82357,9.596244
82378,9.593899
82399,9.359325
82420,9.096604
82441,9.150557
82462,8.897219
82483,8.733017
82504,8.360046
82525,8.223994
82546,10.64713
82567,7.904976
82588,8.071522
82609,6.607789
82630,8.554742
82651,7.98473
82672,8.505482
82693,8.432764
82714,7.890902
82735,8.106709
82756,8.125474
82777,8.282638
82798,8.329552
82819,8.165352
82840,7.876827
82861,7.900285
82882,7.656329
82903,8.045719
82924,8.195846
82945,7.923741
82966,7.503857
82987,7.77127
83008,7.686823
83029,7.46867
83050,7.62818
83071,7.731392
83092,7.829913
83113,7.846333
83134,8.015225
83155,8.043374
83176,8.223994
83197,8.14424
83218,8.299058
83239,8.439801
83260,8.526593
83281,8.730671
83302,8.991047
83323,9.134136
83344,9.220928
83365,9.441426
83386,9.636122
83407,10.38441
83428,10.75269
83449,10.36095
83470,10.58145
83491,10.74331
83512,11.0201
83533,11.47752
83554,11.45641
83575,11.61826
83596,11.76604
83617,11.90913
83638,12.26568
83659,12.10383
83680,12.18123
83701,12.27272
83722,12.23519
83743,12.0921
83764,12.06395
83785,12.45099
83806,12.3947
83827,12.19766
83848,12.12025
83869,12.26099
83890,12.29617
83911,12.50025
83932,12.41346
83953,12.21408
83974,11.98185
83995,11.96543
84016,11.97716
84037,12.08037
84058,11.87395
84079,11.58307
84100,11.53381
84121,11.71209
84142,11.62061
84163,11.34616
84184,11.0764
84205,10.91923
84226,10.76911
84247,10.61194
84268,10.54157
84289,10.24132
84310,10.0607
84331,9.866002
84352,10.18971
84373,9.732296
84394,9.460192
84415,9.256114
84436,8.972281
84457,8.918329
84478,8.923021
84499,8.833883
84520,8.810426
84541,8.688448
84562,8.589928
84583,8.599311
84604,8.453876
84625,8.458567
84646,8.465604
84667,8.341281
84688,8.341281
84709,8.751783
84730,8.242761
84751,8.543014
84772,8.167697
84793,8.188808
84814,8.191154
84835,8.17708
84856,7.881518
84877,7.773615
84898,7.970656
84919,8.231031
84940,7.90263
84961,7.764232
84982,7.77127
85003,7.914359
85024,7.914359
85045,7.888556
85066,7.677441
85087,7.6446
85108,7.717318
85129,7.855715
85150,7.93547
85171,7.947199
85192,7.637563
85213,7.977693
85234,8.031645
85255,8.139548
85276,8.355355
85297,8.564125
85318,8.392887
85339,8.749437
85360,8.887836
85381,9.115371
85402,9.753407
85423,9.654888
85444,9.720568
85465,10.21083
85486,10.42194
85507,10.55565
85528,10.52046
85549,10.68701
85570,11.20307
85591,11.62061
85612,11.24763
85633,11.51739
85654,11.95135
85675,12.12963
85696,12.70668
85717,12.4205
85738,12.70433
85759,12.88964
85780,12.56828
85801,12.58705
85822,12.62692
85843,13.00459
85864,13.31891
85885,13.00928
85906,12.83804
85927,12.81458
85948,12.86853
85969,12.9131
85990,12.81693
86011,12.60112
86032,12.27741
86053,12.37124
86074,12.16247
86095,12.10617
86116,11.85518
86137,11.49628
86158,11.46813
86179,11.26171
86200,11.1327
86221,10.94269
86242,10.59318
86263,10.54392
86284,10.34688
86305,10.21786
86326,10.33749
86347,9.692419
86368,9.861312
86389,9.671308
86410,9.38982
86431,9.197471
86452,9.01685
86473,9.166977
86494,8.779932
86515,8.930058
86536,8.981664
86557,8.338935
86578,8.641534
86599,8.301403
86620,8.353009
86641,8.331898
86662,8.411653
86683,8.247452
86704,8.322515
86725,8.137203
86746,8.188808
86767,8.184117
86788,7.933125
86809,7.98473
86830,8.1114
86851,8.1114
86872,7.879173
86893,7.66102
86914,7.651637
86935,7.940162
86956,7.797072
86977,7.677441
86998,7.527314
87019,7.585957
87040,7.54608
87061,7.731392
87082,7.729046
87103,7.787689
87124,7.740775
87145,7.876827
87166,8.1114
87187,8.141894
87208,8.273255
87229,8.207574
87250,8.48437
87271,8.779932
87292,8.885489
87313,8.883143
87334,9.021542
87355,9.324141
87376,9.849584
87397,10.00909
87418,9.938721
87439,10.25774
87460,10.61194
87481,10.94738
87502,10.89109
87523,10.90985
87544,11.1585
87565,11.66987
87586,12.01938
87607,11.9537
87628,12.10852
87649,12.28914
87670,12.46741
87691,12.43692
87712,12.2258
87733,12.58235
87754,12.78643
87775,12.77236
87796,12.96705
87817,12.78878
87838,12.64569
87859,12.65742
87880,12.831
87901,12.73013
87922,12.48383
87943,12.46741
87964,12.4463
87985,12.28679
88006,12.25395
88027,12.15309
88048,11.9279
88069,11.85987
88090,11.74493
88111,11.68394
88132,11.52209
88153,11.47986
88174,11.2922
88195,10.98257
88216,10.95442
88237,10.64947
88258,10.61898
88279,10.46651
88300,10.24132
88321,10.1123
88342,9.586862
88363,9.539948
88384,9.753407
88405,9.652542
88426,9.251423
88447,9.166977
88468,8.826846
88489,8.733017
88510,8.904256
88531,8.850304
88552,8.664991
88573,8.512519
88594,8.30844
88615,8.747091
88636,8.460913
88657,8.327207
88678,8.350664
88699,8.245107
88720,8.390541
88741,8.383504
88762,8.444492
88783,8.282638
88804,8.151278
88825,8.198192
88846,8.155969
88867,8.235723
88888,8.20992
88909,8.080905
88930,8.073868
88951,8.092634
88972,7.912013
88993,7.987076
89014,7.98473
89035,8.015225
89056,8.005842
89077,7.757195
89098,7.937816
89119,8.043374
89140,8.123129
89161,8.003496
89182,8.214611
89203,8.376467
89224,8.390541
89245,8.195846
89266,8.350664
89287,8.479678
89308,8.615731
89329,8.786969
89350,8.812772
89371,9.01685
89392,9.586862
89413,9.638468
89434,9.715877
89455,10.05835
89476,10.24132
89497,10.31169
89518,10.75269
89539,10.90985
89560,10.8301
89581,11.16788
89602,11.51739
89623,11.39307
89644,11.54789
89665,11.59246
89686,11.7074
89707,12.06629
89728,12.17654
89749,12.15543
89770,12.2305
89791,12.46741
89812,12.34309
89833,12.4768
89854,12.26333
89875,12.35951
89896,12.50495
89917,12.43223
89938,12.40642
89959,12.32432
89980,12.15074
90001,12.16482
90022,12.14839
90043,12.10148
90064,11.98654
90085,11.95135
90106,11.83876
90127,11.55962
90148,11.46579
90169,11.36727
90190,11.17257
90211,11.02948
90232,10.97553
90253,10.98492
90274,10.83479
90295,10.44305
90316,10.19441
90337,10.33515
90358,10.32811
90379,10.28823
90400,9.926992
90421,9.880077
90442,9.863657
90463,9.823779
90484,9.676
90505,9.525873
90526,9.593899
90547,9.54933
90568,9.27488
90589,9.476612
90610,9.155248
90631,9.005121
90652,8.974627
90673,9.115371
90694,9.378092
90715,8.697831
90736,8.808081
90757,8.43511
90778,8.857341
90799,8.587582
90820,8.472641
90841,8.547705
90862,8.421036
90883,8.374122
90904,8.575853
90925,8.477333
90946,8.195846
90967,8.2756
90988,8.254489
91009,8.235723
91030,8.132511
91051,8.151278
91072,8.165352
91093,8.008188
91114,8.055102
91135,7.996459
91156,7.958928
91177,7.991767
91198,7.991767
91219,7.93547
91240,7.926087
91261,8.057447
91282,8.104362
91303,7.799418
91324,7.811147
91345,7.860407
91366,7.658674
91387,8.299058
91408,8.709559
91429,8.353009
91450,8.416345
91471,8.688448
91492,8.829192
91513,9.124753
91534,9.246731
91555,9.281918
91576,9.59859
91597,9.962177
91618,10.42898
91639,10.40787
91660,10.48293
91681,10.84886
91702,11.28986
91723,11.37196
91744,11.35085
91765,11.71444
91786,12.04049
91807,11.88333
91828,12.20469
91849,12.39939
91870,12.49556
91891,12.41581
91912,12.61285
91933,12.73248
91954,12.63865
91975,12.48149
91996,12.54482
92017,12.55655
92038,12.57063
92059,12.53544
92080,12.43223
92101,12.35247
92122,12.39
92143,12.33136
92164,12.2305
92185,12.05691
92206,11.95839
92227,11.85987
92248,11.60888
92269,11.59715
92290,11.46344
92311,11.11393
92332,11.05529
92353,10.9638
92374,10.9638
92395,10.82541
92416,10.68232
92437,10.30465
92458,10.24836
92479,10.23897
92500,9.847238
92521,9.858966
92542,9.64785
92563,9.668962
92584,9.30772
92605,9.485995
92626,9.354634
92647,9.171668
92668,9.044999
92689,9.413278
92710,8.718943
92731,9.005121
92752,8.852649
92773,8.890181
92794,8.606348
92815,8.733017
