8816,10.57676
8837,10.59318
8858,10.5533
8879,10.40552
8900,10.28589
8921,10.28354
8942,10.38675
8963,10.22021
8984,10.17329
9005,9.938721
9026,9.666616
9047,9.823779
9068,10.25774
9089,10.28354
9110,9.25846
9131,9.270188
9152,9.877731
9173,9.284263
9194,9.185742
9215,9.373401
9236,9.218582
9257,9.096604
9278,9.174014
9299,9.115371
9320,9.007467
9341,9.103642
9362,9.188088
9383,9.105988
9404,9.019196
9425,9.014504
9446,8.859686
9467,8.873761
9488,8.866723
9509,8.871415
9530,8.808081
9551,8.737708
9572,8.723634
9593,8.67672
9614,8.575853
9635,8.531285
9656,8.636843
9677,8.510174
9698,8.528939
9719,8.615731
9740,8.524248
9761,8.496099
9782,8.592274
9803,8.498445
9824,8.538322
9845,8.460913
9866,8.465604
9887,8.404615
9908,8.463259
9929,8.399924
9950,8.123129
9971,8.191154
9992,8.113746
10013,8.228686
10034,8.055102
10055,8.033991
10076,8.106709
10097,8.174734
10118,8.249798
10139,8.343626
10160,8.30844
10181,8.446838
10202,8.613385
10223,8.449184
10244,8.493753
10265,8.625113
10286,9.075493
10307,8.854995
10328,8.850304
10349,8.948824
10370,9.317103
10391,9.396858
10412,9.518835
10433,9.530564
10454,9.572787
10475,9.732296
10496,9.849584
10517,9.901189
10538,10.01848
10559,10.06539
10580,10.34219
10601,10.2507
10622,10.47824
10643,10.67762
10664,10.65417
10685,10.9122
10706,10.66824
10727,10.78084
10748,10.90516
10769,10.97788
10790,11.25467
10811,11.17961
10832,11.09047
10853,11.11627
10874,11.0764
10895,11.08343
10916,11.2664
10937,11.3485
10958,11.39073
10979,11.39776
11000,11.25702
11021,11.36258
11042,11.41887
11063,11.35554
11084,11.34616
11105,11.5127
11126,11.26406
11147,11.2101
11168,11.379
11189,11.27578
11210,11.40011
11231,11.36258
11252,11.39776
11273,11.39776
11294,11.17961
11315,11.24998
11336,11.24529
11357,11.18899
11378,11.25467
11399,11.14677
11420,11.12097
11441,11.06701
11462,10.89343
11483,10.84886
11504,10.76442
11526,10.61194
11547,10.53923
11568,10.40083
11589,10.28823
11610,10.307
11631,10.35157
11652,10.26712
11673,10.12638
11694,9.999709
11715,10.0044
11736,9.931683
11757,10.1428
11778,10.22021
11799,9.894152
11820,9.830817
11841,9.926992
11862,9.797977
11883,9.600936
11904,9.450809
11925,9.469575
11946,9.504761
11967,9.41797
11988,9.35698
12009,9.40624
12030,9.253768
12051,9.150557
12072,9.113025
12093,9.110679
12114,9.042653
12135,9.068456
12156,9.110679
12177,9.056727
12198,9.164631
12219,9.089567
12240,9.094258
12261,8.98401
12282,8.962898
12303,8.894873
12324,9.054381
12345,9.087222
12366,9.113025
12387,8.915984
12408,8.817463
12429,8.948824
12450,8.911292
12471,8.796351
12492,8.873761
12513,8.859686
12534,8.747091
12555,8.700177
12576,8.730671
12597,8.747091
12618,8.798697
12639,8.79166
12660,8.782278
12681,8.770549
12702,8.704868
12723,8.744746
12744,8.735363
12765,8.700177
12786,8.646226
12807,8.664991
12828,8.730671
12849,8.64388
12870,8.587582
12891,8.582891
12912,8.646226
12933,8.67672
12954,8.655608
12975,8.786969
12996,8.681411
13017,8.648571
13038,8.702522
13059,8.611039
13080,8.709559
13101,8.819809
13122,8.735363
13143,8.564125
13164,8.543014
13185,8.585237
13206,8.505482
13227,8.794006
13248,8.873761
13269,8.528939
13290,8.620422
13311,8.378813
13332,8.911292
13353,8.965244
13374,8.869069
13395,9.042653
13416,9.162285
13437,9.277225
13458,9.35698
13479,9.394512
13500,9.579824
13521,9.814397
13542,9.851928
13563,9.908226
13584,9.997364
13605,10.11934
13626,10.17095
13647,10.29527
13668,10.32107
13689,10.46651
13710,10.37503
13731,10.44071
13752,10.62367
13773,10.61664
13794,10.7996
13815,10.89812
13836,10.99664
13857,10.98726
13878,11.11627
13899,11.09985
13920,11.07405
13941,11.17961
13962,11.16319
13983,11.21949
14004,11.2406
14025,11.36492
14046,11.40011
14067,11.51974
14088,10.97319
14109,10.99899
14130,11.02948
14151,11.04825
14172,11.17492
14193,10.9122
14215,10.90985
14236,10.79491
14257,10.87467
14278,10.86059
14299,10.89812
14320,10.82541
14341,10.89343
14362,10.81602
14383,10.8817
14404,10.94973
14425,10.938
14446,10.83479
14467,10.69639
14488,10.72923
14509,10.75269
14530,10.77849
14551,10.8301
14572,10.60022
14593,10.53219
14614,10.59318
14635,10.67528
14656,10.63071
14677,10.6917
14698,10.53219
14719,10.28823
14740,10.33984
14761,10.33984
14782,10.38675
14803,10.36799
14824,10.1991
14845,10.10058
14866,9.903535
14887,9.941067
14908,9.995018
14929,10.05601
14950,9.729951
14971,9.54933
14992,9.694765
15013,9.645505
15034,9.443772
15055,9.476612
15076,9.364017
15097,9.41797
15118,9.335869
15139,9.249077
15160,9.303029
15181,9.225619
15202,9.15994
15223,9.084876
15244,9.026234
15265,8.871415
15286,8.885489
15307,8.866723
15328,8.672029
15349,8.592274
15370,8.622768
15391,8.491407
15412,8.413999
15433,8.503136
15454,8.500791
15475,8.48437
15496,8.465604
15517,8.409307
15538,8.493753
15559,8.486716
15580,8.491407
15601,8.456222
15622,8.383504
15643,8.317823
15664,8.266218
15685,8.170043
15706,8.125474
15727,8.071522
15748,8.022263
15769,7.977693
15790,7.91905
15811,7.815838
15832,7.904976
15853,7.808801
15874,7.85337
15895,7.883864
15916,7.928433
15937,8.071522
15958,8.043374
15979,8.284984
16000,8.336589
16021,8.212266
16042,8.482024
16063,8.421036
16084,8.512519
16105,8.847958
16126,8.702522
16147,8.843266
16168,9.169322
16189,9.148211
16210,9.361671
16231,9.392166
16252,9.443772
16273,9.56575
16294,9.739333
16315,9.797977
16336,9.887115
16357,9.821435
16378,10.31169
16399,10.30465
16420,10.50873
16441,10.51577
16462,10.63306
16483,10.65886
16504,10.55799
16525,10.75972
16546,10.71985
16567,10.65651
16588,10.67997
16609,10.68466
16630,10.72923
16651,10.80195
16672,10.7738
16693,11.02245
16714,11.43295
16735,11.34146
16756,11.18665
16777,11.19603
16798,11.07874
16819,10.86059
16840,11.11393
16861,11.00134
16882,11.2101
16903,11.49628
16924,10.87232
16945,11.05294
16966,10.97084
16987,11.17492
17008,11.23825
17029,11.31801
17050,11.19603
17071,11.23122
17092,11.24998
17113,11.26875
17134,11.03417
17155,11.01306
17176,10.88405
17197,10.69874
17218,10.10292
17239,10.58849
17260,10.45947
17281,10.36799
17302,10.24366
17323,10.12169
17344,10.16156
17365,10.14984
17386,10.20613
17407,10.27885
17428,10.23428
17449,10.21083
17470,10.13107
17491,10.19675
17512,10.117
17533,10.16391
17554,10.17095
17575,10.20379
17596,10.0865
17617,10.0607
17638,10.03959
17659,10.10761
17680,9.736988
17701,9.767483
17722,9.645505
17743,9.453156
17764,9.485995
17785,9.333523
17806,9.41797
17827,9.284263
17848,9.09895
17869,9.066111
17890,9.056727
17911,9.040307
17932,8.939441
17953,8.920675
17974,8.899564
17995,8.944133
18016,8.892527
18037,8.883143
18058,8.808081
18079,8.761166
18100,8.817463
18121,8.657954
18142,8.704868
18163,8.594619
18184,8.587582
18205,8.636843
18226,8.521902
18247,8.53363
18268,8.496099
18289,8.592274
18310,8.561779
18331,8.507828
18352,8.503136
18373,8.6603
18394,8.524248
18415,8.510174
18436,8.48437
18457,8.592274
18478,8.599311
18499,8.46795
18520,8.550051
18541,8.505482
18562,8.53363
18583,8.362392
18604,8.355355
18625,8.371776
18646,8.390541
18667,8.296712
18688,8.350664
18709,8.374122
18730,8.500791
18751,8.374122
18772,8.397578
18793,8.092634
18814,8.496099
18835,8.594619
18856,8.573507
18877,8.554742
18898,8.439801
18919,8.580544
18940,8.775241
18961,8.629806
18982,8.648571
19003,8.622768
19024,8.770549
19045,8.772895
19066,9.216236
19087,8.805735
19108,9.080185
19129,9.138828
19150,9.235003
19171,9.373401
19192,9.507107
19213,9.509453
19234,9.53291
19255,9.690074
19276,9.77452
19297,9.980944
19318,9.978598
19339,10.03959
19360,10.16156
19381,9.964523
19402,10.21786
19423,10.31638
19444,10.26008
19465,10.32811
19486,10.26243
19507,10.36564
19528,10.42898
19549,10.51811
19571,10.56503
19593,10.57676
19614,10.64947
19635,10.64244
19656,10.71046
19677,10.81602
19698,10.68466
19719,10.80429
19740,10.81837
19761,11.1022
19782,10.7996
19803,10.53453
19824,10.45947
19845,10.31638
19866,10.31873
19887,10.39848
19908,10.39145
19929,10.37972
19950,10.25774
19971,10.35157
19992,10.42194
20013,10.46182
20034,10.57676
20055,10.56034
20076,10.49466
20097,10.60725
20118,10.61898
20139,10.60022
20160,10.73861
20181,10.65417
20202,10.5791
20223,10.6354
20244,10.61664
20265,10.64009
20286,10.65417
20307,10.6354
20328,10.66121
20349,10.71046
20370,10.82775
20391,10.75503
20412,10.79022
20433,10.73158
20454,10.71516
20475,10.46885
20496,10.44305
20517,10.60256
20538,10.63775
20559,10.26712
20580,10.24132
20601,10.25305
20622,10.13342
20643,9.952795
20664,10.04193
20685,9.948103
20706,9.882422
20727,9.781557
20748,9.837853
20769,9.854274
20790,9.77452
20811,9.657233
20832,9.530564
20853,9.361671
20874,9.303029
20895,9.260805
20916,9.349943
20937,9.113025
20958,8.932404
20979,8.948824
21000,8.845612
21021,8.829192
21042,8.744746
21063,8.648571
21084,8.641534
21105,8.634497
21126,8.611039
21147,8.62746
21168,8.561779
21189,8.557088
21210,8.716597
21231,8.489061
21252,8.866723
21273,8.735363
21294,8.721289
21315,8.852649
21336,8.606348
21357,8.625113
21378,8.428073
21399,8.463259
21420,8.390541
21441,8.249798
21462,8.294367
21483,8.12782
21504,8.026954
21525,8.134857
21546,8.16066
21567,8.005842
21588,8.003496
21609,8.125474
21630,8.252144
21651,8.113746
21672,8.240415
21693,8.315477
21714,8.413999
21735,8.371776
21756,8.254489
21777,8.179425
21798,8.505482
21819,8.425727
21840,8.43511
21861,8.397578
21882,8.284984
21903,8.482024
21924,8.613385
21945,8.343626
21966,8.538322
21987,8.599311
22008,8.733017
22029,8.53363
22050,8.697831
22071,8.599311
22092,8.650917
22113,9.495378
22134,9.378092
22155,8.836229
22176,9.01685
22197,8.540668
22218,9.166977
22239,9.113025
22260,9.059073
22281,9.394512
22302,9.213891
22323,9.284263
22344,9.288955
22365,9.305374
22386,9.312411
22407,9.378092
22428,9.399203
22449,9.673654
22470,9.901189
22491,9.636122
22512,9.793285
22533,9.980944
22554,9.976252
22575,9.976252
22596,10.07477
22617,10.1428
22638,10.10527
22659,10.03959
22680,10.27416
22701,10.15687
22722,10.18971
22743,10.24601
22764,10.35861
22785,10.35626
22806,10.45947
22827,10.39848
22848,10.46182
22869,10.46416
22890,10.57441
22911,10.73158
22932,10.80429
22953,10.92158
22974,10.96615
22995,10.94504
23016,10.76207
23037,10.58145
23058,10.55096
23079,10.46651
23100,10.28354
23121,10.2765
23142,10.20848
23163,10.16156
23184,10.1991
23205,10.12872
23226,10.20613
23247,10.18502
23268,10.22255
23289,10.24132
23310,10.30935
23331,10.34922
23352,10.55096
23373,10.58849
23394,10.60022
23415,10.53688
23436,10.53923
23457,10.57441
23478,10.47824
23499,10.43836
23520,10.50404
23541,10.43836
23562,10.46182
23583,10.10292
23604,10.45009
23625,10.51811
23646,10.497
23667,10.3891
23688,10.24132
23709,10.18268
23730,10.05835
23751,9.924646
23772,9.85662
23793,9.708839
23814,9.561059
23835,9.481303
23856,9.127099
23877,9.24204
23898,9.080185
23919,8.897219
23940,8.850304
23961,8.810426
23982,8.796351
24003,8.754128
24024,8.697831
24045,8.7424
24066,8.730671
24087,8.822155
24108,8.751783
24129,8.709559
24150,8.758821
24171,8.690794
24192,8.8245
24213,8.765858
24234,8.775241
24255,8.69314
24276,8.749437
24297,8.786969
24318,8.690794
24339,8.667336
24360,8.775241
24381,8.702522
24402,8.747091
24423,8.857341
24444,8.862032
24465,8.892527
24486,8.890181
24507,9.066111
24528,9.037962
24549,9.007467
24570,9.037962
24591,8.998084
24612,8.892527
24633,8.90191
24654,8.90191
24675,8.944133
24696,8.815118
24717,8.62746
24738,8.611039
24759,8.594619
24780,8.535976
24801,8.390541
24822,8.559433
24843,8.493753
24864,8.620422
24885,8.618076
24906,8.613385
24927,8.56647
24948,8.784623
24969,8.7424
24990,8.707214
25011,8.775241
25032,8.723634
25053,8.798697
25074,8.808081
25095,8.364738
25116,8.831537
25137,8.758821
25158,8.679066
25179,8.754128
25200,8.892527
25221,8.836229
25242,8.90191
25263,8.925366
25284,8.869069
25305,8.98401
25326,8.906601
25347,8.808081
25368,8.894873
25389,9.15994
25410,9.349943
25431,8.897219
25452,8.786969
25473,8.747091
25494,8.944133
25515,8.991047
25536,9.110679
25557,9.075493
25578,9.030925
25599,9.056727
25620,9.251423
25641,9.284263
25662,9.324141
25683,9.312411
25704,9.361671
25725,9.546985
25746,9.523527
25767,9.448463
25788,9.704147
25809,9.851928
25830,9.870694
25851,9.896498
25872,10.09119
25893,10.09823
25914,10.10058
25935,10.23194
25956,10.24601
25977,10.22959
25998,10.41021
26019,10.55565
26040,10.64009
26061,10.73861
26082,10.87701
26103,11.02245
26124,10.93565
26145,11.11393
26166,11.25936
26187,11.27578
26208,11.25702
26229,11.61826
26250,11.4306
26271,11.12331
26292,10.92158
26313,10.80429
26334,10.81368
26355,10.86528
26376,10.82541
26397,10.63306
26418,10.56268
26439,10.66355
26460,10.65417
26481,10.68466
26502,10.75972
26523,10.72219
26544,10.74096
26565,10.78084
26586,10.86059
26607,10.85824
26628,10.75503
26649,10.83479
26670,10.78553
26691,10.7738
26712,10.73861
26733,10.78318
26754,10.61898
26775,10.65417
26796,10.64009
26817,10.58614
26838,10.67528
26859,10.52281
26880,10.497
26901,10.32576
26922,10.1428
26943,10.16626
26964,9.98798
26985,9.85662
27006,9.760445
27027,9.676
27048,9.694765
27069,9.678345
27090,9.260805
27111,9.178705
27132,9.19278
27153,9.13179
27174,9.073148
27195,9.113025
27216,8.988701
27237,9.040307
27258,8.98401
27279,8.944133
27300,8.962898
27321,9.012158
27342,9.021542
27363,9.012158
27384,8.986356
27405,8.991047
27426,8.937096
27447,8.981664
27468,8.981664
27489,8.941787
27510,8.852649
27531,8.939441
27552,8.808081
27573,9.066111
27594,8.880798
27615,8.728326
27636,8.79166
27657,8.876106
27678,8.911292
27699,8.927712
27720,8.805735
27741,8.775241
27762,8.79166
27783,8.817463
27804,8.894873
27825,8.808081
27846,8.789314
27867,8.672029
27888,8.672029
27909,8.564125
27930,8.463259
27951,8.456222
27972,8.338935
27993,8.376467
28014,8.256835
28035,8.289675
28056,8.247452
28077,8.139548
28098,8.268563
28119,8.282638
28140,8.324861
28161,8.306095
28182,8.30844
28203,8.456222
28224,8.486716
28245,8.557088
28266,8.409307
28287,8.395233
28308,8.709559
28329,8.709559
28350,8.683757
28371,8.782278
28392,8.700177
28413,8.972281
28434,9.110679
28455,9.30772
28476,9.054381
28497,9.108333
28518,9.066111
28539,9.394512
28560,9.586862
28581,9.53291
28602,9.561059
28623,9.720568
28644,9.769828
28665,9.837853
28686,10.06773
28707,10.27181
28728,10.28589
28749,10.34922
28770,10.22725
28791,10.34453
28812,10.45478
28833,10.56738
28854,10.72219
28875,10.75034
28896,10.78787
28917,10.86997
28938,10.94738
28959,11.01072
28980,11.04121
29001,11.13504
29022,11.16084
29043,11.28751
29064,11.40011
29085,11.42591
29106,11.46344
29127,11.19603
29148,11.25702
29169,11.21714
29190,11.38603
29211,11.27813
29232,11.11158
29253,11.15615
29274,11.28048
29295,11.36258
29316,11.34146
29337,11.27109
29358,11.1585
29379,11.02714
29400,11.09751
29421,11.13035
29442,11.09282
29463,10.92393
29484,10.69874
29505,10.56972
29526,10.59787
29547,10.48997
29568,10.41021
29589,10.43367
29610,10.26243
29631,10.23897
29652,10.15687
29673,10.1991
29694,10.1991
29715,10.24366
29736,10.32107
29757,10.33515
29778,10.24601
29799,10.13107
29820,10.16156
29841,10.21786
29862,10.1686
29883,10.12403
29904,10.03489
29925,10.0865
29946,9.908226
29967,9.952795
29988,9.711185
30009,9.539948
30030,9.572787
30051,9.460192
30072,9.422661
30093,9.237348
30114,9.129445
30135,9.216236
30156,9.03327
30177,8.976973
30198,8.826846
30219,8.894873
30240,8.836229
30261,8.777586
30282,8.890181
30303,8.718943
30326,8.585237
30349,8.770549
30370,8.664991
30391,8.571162
30412,8.56647
30433,8.528939
30454,8.507828
30475,8.428073
30496,8.409307
30517,8.413999
30538,8.388196
30559,8.36943
30580,8.383504
30601,8.350664
30622,8.406961
30643,8.423381
30664,8.458567
30685,8.345972
30706,8.43511
30727,8.38585
30748,8.458567
30769,8.399924
30790,8.338935
30811,8.45153
30832,8.327207
30853,8.329552
30874,8.334244
30895,8.284984
30916,8.259181
30937,8.465604
30958,8.580544
30979,8.550051
31000,8.493753
31021,8.519556
31042,8.64388
31063,8.700177
31084,8.552396
31105,9.04969
31126,8.421036
31147,8.559433
31169,8.772895
31190,9.103642
31211,8.847958
31232,8.758821
31253,8.810426
31274,8.662645
31295,8.894873
31316,8.927712
31337,9.01685
31358,9.150557
31379,9.19278
31400,9.185742
31421,9.392166
31442,9.622047
31463,9.736988
31484,9.751062
31505,9.769828
31526,9.903535
31547,10.07712
31568,10.01378
31589,10.29762
31610,10.2812
31631,10.41021
31652,10.41021
31673,10.44774
31694,10.53219
31715,10.64478
31736,10.59787
31757,10.63775
31778,10.81837
31799,10.84183
31820,10.98257
31841,10.90985
31862,10.9943
31883,11.15146
31904,11.09985
31925,11.13973
31946,11.15381
31967,11.19368
31988,11.27344
32009,11.33443
32030,11.15615
32051,10.90751
32072,10.82306
32093,10.80664
32114,10.74565
32135,10.69874
32156,10.68701
32177,10.60725
32198,10.57676
32219,10.55799
32240,10.66355
32261,10.73392
32282,10.6354
32303,10.62133
32324,10.65651
32345,10.67293
32366,10.79022
32387,10.6354
32408,10.62133
32429,10.61664
32450,10.62602
32471,10.63306
32492,10.69639
32513,10.65886
32534,10.65651
32555,10.61429
32576,10.66355
32597,10.64713
32618,10.64009
32639,10.54861
32660,10.47355
32681,10.51811
32702,10.3891
32723,10.15218
32744,10.2507
32765,10.13107
32786,9.980944
32807,9.866002
32828,9.943413
32849,9.955141
32870,9.779211
32891,9.570441
32912,9.563404
32933,9.607973
32954,9.692419
32975,9.41797
32996,9.460192
33017,9.521181
33038,9.349943
33059,9.244386
33080,9.263151
33101,9.27488
33122,9.27488
33143,9.345251
33164,9.216236
33185,9.103642
33206,9.087222
33227,9.101295
33248,9.04969
33269,9.134136
33290,9.056727
33311,9.052036
33332,8.944133
33353,8.955861
33374,9.00043
33395,8.873761
33416,9.040307
33437,9.030925
33458,9.157594
33479,9.110679
33500,8.84092
33521,8.890181
33542,8.93475
33563,9.00043
33584,8.836229
33605,8.761166
33626,8.702522
33647,8.775241
33668,8.718943
33689,8.599311
33710,8.360046
33731,8.313132
33752,8.439801
33773,8.413999
33794,8.399924
33815,8.292021
33836,8.292021
33857,8.397578
33878,8.399924
33899,8.444492
33920,8.357701
33941,8.45153
33962,8.496099
33983,8.608693
34004,8.664991
34025,8.491407
34046,8.477333
34067,8.517211
34088,8.629806
34109,8.489061
34130,8.704868
34151,8.6603
34172,8.852649
34193,8.463259
34214,8.782278
34235,8.864378
34256,8.899564
34277,9.040307
34298,8.974627
34319,8.960552
34340,8.915984
34361,9.169322
34382,9.244386
34403,9.166977
34424,9.09895
34445,9.188088
34466,9.162285
34487,9.27488
34508,9.342906
34529,9.305374
34550,9.462538
34571,9.50007
34592,9.575133
34613,9.403895
34634,9.546985
34655,9.546985
34676,9.687728
34697,9.814397
34718,9.866002
34739,9.934029
34760,9.952795
34781,10.22021
34802,10.23663
34823,10.35391
34844,10.44071
34865,10.50639
34886,10.67762
34907,10.80429
34928,10.91454
34949,10.97788
34970,10.95911
34991,11.13504
35012,11.23591
35033,11.28986
35054,11.41653
35075,11.43529
35096,11.63937
35117,12.01
35138,11.82703
35159,11.55023
35180,11.38838
35201,11.36492
35222,11.36023
35243,11.32739
35264,11.20307
35285,10.98022
35306,10.90516
35327,10.90047
35348,10.84652
35369,10.84417
35390,10.80899
35411,10.72688
35432,10.68232
35453,10.71046
35474,10.66121
35495,10.69404
35516,10.66121
35537,10.57676
35558,10.56972
35579,10.70108
35600,10.67997
35621,10.70108
35642,10.45244
35663,10.33984
35684,10.47589
35705,10.49466
35726,10.40317
35747,10.42194
35768,10.43836
35789,10.32342
35810,10.26243
35831,10.1686
35852,10.21317
35873,10.13811
35894,10.13342
35915,10.15453
35936,10.12638
35957,9.659579
35978,9.687728
35999,9.603281
36020,9.563404
36041,9.420315
36062,9.218582
36083,9.185742
36104,9.134136
36125,9.162285
36146,9.026234
36167,9.00043
36188,9.206854
36209,8.871415
36230,9.225619
36251,9.08253
36272,9.040307
36293,9.265497
36314,9.012158
36335,9.070802
36356,8.960552
36377,8.967589
36398,8.995738
36419,8.95117
36440,8.958207
36461,8.850304
36482,8.880798
36503,8.869069
36524,8.843266
36545,8.571162
36566,8.756474
36587,8.852649
36608,8.850304
36629,8.965244
36650,8.768204
36671,8.733017
36692,8.730671
36713,8.782278
36734,8.718943
36755,8.747091
36776,8.784623
36797,8.695485
36818,8.620422
36839,8.56647
36860,8.416345
36881,8.430418
36902,8.334244
36923,8.388196
36944,8.458567
36965,8.341281
36986,8.231031
37007,8.30844
37028,8.376467
37049,8.329552
37070,8.338935
37091,8.489061
37112,8.564125
37133,8.620422
37154,8.535976
37175,8.648571
37196,8.538322
37217,8.669683
37238,8.737708
37259,8.972281
37280,9.028579
37301,9.113025
37322,9.310066
37343,9.267843
37364,9.392166
37385,9.455501
37406,9.478958
37427,9.563404
37448,9.629085
37469,9.659579
37490,9.732296
37511,9.748716
37532,10.04428
37553,10.17564
37574,10.23428
37595,10.18971
37616,10.10761
37637,10.34922
37658,10.32811
37679,10.44305
37700,10.48058
37721,10.48293
37742,10.48997
37763,10.89812
37784,10.90047
37805,10.7175
37826,10.85824
37847,10.94738
37868,10.85121
37889,10.86997
37910,10.97553
37931,11.02245
37952,11.00603
37973,11.17257
37994,11.01072
38015,11.17023
38036,11.23591
38057,11.1585
38078,11.1843
38099,11.12331
38120,11.17726
38141,11.33443
38162,11.31566
38183,11.36023
38204,11.11627
38225,11.20307
38246,11.22418
38267,11.16319
38288,11.17257
38309,11.13504
38330,10.99664
38351,11.01072
38372,10.9943
38393,11.02479
38414,10.89109
38435,10.84417
38456,10.64244
38477,10.54157
38498,10.51342
38519,10.45244
38540,10.42898
38561,10.51811
38582,10.49466
38603,10.32576
38624,10.42898
38645,10.49466
38666,10.50169
38687,10.44774
38708,10.41725
38729,10.45713
38750,10.4712
38771,10.51342
38792,10.37033
38813,10.34219
38834,10.25539
38855,10.27416
38876,10.21317
38897,10.12638
38918,10.12169
38939,10.07243
38960,9.962177
38981,9.903535
39002,9.767483
39023,9.56575
39044,9.485995
39065,9.490686
39086,9.368709
39107,9.246731
39128,9.202163
39149,9.202163
39170,9.141173
39191,9.211545
39212,9.105988
39233,8.911292
39254,8.908947
39275,8.946478
39296,9.007467
39317,8.944133
39338,8.920675
39359,8.831537
39380,8.880798
39401,8.878452
39422,8.866723
39443,8.883143
39464,8.857341
39485,8.873761
39506,8.801044
39527,8.880798
39548,8.962898
39569,8.937096
39590,8.967589
39611,8.798697
39632,8.925366
39653,8.932404
39674,8.993393
39695,8.958207
39716,8.852649
39737,8.859686
39758,8.873761
39779,8.965244
39800,8.958207
39821,8.836229
39842,8.854995
39863,8.906601
39884,8.852649
39905,8.817463
39926,8.838574
39947,8.857341
39968,8.90191
39989,8.836229
40010,8.850304
40031,8.892527
40052,8.754128
40073,8.751783
40094,8.775241
40115,8.784623
40136,8.716597
40157,8.718943
40178,8.845612
40199,8.740054
40220,8.700177
40241,8.7424
40262,8.79166
40283,8.744746
40304,8.721289
40325,8.941787
40346,9.066111
40367,9.030925
40388,9.150557
40409,9.185742
40430,9.19278
40451,9.270188
40472,9.279572
40493,9.408587
40514,9.439081
40535,9.495378
40556,9.460192
40577,9.643159
40598,9.713531
40619,9.729951
40640,9.736988
40661,9.908226
40682,9.943413
40703,9.929338
40724,10.11934
40745,9.934029
40766,10.44774
40787,10.48058
40808,10.31873
40829,10.50639
40850,10.51342
40871,10.60022
40892,10.75738
40913,10.81368
40934,10.82541
40955,10.94504
40976,11.0764
40997,11.02479
41018,11.05763
41039,11.06701
41060,10.97319
41081,11.02479
41102,11.08578
41123,11.13504
41144,11.09985
41165,11.24998
41186,11.28517
41207,11.17961
41228,11.24529
41249,11.24529
41270,11.15146
41291,11.24763
41312,11.15615
41333,11.22887
41354,11.13973
41375,11.11393
41396,11.06232
41417,11.01072
41438,11.00603
41459,10.96849
41480,10.93096
41501,10.95207
41522,10.97084
41543,10.99899
41564,10.84183
41585,10.78084
41606,10.79726
41627,10.73627
41648,10.68466
41669,10.58145
41690,10.47824
41711,10.31404
41732,10.3328
41753,10.29762
41774,10.22959
41795,10.11465
41816,9.992672
41837,10.13107
41858,10.09119
41879,9.851928
41900,9.945757
41921,9.969215
41942,9.842546
41963,9.880077
41984,9.941067
42005,9.875386
42026,9.868348
42047,9.903535
42068,10.02082
42089,9.866002
42110,9.828471
42131,9.619701
42152,9.671308
42173,9.708839
42194,9.441426
42215,9.483649
42236,9.497724
42257,9.408587
42278,9.450809
42299,9.385129
42320,9.420315
42341,9.288955
42362,9.410933
42383,9.185742
42404,9.385129
42425,9.401549
42446,9.422661
42467,9.366363
42488,9.364017
42509,9.408587
42530,9.394512
42551,9.281918
42572,9.286609
42593,9.303029
42614,9.328832
42635,9.108333
42656,9.204508
42677,9.080185
42698,9.129445
42719,8.979319
42740,9.009813
42761,8.955861
42782,8.98401
42803,8.948824
42824,8.864378
42845,8.852649
42866,8.749437
42887,8.688448
42908,8.733017
42929,8.721289
42950,8.688448
42971,8.655608
42992,8.578199
43013,8.552396
43034,8.601656
43055,8.519556
43076,8.460913
43097,8.521902
43118,8.568816
43139,8.472641
43160,8.45153
43181,8.482024
43202,8.477333
43223,8.428073
43244,8.430418
43265,8.589928
43286,8.585237
43307,8.543014
43328,8.456222
43349,8.430418
43370,8.442147
43391,8.390541
43412,8.62746
43433,8.564125
43454,8.477333
43475,8.554742
43496,8.672029
43517,8.72598
43538,9.01685
43559,8.974627
43580,8.918329
43601,9.070802
43622,9.155248
43643,9.314757
43664,9.460192
43685,9.521181
43706,9.720568
43727,9.7581
43748,9.816743
43769,10.02082
43790,10.07946
43811,10.117
43832,10.11934
43853,10.18737
43874,10.35861
43895,10.29292
43916,10.55799
43937,10.55565
43958,10.58614
43979,10.64713
44000,10.65651
44021,10.74331
44042,10.81368
44063,11.08578
44084,10.98726
44105,10.87936
44126,11.17023
44147,11.34616
44168,11.45641
44189,11.4306
44210,11.35319
44231,11.30393
44252,11.2406
44273,11.08578
44294,11.11393
44315,11.20776
44336,11.25467
44357,11.09282
44378,11.08813
44399,11.10455
44420,11.10455
44441,11.13504
44462,11.128
44483,11.13973
44504,11.01072
44525,11.02479
44546,11.11862
44567,11.06936
44588,11.08109
44609,11.10924
44630,11.05763
44651,10.90751
44672,10.938
44693,10.86997
44714,10.88405
44735,10.87936
44756,10.79726
44777,10.82306
44798,10.90047
44819,10.77145
44840,10.59787
44861,10.62836
44882,10.65651
44903,10.48293
44924,10.5275
44945,10.50404
44966,10.06773
44987,10.26712
45008,10.29292
45029,10.1686
45050,10.01613
45071,9.90588
45092,9.858966
45113,9.800323
45134,9.931683
45155,9.788594
45176,9.727605
45197,9.483649
45218,9.51649
45239,9.401549
45260,9.415624
45281,9.2913
45302,9.427352
45323,9.260805
45344,9.188088
45365,9.073148
45386,9.047344
45407,8.98401
45428,8.927712
45449,8.873761
45470,8.777586
45491,8.826846
45512,8.686103
45533,8.730671
45554,8.733017
45575,8.707214
45596,8.589928
45617,8.589928
45638,8.505482
45659,8.674374
45680,8.543014
45701,8.615731
45722,8.559433
45743,8.43511
45764,8.514865
45785,8.606348
45806,8.538322
45827,8.371776
45848,8.357701
45869,8.334244
45890,8.299058
45911,8.179425
45932,8.064485
45953,8.22634
45974,8.167697
45995,8.202883
46016,8.184117
46037,8.167697
46058,8.289675
46079,8.320169
46100,8.296712
46121,8.338935
46142,8.38585
46163,8.493753
46184,8.72598
46205,8.899564
46226,8.833883
46247,8.878452
46268,8.913638
46289,9.120062
46310,9.171668
46331,9.124753
46352,9.319448
46373,9.497724
46394,9.434389
46415,9.427352
46436,9.455501
46457,9.493032
46478,9.457847
46499,9.805015
46520,9.847238
46541,9.659579
46562,9.603281
46583,9.734642
46604,9.767483
46625,9.908226
46646,9.973906
46667,9.901189
46688,9.786248
46709,9.969215
46730,9.964523
46751,9.98329
46772,9.976252
46793,10.02317
46814,10.02551
46835,10.16391
46856,10.29996
46877,10.28589
46898,10.37033
46919,10.34688
46940,10.46416
46961,10.48528
46982,10.63775
47003,10.60725
47024,10.59787
47045,10.71516
47066,10.80664
47087,10.80429
47108,10.98961
47129,10.97553
47150,11.09047
47171,11.1327
47192,11.0201
47213,11.06467
47234,11.06701
47255,11.06467
47276,11.30393
47297,11.42591
47318,11.42357
47339,11.35085
47360,11.22652
47381,11.30159
47402,11.18899
47423,11.10455
47444,11.0506
47465,11.00134
47486,10.82775
47507,10.84886
47528,10.75034
47549,10.7175
47570,10.69404
47591,10.6354
47612,10.60256
47633,10.63306
47654,10.64009
47675,10.66824
47696,10.69874
47717,10.68466
47738,10.56034
47759,10.5533
47780,10.55799
47801,10.5275
47822,10.61898
47843,10.56034
47864,10.61898
47885,10.51342
47906,10.54157
47927,10.49466
47948,10.37972
47969,10.29292
47990,10.32811
48011,10.36564
48032,10.21083
48053,10.26478
48074,10.30231
48095,10.27416
48116,10.18502
48137,10.03489
48158,9.929338
48179,9.802669
48200,9.617355
48221,9.539948
48242,9.495378
48263,9.450809
48284,9.385129
48305,9.319448
48326,9.279572
48347,9.206854
48368,9.263151
48389,9.124753
48410,9.124753
48431,9.091913
48452,9.066111
48473,9.178705
48494,9.166977
48515,9.108333
48536,8.986356
48557,8.981664
48578,9.061419
48599,9.054381
48620,8.90191
48641,8.871415
48662,8.908947
48683,8.789314
48704,8.918329
48725,8.90191
48746,8.815118
48767,8.805735
48788,8.801044
48809,8.756474
48830,8.728326
48851,8.636843
48872,8.690794
48893,8.679066
48914,8.683757
48935,8.6603
48956,8.53363
48977,8.505482
48998,8.580544
49019,8.568816
49040,8.578199
49061,8.477333
49082,8.474987
49103,8.503136
49124,8.573507
49145,8.465604
49166,8.470296
49187,8.531285
49208,8.653263
49229,8.592274
49250,8.514865
49271,8.594619
49292,8.72598
49313,8.575853
49334,8.869069
49355,8.894873
49376,9.075493
49397,9.152903
49418,9.284263
49439,9.270188
49460,9.317103
49481,9.490686
49502,9.509453
49523,9.66427
49544,9.736988
49565,9.652542
49586,9.765137
49607,9.809706
49628,9.851928
49649,10.0044
49670,9.985635
49691,10.15453
49712,10.10527
49733,10.18502
49754,10.13107
49775,10.08181
49796,10.09588
49817,10.35626
49838,10.32107
49859,10.47589
49880,10.45947
49901,10.39614
49922,10.39848
49943,10.59787
49964,10.5791
49985,10.59083
50006,10.65182
50027,10.73627
50048,10.71046
50069,10.76442
50090,10.80899
50111,10.80899
50132,10.85121
50153,10.87467
50174,10.84886
50195,10.96615
50216,10.83479
50237,11.04825
50258,11.06936
50279,11.0459
50300,11.04356
50321,10.9943
50342,11.14208
50363,11.11393
50384,11.11393
50405,11.1585
50426,11.19603
50447,11.1022
50468,11.12097
50489,11.02714
50510,11.16084
50531,11.22418
50552,11.2101
50573,11.04121
50594,11.11158
50615,11.05998
50636,10.9943
50657,11.03652
50678,10.97084
50699,11.03417
50720,10.93096
50741,10.81602
50762,10.82306
50783,10.78318
50804,10.81368
50825,10.7738
50846,10.55799
50867,10.71516
50888,10.58849
50909,10.53923
50930,10.4712
50951,10.56268
50972,10.44774
50993,10.52046
51014,10.49466
51035,10.35861
51056,10.38675
51077,10.45244
51098,10.28589
51119,10.20144
51140,10.25305
51161,10.19441
51182,10.14749
51203,10.27416
51224,10.29996
51245,9.910572
51266,9.786248
51287,9.819089
51308,9.718222
51329,9.546985
51350,9.530564
51371,9.485995
51392,9.359325
51413,9.333523
51434,9.382783
51455,9.305374
51476,9.253768
51497,9.19278
51518,9.101295
51539,9.174014
51560,9.09895
51581,9.120062
51602,9.094258
51623,8.960552
51644,9.014504
51665,9.021542
51686,8.925366
51707,9.002776
51728,9.037962
51749,8.843266
51770,8.894873
51791,8.871415
51812,8.808081
51836,8.890181
51861,8.854995
51882,8.782278
51903,8.880798
51924,8.810426
51945,8.803389
51966,8.749437
51987,8.730671
52008,8.740054
52029,8.798697
52050,8.718943
52071,8.657954
52092,8.744746
52113,8.67672
52134,8.6603
52155,8.716597
52176,8.679066
52197,8.681411
52218,8.639189
52239,8.747091
52260,8.768204
52281,8.702522
52302,8.697831
52323,8.716597
52344,8.777586
52365,8.862032
52386,8.918329
52407,8.946478
52428,8.911292
52449,8.944133
52470,8.871415
52491,8.918329
52512,9.056727
52533,9.199817
52554,9.293646
52575,9.399203
52596,9.361671
52617,9.345251
52638,9.321795
52659,9.577478
52680,9.56575
52701,9.629085
52722,9.629085
52743,9.645505
52764,9.74637
52785,9.882422
52806,9.948103
52827,10.07243
52848,10.05366
52869,10.06539
52890,10.13342
52911,10.24601
52932,10.24366
52953,10.3328
52974,10.42194
52995,10.44774
53016,10.49231
53037,10.53219
53058,10.55799
53079,10.76207
53100,10.75269
53121,10.96615
53142,10.84886
53163,10.82071
53184,10.8559
53205,10.97084
53226,10.9638
53247,11.13035
53268,11.18899
53289,11.22183
53310,11.0764
53331,11.14442
53352,10.99664
53373,11.07171
53394,11.06936
53415,11.0764
53436,10.90751
53457,10.91923
53478,11.06701
53500,11.06232
53521,11.05763
53542,11.13504
53563,11.09282
53584,11.09517
53605,11.01072
53626,10.98961
53647,11.1022
53668,10.9943
53689,10.97553
53710,10.97788
53731,10.86528
53752,10.96615
53773,10.97319
53794,10.95442
53815,10.85355
53836,10.82775
53857,10.82775
53878,10.85355
53899,10.78318
53920,10.65886
53941,10.67762
53962,10.81368
53983,10.79022
54004,10.66355
54025,10.59083
54046,10.52515
54067,10.52281
54088,10.55799
54109,10.48997
54130,10.33749
54151,10.31638
54172,10.35861
54193,10.22021
54214,10.17798
54235,10.1686
54256,10.04428
54277,10.07712
54298,10.07477
54319,9.931683
54340,9.938721
54361,9.917608
54382,9.718222
54403,9.61501
54424,9.509453
54445,9.493032
54466,9.401549
54487,9.413278
54508,9.382783
54529,9.232656
54550,9.265497
54571,9.246731
54592,9.298337
54613,9.035616
54634,9.134136
54655,8.993393
54676,9.157594
54697,8.925366
54718,8.972281
54739,8.953515
54760,9.068456
54781,8.932404
54802,8.946478
54823,8.941787
54844,8.93475
54865,8.90191
54886,8.958207
54907,9.03327
54928,8.974627
54949,8.838574
54970,8.772895
54991,8.789314
55012,8.714252
55033,8.810426
55054,8.679066
55075,8.573507
55096,8.718943
55117,8.709559
55138,8.72598
55159,8.67672
55180,8.585237
55201,8.582891
55222,8.688448
55243,8.653263
55264,8.559433
55285,8.517211
55306,8.585237
55327,8.604002
55348,8.733017
55369,8.646226
55390,8.632151
55411,8.697831
55432,8.688448
55453,8.735363
55474,8.862032
55495,8.822155
55516,8.822155
55537,8.95117
55558,9.005121
55579,8.930058
55600,9.040307
55621,9.138828
55642,9.164631
55663,9.054381
55684,9.157594
55705,9.108333
55726,9.178705
55747,9.143519
55768,9.235003
55789,9.359325
55810,9.436735
55831,9.41797
55852,9.514144
55873,9.744025
55894,9.650196
55915,9.760445
55936,9.800323
55957,9.840199
55978,9.945757
55999,9.941067
56020,10.0302
56041,10.21083
56062,10.41959
56083,10.30935
56104,10.33984
56125,10.52046
56146,10.48293
56167,10.62602
56188,10.6917
56209,10.70108
56230,10.7996
56251,10.90751
56272,10.87232
56293,10.83948
56314,11.00837
56335,11.08109
56356,11.15615
56377,11.0764
56398,11.18196
56419,11.28282
56440,11.30393
56461,11.43529
56482,11.43295
56503,11.26406
56524,11.24763
56545,11.22652
56566,11.2969
56587,11.28517
56608,11.19134
56629,11.0459
56650,10.98961
56671,10.95911
56692,10.97084
56713,10.99195
56734,11.01541
56755,10.92862
56776,10.97319
56797,10.78084
56818,10.93096
56839,10.88874
56860,10.78787
56881,10.80899
56902,10.70343
56923,10.81602
56944,10.80899
56965,10.84886
56986,10.74096
57007,10.60491
57028,10.64713
57049,10.61898
57070,10.53453
57091,10.62836
57112,10.55096
57133,10.48528
57154,10.49935
57175,10.44305
57196,10.26008
57217,10.28354
57238,10.24601
57259,10.21317
57280,9.999709
57301,9.863657
57322,10.05366
57343,9.58217
57364,9.762791
57385,9.718222
57406,9.469575
57427,9.450809
57448,9.474266
57469,9.364017
57490,9.439081
57511,9.319448
57532,9.293646
57553,9.23031
57574,9.185742
57595,9.155248
57616,9.122408
57637,9.066111
57658,9.080185
57679,9.005121
57700,8.941787
57721,8.836229
57742,8.948824
57763,8.7424
57784,8.90191
57805,8.716597
57826,8.847958
57847,8.72598
57868,8.733017
57889,8.714252
57910,8.592274
57931,8.707214
57952,8.796351
57973,8.683757
57994,8.707214
58015,8.695485
58036,8.690794
58057,8.667336
58078,8.578199
58099,8.559433
58120,8.526593
58141,8.514865
58162,8.421036
58183,8.432764
58204,8.43511
58225,8.353009
58246,8.235723
58267,8.242761
58288,8.202883
58309,8.355355
58330,8.292021
58351,8.292021
58372,8.315477
58393,8.367084
58414,8.43511
58435,8.442147
58456,8.547705
58477,8.585237
58498,8.552396
58519,8.714252
58540,8.850304
58561,8.892527
58582,8.972281
58603,8.944133
58624,9.141173
58645,9.129445
58666,9.345251
58687,9.303029
58708,9.502416
58729,9.551676
58750,9.535255
58771,9.551676
58792,9.638468
58813,9.767483
58834,9.708839
58855,9.823779
58876,9.847238
58897,9.880077
58918,9.844892
58939,10.03489
58960,10.12403
58981,10.17329
59002,10.21786
59023,10.23663
59044,10.33749
59065,10.47589
59086,10.61664
59107,10.63071
59128,10.79491
59149,10.95677
59170,11.0459
59191,11.11862
59212,11.11393
59233,11.10689
59254,11.2148
59275,11.27813
59296,11.3227
59317,11.41887
59338,11.41418
59359,11.27578
59380,11.56665
59401,11.60888
59422,11.67925
59443,11.57604
59464,11.45875
59485,11.38134
59506,11.43999
59527,11.35554
59548,11.31801
59569,11.41887
59590,11.41418
59611,11.52912
59632,11.43295
59653,11.27813
59674,11.27813
59695,11.17492
59716,11.16788
59737,11.08343
59758,10.938
59779,10.72454
59800,10.60491
59821,10.62367
59842,10.68935
59863,10.57676
59884,10.48058
59905,10.41021
59926,10.37033
59947,10.39848
59968,10.3633
59989,10.32576
60010,10.29527
60031,10.18737
60052,10.26478
60073,10.2249
60094,10.16626
60115,10.17095
60136,10.14749
60157,10.117
60178,10.00675
60199,10.00206
60220,9.685382
60241,9.753407
60262,9.725259
60283,9.530564
60304,9.495378
60325,9.403895
60346,9.145865
60367,9.375746
60388,9.091913
60409,9.148211
60430,8.974627
60451,9.063765
60472,8.962898
60493,8.897219
60514,9.007467
60535,8.899564
60556,8.930058
60577,8.913638
60598,8.859686
60619,8.808081
60640,8.871415
60661,8.850304
60682,8.711905
60703,8.772895
60724,8.789314
60745,8.683757
60766,8.613385
60787,8.69314
60808,8.664991
60829,8.681411
60850,8.608693
60871,8.650917
60892,8.657954
60913,8.702522
60934,8.662645
60955,8.700177
60976,8.632151
60997,8.611039
61018,8.646226
61039,8.620422
61060,8.674374
61081,8.585237
61102,8.514865
61123,8.460913
61144,8.632151
61165,8.53363
61186,8.613385
61207,8.681411
61228,8.67672
61249,8.69314
61270,8.768204
61291,8.681411
61312,8.6603
61333,8.758821
61354,8.648571
61375,8.733017
61396,8.714252
61417,8.67672
61438,8.681411
61459,8.7424
61480,8.8245
61501,8.913638
61522,8.770549
61543,8.899564
61564,9.044999
61585,9.037962
61606,9.08253
61627,9.117716
61648,9.253768
61669,9.432044
61690,9.413278
61711,9.539948
61732,9.631431
61753,9.779211
61774,9.863657
61795,9.875386
61816,9.866002
61837,10.02551
61858,10.06305
61879,10.25305
61900,10.35626
61921,10.48762
61942,10.5275
61963,10.6917
61984,10.84652
62005,10.90516
62026,10.91923
62047,11.03417
62068,11.09047
62089,11.2969
62110,11.38603
62131,11.53616
62152,11.54554
62173,11.88098
62194,11.90913
62215,11.81061
62236,11.78012
62257,11.65345
62278,11.68394
62299,11.66048
62320,11.58542
62341,11.54554
62362,11.32504
62383,11.31097
62404,11.29455
62425,11.21949
62446,11.23122
62467,11.23122
62488,11.18665
62509,11.08813
62530,11.01306
62551,11.0764
62572,11.1022
62593,10.98022
62614,10.90985
62635,10.91454
62656,10.92862
62677,10.85824
62698,10.75269
62719,10.61429
62740,10.70812
62761,10.59318
62782,10.56268
62803,10.62602
62824,10.43367
62845,10.41256
62866,10.32811
62887,10.39614
62908,10.15922
62929,10.25539
62950,10.05835
62971,10.00206
62992,9.903535
63013,9.847238
63034,9.863657
63055,9.769828
63076,9.638468
63097,9.605627
63118,9.575133
63139,9.457847
63160,9.314757
63181,9.342906
63202,9.413278
63223,9.342906
63244,9.314757
63265,9.354634
63286,9.293646
63307,9.213891
63328,9.216236
63349,9.225619
63370,9.293646
63391,9.199817
63412,9.150557
63433,9.077839
63454,9.066111
63475,8.962898
63496,8.920675
63517,9.063765
63538,8.911292
63559,8.890181
63580,8.899564
63601,8.906601
63622,8.737708
63643,8.716597
63664,8.803389
63685,8.883143
63706,8.794006
63727,8.794006
63748,8.761166
63769,8.822155
63790,8.758821
63811,8.733017
63832,8.620422
63853,8.580544
63874,8.56647
63895,8.540668
63916,8.479678
63937,8.392887
63958,8.261526
63979,8.231031
64000,8.247452
64021,8.383504
64042,8.155969
64063,8.233377
64084,8.22634
64105,8.181771
64126,8.191154
64147,8.345972
64168,8.392887
64189,8.444492
64210,8.416345
64231,8.428073
64252,8.56647
64273,8.622768
64294,8.756474
64315,8.796351
64336,8.871415
64357,8.892527
64378,8.911292
64399,9.03327
64420,8.998084
64441,9.223273
64462,9.105988
64483,9.366363
64504,9.373401
64525,9.425007
64546,9.469575
64567,9.523527
64588,9.668962
64609,9.788594
64630,9.826125
64651,9.990326
64672,9.903535
64693,10.15687
64714,10.16626
64735,10.17329
64756,10.1991
64777,10.44305
64798,10.54392
64819,10.60491
64840,10.5533
64861,10.70577
64882,10.86294
64903,10.96146
64924,11.06467
64945,10.99664
64966,11.08343
64987,11.24295
65008,11.22418
65029,11.29455
65050,11.28751
65071,11.38369
65092,11.55493
65113,11.54789
65134,11.49159
65155,11.54554
65176,11.36961
65197,11.28986
65218,11.44937
65239,11.50566
65260,11.59949
65281,11.52912
65302,11.44937
65323,11.44233
65344,11.47752
65365,11.43529
65386,11.33677
65407,11.23591
65428,11.1327
65449,11.01306
65470,10.92393
65491,10.73861
65512,10.78084
65533,10.54626
65554,10.26947
65575,10.38441
65596,10.33749
65617,10.28354
65638,10.31638
65659,10.15687
65680,10.18033
65701,10.21552
65722,10.33046
65743,10.17329
65764,9.971561
65785,10.10996
65806,10.00675
65827,9.948103
65848,9.976252
65869,9.917608
65890,9.938721
65911,9.992672
65932,9.453156
65953,9.617355
65974,9.668962
65995,9.722914
66016,9.525873
66037,9.485995
66058,9.439081
66079,9.195126
66100,9.314757
66121,9.237348
66142,9.227965
66163,9.155248
66184,9.073148
66205,9.115371
66226,9.087222
66247,8.981664
66268,8.946478
66289,8.960552
66310,8.833883
66331,8.819809
66352,8.803389
66373,8.761166
66394,8.770549
66415,8.672029
66436,8.775241
66457,8.775241
66478,8.744746
66499,8.615731
66520,8.601656
66541,8.667336
66562,8.655608
66583,8.655608
66604,8.711905
66625,8.606348
66646,8.646226
66667,8.535976
66688,8.571162
66709,8.582891
66730,8.571162
66751,8.578199
66772,8.56647
66793,8.592274
66814,8.486716
66835,8.458567
66856,8.41869
66877,8.38585
66898,8.444492
66919,8.540668
66940,8.421036
66961,8.413999
66982,8.367084
67003,8.338935
67024,8.470296
67045,8.505482
67066,8.442147
67087,8.303749
67108,8.353009
67129,8.310786
67150,8.453876
67171,8.53363
67192,8.303749
67213,8.554742
67234,8.611039
67255,8.613385
67276,8.782278
67297,9.005121
67318,9.01685
67339,9.087222
67360,9.174014
67381,9.324141
67402,9.504761
67423,9.539948
67444,9.711185
67465,9.851928
67486,9.985635
67507,9.995018
67528,10.17329
67549,10.33749
67570,10.46182
67591,10.59787
67612,10.6354
67633,10.61429
67654,10.78787
67675,10.92158
67696,11.14677
67717,11.19603
67738,11.20541
67759,11.27344
67780,11.41887
67801,11.66283
67822,11.86222
67843,11.89975
67864,11.79654
67885,11.84814
67906,11.7637
67927,11.75666
67948,11.71444
67969,11.86691
67990,11.79654
68011,11.6511
68032,11.57604
68053,11.51505
68074,11.5127
68095,11.42357
68116,11.44468
68137,11.19603
68158,11.11158
68179,11.1585
68200,11.15146
68221,11.07405
68242,10.94973
68263,11.00603
68284,10.97788
68305,10.93331
68326,11.0201
68347,10.85355
68368,10.7996
68389,10.79022
68410,10.70812
68431,10.76442
68452,10.70343
68473,10.53923
68494,10.53688
68515,10.58145
68536,10.57207
68557,10.53219
68578,10.36799
68599,10.1991
68620,10.13107
68641,10.22021
68662,9.976252
68683,10.07946
68704,10.04193
68725,9.999709
68746,9.685382
68767,9.858966
68788,9.875386
68809,9.542293
68830,9.523527
68851,9.413278
68872,9.469575
68893,9.338214
68914,9.401549
68935,9.342906
68956,9.143519
68977,9.110679
68998,9.166977
69019,9.03327
69040,9.061419
69061,9.026234
69082,8.859686
69103,8.8245
69124,8.908947
69145,8.733017
69166,8.674374
69187,8.702522
69208,8.709559
69229,8.72598
69250,8.564125
69271,8.550051
69292,8.498445
69313,8.48437
69334,8.376467
69355,8.390541
69376,8.528939
69397,8.430418
69418,8.367084
69439,8.442147
69460,8.463259
69481,8.378813
69502,8.216957
69523,8.106709
69544,8.341281
69565,8.2756
69586,8.174734
69607,8.083251
69628,8.045719
69649,8.134857
69670,8.20992
69691,8.078559
69712,8.022263
69733,8.1114
69754,8.153623
69775,8.336589
69796,8.376467
69817,8.2756
69838,8.449184
69859,8.465604
69880,8.697831
69901,8.72598
69922,9.007467
69943,8.95117
69964,9.084876
69985,9.2092
70006,9.34056
70027,9.35698
70048,9.525873
70069,9.676
70090,9.657233
70111,9.80736
70132,9.98798
70153,10.03489
70174,10.17798
70195,10.27416
70216,10.31404
70237,10.40083
70258,10.53923
70279,10.57676
70300,10.71516
70321,10.94973
70342,11.39073
70363,11.10689
70384,11.1022
70405,11.25467
70426,11.36258
70447,11.44233
70468,11.44233
70489,11.5127
70510,11.64406
70531,11.68629
70552,11.71913
70573,11.68629
70594,11.62764
70615,11.41418
70636,11.54554
70657,11.56196
70678,11.38134
70699,11.55258
70720,11.47283
70741,11.52209
70762,11.58777
70783,11.54554
70804,11.5127
70825,11.5127
70846,11.36492
70867,11.33677
70888,11.38369
70909,11.36258
70930,11.38369
70951,11.32035
70972,11.24295
70993,11.10689
71014,11.1022
71035,11.12331
71056,10.92158
71077,10.90751
71098,10.86528
71119,10.79491
71140,10.62133
71161,10.5791
71182,10.47589
71203,10.34453
71224,10.30465
71245,10.13342
71266,10.17798
71287,10.09588
71308,10.02317
71329,10.0607
71350,10.02317
71371,10.01848
71392,9.959831
71413,9.711185
71434,9.765137
71455,9.638468
71476,9.617355
71497,9.636122
71518,9.464884
71539,9.399203
71560,9.385129
71581,9.253768
71602,9.129445
71623,9.094258
71644,8.993393
71665,8.937096
71686,8.946478
71707,8.866723
71728,8.883143
71749,8.763512
71770,8.730671
71791,8.625113
71812,8.662645
71833,8.672029
71854,8.641534
71875,8.604002
71896,8.599311
71917,8.639189
71938,8.582891
71959,8.622768
71980,8.547705
72001,8.489061
72022,8.355355
72043,8.463259
72064,8.514865
72085,8.343626
72106,8.322515
72127,8.270909
72148,8.216957
72169,8.1935
72190,8.247452
72211,8.280293
72232,8.167697
72253,8.163006
72274,8.165352
72295,8.242761
72316,8.186462
72337,8.313132
72358,8.280293
72379,8.371776
72400,8.528939
72421,8.46795
72442,8.587582
72463,8.662645
72484,8.700177
72505,8.751783
72526,8.913638
72547,9.094258
72568,9.122408
72589,9.136482
72610,9.190434
72631,9.359325
72652,9.265497
72673,9.281918
72694,9.375746
72715,9.422661
72736,9.24204
72757,9.425007
72778,9.495378
72799,9.462538
72820,9.645505
72841,9.769828
72862,9.812052
72883,9.668962
72904,9.847238
72925,9.842546
72946,9.835509
72967,10.08181
72988,10.15218
73009,10.22725
73030,10.17329
73051,10.38441
73072,10.44774
73093,10.64244
73114,10.66824
73135,10.80899
73156,10.92158
73177,10.85121
73198,10.99664
73219,11.01541
73240,11.09751
73261,11.14677
73282,11.24998
73303,11.23825
73324,11.30862
73345,11.39307
73366,11.59246
73387,11.62061
73408,11.39776
73429,11.49628
73450,11.59949
73471,11.54554
73492,11.66048
73513,11.68159
73534,11.55493
73555,11.52209
73576,11.49159
73597,11.36961
73618,11.30159
73639,11.19603
73660,11.10924
73681,11.01072
73702,10.93331
73723,10.92393
73744,10.81837
73765,10.6917
73786,10.56972
73807,10.68701
73828,10.68232
73849,10.65651
73870,10.67293
73891,10.53453
73912,10.54861
73933,10.47824
73954,10.48528
73975,10.51577
73996,10.48528
74017,10.41725
74038,10.46182
74059,10.3891
74080,10.31404
74101,10.26947
74122,10.20379
74143,10.14045
74164,10.0607
74185,10.13342
74206,10.05132
74227,10.01613
74248,9.952795
74269,9.654888
74290,9.624393
74311,9.535255
74332,9.551676
74353,9.425007
74374,9.441426
74395,9.305374
74416,9.314757
74437,9.25846
74458,9.249077
74479,9.108333
74500,9.014504
74521,9.059073
74542,9.00043
74563,8.913638
74584,8.967589
74605,8.932404
74626,8.946478
74647,8.988701
74668,8.925366
74689,8.993393
74710,8.859686
74731,8.941787
74752,8.979319
74773,8.932404
74794,8.822155
74815,8.768204
74836,8.892527
74857,8.873761
74878,8.988701
74899,8.857341
74920,8.932404
74941,8.932404
74962,8.930058
74983,8.925366
75004,8.946478
75025,8.843266
75046,8.937096
75067,8.98401
75088,8.98401
75109,8.831537
75130,8.883143
75151,8.885489
75172,8.862032
75193,8.822155
75214,8.873761
75235,8.920675
75256,8.8245
75277,8.761166
75298,8.873761
75319,8.784623
75340,8.714252
75361,8.735363
75382,8.786969
75403,8.854995
75424,8.871415
75445,8.894873
75466,8.892527
75487,8.880798
75508,8.904256
75529,8.974627
75550,9.059073
75571,9.094258
75592,9.333523
75613,9.284263
75634,9.216236
75655,9.432044
75676,9.432044
75697,9.469575
75718,9.563404
75739,9.572787
75760,9.528218
75781,9.591553
75802,9.636122
75823,9.744025
75844,9.816743
75865,9.795631
75886,9.840199
75907,9.830817
75928,9.98798
75949,9.948103
75970,10.03959
75991,10.01378
76012,10.11465
76033,10.15922
76054,10.22021
76075,10.24836
76096,10.28589
76117,10.0607
76138,10.50404
76159,10.45244
76180,10.47589
76201,10.45478
76222,10.47355
76243,10.50873
76264,10.55565
76285,10.64009
76306,10.72219
76327,10.70108
76348,10.87701
76369,10.86997
76390,10.93331
76411,10.86528
76432,10.82306
76453,10.78553
76474,10.86997
76495,10.89109
76516,11.02479
76537,10.9638
76558,10.99195
76579,10.90281
76600,11.04356
76621,10.89343
76642,10.93331
76663,10.90281
76684,10.99899
76705,10.89578
76726,10.97319
76747,10.92862
76768,10.90751
76789,10.90985
76810,10.86763
76831,10.78553
76852,10.69639
76873,10.70812
76894,10.68232
76915,10.61429
76936,10.57441
76957,10.61898
76978,10.59083
76999,10.4454
77020,10.45947
77041,10.47355
77062,10.52515
77083,10.43132
77104,10.43132
77125,10.36095
77146,10.30465
77167,10.29762
77188,10.35861
77209,10.40083
77230,10.3328
77251,10.35391
77272,10.38441
77293,10.40083
77314,10.32107
77335,10.44305
77356,10.41021
77377,10.47824
77398,10.34453
77419,10.41256
77440,10.44071
77461,10.31873
77482,10.27885
77503,10.27181
77524,10.2249
77545,10.2507
77566,10.22725
77587,10.04662
77608,9.908226
77629,9.9223
77650,9.868348
77671,9.741679
77692,9.657233
77713,9.741679
77734,9.570441
77755,9.715877
77776,9.537601
77797,9.54933
77818,9.478958
77839,9.382783
77860,9.34056
77881,9.2913
77902,9.335869
77923,9.134136
77944,9.211545
77965,9.279572
77986,9.249077
78007,9.056727
78028,9.037962
78049,9.01685
78070,9.08253
78091,8.998084
78112,8.965244
78133,8.892527
78154,8.965244
78175,8.93475
78196,8.958207
78217,8.958207
78238,8.937096
78259,8.869069
78280,8.974627
78301,8.967589
78322,8.923021
78343,8.932404
78364,8.969935
78385,8.955861
78406,9.056727
78427,8.923021
78448,8.887836
78469,8.932404
78490,8.857341
78511,8.810426
78532,8.831537
78553,8.829192
78574,8.847958
78595,8.845612
78616,8.878452
78637,8.866723
78658,8.822155
78679,8.843266
78700,8.899564
78721,8.967589
78742,9.178705
78763,9.052036
78784,8.991047
78805,9.012158
78826,9.101295
78847,9.089567
78868,9.19278
78889,9.256114
78910,9.19278
78931,9.237348
78952,9.15994
78973,9.281918
78994,9.375746
79015,9.314757
79036,9.387475
79057,9.352288
79078,9.30772
79099,9.51649
79120,9.425007
79141,9.478958
79162,9.436735
79183,9.399203
79204,9.483649
79225,9.610318
79246,9.483649
79267,9.690074
79288,9.66427
79309,9.626739
79330,9.607973
79351,9.816743
79372,9.861312
79393,9.802669
79414,9.835509
79435,9.924646
79456,9.945757
79477,10.10761
79498,10.03959
79519,10.05601
79540,10.15922
79561,10.19441
79582,10.24836
79603,10.24601
79624,10.53219
79645,10.45478
79666,10.45713
79687,10.53219
79708,10.56034
79729,10.66121
79750,10.66355
79771,10.63775
79792,10.71516
79813,10.70108
79834,10.78084
79855,10.75503
79876,10.79022
79897,10.84652
79918,10.83948
79939,10.95442
79960,10.9943
79981,10.97319
80002,10.79491
80023,10.90985
80044,10.81837
80065,10.88639
80086,10.85121
80107,10.86528
80128,10.77614
80149,10.79726
80170,10.77849
80191,10.84886
80212,10.83244
80233,10.80429
80254,10.7738
80275,10.68232
80296,10.72688
80317,10.73627
80338,10.70577
80359,10.73158
80380,10.75503
80401,10.63071
80422,10.64478
80443,10.65886
80464,10.61898
80485,10.66824
80506,10.55565
80527,10.56738
80548,10.62836
80569,10.63775
80590,10.67762
80611,10.71985
80632,10.62367
80653,10.45713
80674,10.52046
80695,10.47824
80716,10.56268
80737,10.55799
80758,10.54157
80779,10.40552
80800,10.35391
80821,10.42898
80842,10.22959
80863,10.29996
80884,10.2812
80905,10.117
80926,10.17798
80947,10.02551
80968,10.0302
80989,10.03255
81010,9.875386
81031,9.941067
81052,9.805015
81073,9.800323
81094,9.577478
81115,9.589207
81136,9.596244
81157,9.521181
81178,9.436735
81199,9.521181
81220,9.453156
81241,9.50007
81262,9.338214
81283,9.260805
81304,9.206854
81325,9.249077
81346,9.260805
81367,9.178705
81388,9.087222
81409,9.120062
81430,9.378092
81451,8.944133
81472,9.035616
81493,9.028579
81514,9.094258
81535,9.129445
81556,9.066111
81577,8.859686
81598,8.854995
81619,8.932404
81640,8.986356
81661,8.991047
81682,8.927712
81703,8.892527
81724,8.798697
81745,8.847958
81766,8.826846
81787,8.721289
81808,8.655608
81829,8.67672
81850,8.716597
81871,8.641534
81892,8.578199
81913,8.589928
81934,8.639189
81955,8.646226
81976,8.585237
81997,8.765858
82018,8.794006
82039,8.740054
82060,8.761166
82081,8.688448
82102,8.782278
82123,8.847958
82144,8.770549
82165,8.930058
82186,8.826846
82207,9.014504
82228,8.979319
82249,9.077839
82270,9.01685
82291,9.044999
82312,9.174014
82333,9.054381
82354,9.056727
82375,9.253768
82396,9.185742
82417,9.122408
82438,9.354634
82459,9.385129
82480,9.288955
82501,9.265497
82522,9.385129
82543,9.378092
82564,9.394512
82585,9.481303
82606,9.483649
82627,9.507107
82648,9.41797
82669,9.718222
82690,9.74637
82711,9.725259
82732,9.842546
82753,9.816743
82774,9.9223
82795,9.966869
82816,10.09588
82837,10.18737
82858,10.23428
82879,10.31404
82900,10.39379
82921,10.44071
82942,10.45947
82963,10.50639
82984,10.63306
83005,10.67762
83026,10.59787
83047,10.94738
83068,10.96849
83089,10.91454
83110,11.04356
83131,11.15615
83152,11.12097
83173,11.14208
83194,11.08343
83215,11.04121
83236,11.17961
83257,11.2969
83278,11.28048
83299,11.2101
83320,11.09751
83341,11.14442
83362,11.02714
83383,10.96849
83404,11.19368
83425,11.15615
83446,10.9943
83467,10.84183
83488,10.85824
83509,11.00134
83530,11.08343
83551,11.08813
83572,11.02479
83593,11.11627
83614,11.10455
83635,11.0506
83656,11.12566
83677,11.1022
83698,11.02714
83719,11.07405
83740,11.09985
83761,11.05529
83782,11.16319
83803,11.07171
83824,10.98257
83845,11.09985
83866,11.18196
83887,11.10455
83908,11.00134
83929,10.84183
83950,10.77614
83971,10.75738
83992,10.57676
84013,10.53688
84034,10.48293
84055,10.19675
84076,10.13811
84097,10.13107
84118,10.01848
84139,10.12403
84160,10.05601
84181,9.56575
84202,9.633776
84223,9.59859
84244,9.629085
84265,9.546985
84286,9.504761
84307,9.265497
84328,9.237348
84349,9.281918
84370,9.171668
84391,8.941787
84412,9.019196
84433,8.930058
84454,8.899564
84475,8.876106
84496,8.733017
84517,8.761166
84538,8.772895
84559,8.596965
84580,8.923021
84601,8.8245
84622,8.679066
84643,8.589928
84664,8.707214
84685,8.735363
84706,8.747091
84727,8.601656
84748,8.709559
84769,8.801044
84790,8.911292
84811,8.702522
84832,8.733017
84853,8.690794
84874,8.702522
84895,8.674374
84916,8.662645
84937,8.664991
84958,8.655608
84979,8.669683
85000,8.596965
85021,8.770549
85042,8.733017
85063,8.636843
85084,8.761166
85105,8.808081
85126,8.805735
85147,8.915984
85168,8.932404
85189,8.925366
85210,8.899564
85231,8.967589
85252,9.068456
85273,9.117716
85294,9.124753
85315,9.15994
85336,9.249077
85357,9.155248
85378,9.113025
85399,9.251423
85420,9.288955
85441,9.342906
85462,9.439081
85483,9.375746
85504,9.535255
85525,9.542293
85546,9.53291
85567,9.50007
85588,9.56575
85609,9.453156
85630,9.554022
85651,9.535255
85672,9.546985
85693,9.668962
85714,9.633776
85735,9.687728
85756,9.802669
85777,9.821435
85798,9.882422
85819,9.880077
85840,9.962177
85861,10.13107
85882,10.1123
85903,10.20613
85924,10.1991
85945,10.54861
85966,10.51811
85987,10.50873
86008,10.56972
86029,10.61664
86050,10.7175
86071,10.7738
86092,10.86763
86113,10.91689
86134,11.05294
86155,11.05998
86176,11.17257
86197,11.11393
86218,11.18665
86239,11.19838
86260,11.21949
86281,11.2969
86302,11.27109
86323,11.25936
86344,11.25233
86365,11.22887
86386,11.22887
86407,11.24998
86428,11.21949
86449,11.23356
86470,11.22887
86491,11.14912
86512,11.15381
86533,11.12331
86554,11.04825
86575,11.03183
86596,10.94504
86617,10.92862
86638,10.8817
86659,10.90516
86680,10.83244
86701,10.84886
86722,10.89812
86743,10.85824
86764,10.82071
86785,10.71281
86806,10.71046
86827,10.72688
86848,10.62836
86869,10.61664
86890,10.61898
86911,10.5791
86932,10.53219
86953,10.40083
86974,10.32811
86995,10.41021
87016,10.49231
87037,10.32811
87058,10.39614
87079,10.30935
87100,10.33749
87121,10.33515
87142,10.30231
87163,10.20613
87184,10.20144
87205,10.04193
87226,10.03959
87247,9.980944
87268,9.990326
87289,9.694765
87310,9.722914
87331,9.683037
87352,9.617355
87373,9.51649
87394,9.41797
87415,9.441426
87436,9.324141
87457,9.385129
87478,9.300683
87499,9.293646
87520,9.328832
87541,9.197471
87562,9.157594
87583,9.256114
87604,9.195126
87625,9.174014
87646,9.335869
87667,9.204508
87688,9.162285
87709,9.195126
87730,9.23031
87751,9.127099
87772,9.303029
87793,9.178705
87814,9.13179
87835,9.188088
87856,9.223273
87877,9.145865
87898,9.171668
87919,9.150557
87940,9.110679
87961,9.225619
87982,9.138828
88003,9.04969
88024,9.063765
88045,9.089567
88066,9.143519
88087,9.120062
88108,9.094258
88129,9.063765
88150,9.066111
88171,9.035616
88192,9.026234
88213,8.925366
88234,9.021542
88255,8.93475
88276,9.019196
88297,9.007467
88318,8.894873
88339,8.885489
88360,8.946478
88381,8.948824
88402,8.974627
88423,8.779932
88444,8.944133
88465,8.876106
88486,8.880798
88507,8.899564
88528,8.958207
88549,8.878452
88570,9.009813
88591,8.913638
88612,8.854995
88633,9.005121
88654,8.993393
88675,9.021542
88696,8.967589
88717,9.019196
88738,9.023888
88759,9.073148
88780,9.150557
88801,9.129445
88822,9.056727
88843,9.141173
88864,9.150557
88885,9.136482
88906,9.272534
88927,9.396858
88948,9.455501
88969,9.539948
88990,9.56575
89011,9.7581
89032,9.783903
89053,9.884768
89074,9.877731
89095,10.14514
89116,10.18033
89137,10.13342
89158,10.37503
89179,10.62367
89200,10.61429
89221,10.61194
89242,10.75269
89263,10.87701
89284,11.01072
89305,11.06232
89326,11.14442
89347,11.25702
89368,11.31801
89389,11.40949
89410,11.37196
89431,11.39073
89452,11.4869
89473,11.61357
89494,11.6769
89515,11.81296
89536,11.9795
89557,11.84814
89578,11.85752
89599,11.80357
89620,11.91617
89641,11.89036
89662,11.97481
89683,11.9279
89704,11.87395
89725,11.77308
89746,11.73086
89767,11.66987
89788,11.66987
89809,11.59949
89830,11.59011
89851,11.44233
89872,11.39776
89893,11.33912
89914,11.25936
89935,11.1022
89956,11.13739
89977,11.02948
89998,10.95677
90019,10.76442
90040,10.73392
90061,10.59318
90082,10.60725
90103,10.52984
90124,10.33046
90145,10.38675
90166,10.33046
90187,10.17798
90208,10.25539
90229,10.07008
90250,9.919954
90271,9.870694
90292,9.833163
90313,9.776865
90334,9.781557
90355,9.514144
90376,9.493032
90397,9.317103
90418,9.443772
90439,9.312411
90460,9.439081
90481,9.150557
90502,9.084876
90523,9.066111
90544,9.105988
90565,9.08253
90586,9.103642
90607,9.03327
90628,8.958207
90649,9.01685
90670,8.892527
90691,8.955861
90712,8.979319
90733,8.873761
90754,8.998084
90775,8.829192
90796,8.908947
90817,8.847958
90838,8.829192
90859,8.737708
90880,8.700177
90901,8.709559
90922,8.8245
90943,8.723634
90964,8.681411
90985,8.648571
91006,8.655608
91027,8.543014
91048,8.618076
91069,8.62746
91090,8.587582
91111,8.482024
91132,8.505482
91153,8.622768
91174,8.64388
91195,8.585237
91216,8.489061
91237,8.587582
91258,8.697831
91279,8.582891
91300,8.620422
91321,8.564125
91342,8.744746
91363,8.847958
91384,8.662645
91405,8.62746
91426,8.639189
91447,8.768204
91468,8.747091
91489,8.84092
91510,8.871415
91531,8.925366
91552,8.98401
91573,8.988701
91594,9.066111
91615,9.178705
91636,9.195126
91657,9.251423
91678,9.298337
91699,9.392166
91720,9.403895
91741,9.441426
91762,9.610318
91783,9.800323
91804,10.06305
91825,10.10527
91846,10.22959
91867,10.37972
91888,10.51108
91909,10.59787
91930,10.64713
91951,10.82071
91972,10.9122
91993,11.02245
92014,11.26171
92035,11.28282
92056,11.5432
92077,11.47752
92098,11.75431
92119,11.78715
92140,11.759
92161,11.8458
92182,11.75666
92203,11.85752
92224,11.80357
92245,11.69802
92266,11.79419
92287,11.91382
92308,11.78715
92329,11.62295
92350,11.57369
92371,11.59949
92392,11.69567
92413,11.78012
92434,11.64641
92455,11.47283
92476,11.44937
92497,11.35319
92518,11.36727
92539,11.30862
92560,11.24529
92581,11.17961
92602,11.17726
92623,11.21245
92644,11.12331
92665,11.0506
92686,10.938
92707,10.88639
92728,10.90751
92749,10.85355
92770,10.80195
92791,10.61664
92812,10.50404
