8826,10.23428
8847,10.27416
8868,10.35861
8889,10.36799
8910,10.32107
8931,10.307
8952,10.37972
8973,10.39379
8994,10.48997
9015,10.36095
9036,10.25305
9057,10.37972
9078,10.36564
9099,10.37972
9120,10.35391
9141,10.35861
9162,10.40552
9183,10.35861
9204,10.42898
9225,10.41725
9246,10.43132
9267,10.41959
9288,10.33749
9309,10.32576
9330,10.34688
9351,10.43836
9372,10.497
9393,10.52515
9414,10.52281
9435,10.44305
9456,10.5533
9477,10.50639
9498,10.62367
9519,10.6354
9540,10.58849
9561,10.65182
9582,10.78084
9603,10.78318
9624,10.69404
9645,10.77849
9666,10.81368
9687,10.67528
9708,10.72219
9729,10.71985
9750,10.72923
9771,10.77849
9792,10.62836
9813,10.69639
9834,10.60022
9855,10.68701
9876,10.72219
9897,10.69404
9918,10.69874
9939,10.58145
9960,10.52046
9981,10.54626
10002,10.60725
10023,10.39145
10044,10.3891
10065,10.27181
10086,10.27181
10107,10.21083
10128,10.10292
10149,10.00675
10170,9.891806
10191,10.02786
10212,10.20379
10233,9.98798
10254,9.769828
10275,9.978598
10296,9.765137
10317,9.786248
10338,9.938721
10359,9.744025
10380,9.58217
10401,9.800323
10422,9.654888
10443,9.575133
10464,9.514144
10485,9.448463
10506,9.539948
10527,9.448463
10548,9.474266
10569,9.476612
10590,9.420315
10611,9.300683
10632,9.40624
10653,9.504761
10674,9.403895
10695,9.455501
10716,9.333523
10737,9.523527
10758,9.509453
10779,9.392166
10800,9.410933
10821,9.420315
10842,9.497724
10863,9.48834
10884,9.504761
10905,9.570441
10926,9.446118
10947,9.481303
10968,9.476612
10989,9.410933
11010,9.502416
11031,9.493032
11052,9.432044
11073,9.462538
11094,9.450809
11115,9.443772
11136,9.455501
11157,9.478958
11178,9.481303
11199,9.551676
11220,9.537601
11241,9.51649
11262,9.474266
11283,9.450809
11304,9.525873
11325,9.521181
11346,9.497724
11367,9.434389
11388,9.537601
11409,9.464884
11430,9.50007
11451,9.51649
11472,9.432044
11493,9.453156
11514,9.497724
11536,9.401549
11557,9.450809
11578,9.481303
11599,9.387475
11620,9.434389
11641,9.422661
11662,9.368709
11683,9.352288
11704,9.420315
11725,9.349943
11746,9.335869
11767,9.30772
11788,9.270188
11809,9.223273
11830,9.178705
11851,9.251423
11872,9.303029
11893,9.324141
11914,9.342906
11935,9.260805
11956,9.335869
11977,9.253768
11998,9.251423
12019,9.324141
12040,9.244386
12061,9.277225
12082,9.366363
12103,9.284263
12124,9.35698
12145,9.206854
12166,9.225619
12187,9.460192
12208,9.432044
12229,9.295992
12250,9.371055
12271,9.410933
12292,9.333523
12313,9.396858
12334,9.380438
12355,9.385129
12376,9.441426
12397,9.563404
12418,9.448463
12439,9.493032
12460,9.448463
12481,9.427352
12502,9.59859
12523,9.600936
12544,9.58217
12565,9.563404
12586,9.575133
12607,9.563404
12628,9.58217
12649,9.593899
12670,9.633776
12691,9.605627
12712,9.659579
12733,9.755754
12754,9.725259
12775,9.866002
12796,9.79094
12817,9.912917
12838,9.889461
12859,10.03255
12880,10.03489
12901,10.17329
12922,10.17095
12943,10.15218
12964,10.17329
12985,10.17798
13006,10.26712
13027,10.36564
13048,10.37268
13069,10.44305
13090,10.39614
13111,10.42194
13132,10.50169
13153,10.46416
13174,10.50169
13195,10.5275
13216,10.48528
13237,10.54626
13258,10.50639
13279,10.62367
13300,10.5275
13321,10.62367
13342,10.63071
13363,10.55799
13384,10.61429
13405,10.6354
13426,10.52281
13447,10.48293
13468,10.51811
13489,10.53688
13510,10.54157
13531,10.46651
13552,10.52046
13573,10.52984
13594,10.48997
13615,10.48293
13636,10.42898
13657,10.45478
13678,10.40552
13699,10.44774
13720,10.45244
13741,10.54861
13762,10.55799
13783,10.38675
13804,10.40317
13825,10.42194
13846,10.49466
13867,10.45478
13888,10.4712
13909,10.46885
13930,10.37972
13951,10.31404
13972,10.34922
13993,10.31638
14014,10.3328
14035,10.29762
14056,10.2765
14077,10.33984
14098,10.37972
14119,10.35626
14140,10.29996
14161,10.26478
14182,10.22255
14203,10.10996
14225,10.18268
14246,10.15687
14267,10.19675
14288,10.10761
14309,10.20379
14330,10.13107
14351,10.14749
14372,10.18737
14393,10.18737
14414,10.11465
14435,10.21083
14456,10.20848
14477,10.15922
14498,10.16391
14519,10.21552
14540,10.14514
14561,10.20613
14582,10.26243
14603,10.22959
14624,10.17798
14645,10.13811
14666,10.13576
14687,10.10058
14708,10.05366
14729,10.07008
14750,10.06539
14771,10.08885
14792,10.05601
14813,10.0302
14834,10.04662
14855,9.934029
14876,9.992672
14897,9.934029
14918,9.823779
14939,9.783903
14960,9.739333
14981,9.753407
15002,9.718222
15023,9.826125
15044,9.732296
15065,9.659579
15086,9.741679
15107,9.729951
15128,9.610318
15149,9.7581
15170,9.661925
15191,9.607973
15212,9.577478
15233,9.572787
15254,9.528218
15275,9.521181
15296,9.58217
15317,9.589207
15338,9.493032
15359,9.464884
15380,9.558713
15401,9.476612
15422,9.523527
15443,9.399203
15464,9.493032
15485,9.485995
15506,9.525873
15527,9.467229
15548,9.392166
15569,9.321795
15590,9.38982
15611,9.387475
15632,9.425007
15653,9.481303
15674,9.436735
15695,9.380438
15716,9.396858
15737,9.279572
15758,9.213891
15779,9.321795
15800,9.310066
15821,9.295992
15842,9.237348
15863,9.286609
15884,9.246731
15905,9.300683
15926,9.251423
15947,9.312411
15968,9.253768
15989,9.300683
16010,9.328832
16031,9.284263
16052,9.225619
16073,9.265497
16094,9.288955
16115,9.220928
16136,9.249077
16157,9.277225
16178,9.232656
16199,9.251423
16220,9.251423
16241,9.305374
16262,9.324141
16283,9.347597
16304,9.347597
16325,9.497724
16346,9.471921
16367,9.244386
16388,9.349943
16409,9.361671
16430,9.317103
16451,9.333523
16472,9.303029
16493,9.378092
16514,9.380438
16535,9.485995
16556,9.232656
16577,9.342906
16598,9.314757
16619,9.30772
16640,9.366363
16661,9.387475
16682,9.35698
16703,9.347597
16724,9.509453
16745,9.396858
16766,9.399203
16787,9.439081
16808,9.586862
16829,9.483649
16850,9.51649
16871,9.58217
16892,9.544639
16913,9.605627
16934,9.697111
16955,9.739333
16976,9.678345
16997,9.694765
17018,9.751062
17039,9.610318
17060,9.844892
17081,9.704147
17102,9.826125
17123,9.77452
17144,9.802669
17165,9.769828
17186,9.800323
17207,9.861312
17228,9.842546
17249,9.85662
17270,9.950449
17291,10.02082
17312,9.990326
17333,10.0302
17354,9.950449
17375,10.06773
17396,10.117
17417,10.24132
17438,10.24132
17459,10.28823
17480,10.2765
17501,10.24366
17522,10.35157
17543,10.40317
17564,10.44071
17585,10.54861
17606,10.51577
17627,10.54157
17648,10.49231
17669,10.54626
17690,10.54157
17711,10.56034
17732,10.58145
17753,10.80195
17774,10.86294
17795,10.78084
17816,10.7738
17837,10.72454
17858,10.81837
17879,10.79726
17900,10.80899
17921,10.95207
17942,10.83479
17963,10.89812
17984,10.79022
18005,10.94973
18026,10.89343
18047,10.86528
18068,10.90985
18089,10.82071
18110,10.74331
18131,10.82541
18152,10.80195
18173,10.84417
18194,10.77145
18215,10.71516
18236,10.74331
18257,10.65886
18278,10.62367
18299,10.69639
18320,10.56738
18341,10.56972
18362,10.52515
18383,10.41959
18404,10.43367
18425,10.45478
18446,10.32576
18467,10.3891
18488,10.35861
18509,10.21317
18530,10.25539
18551,10.35157
18572,10.29292
18593,10.23663
18614,10.22021
18635,10.23663
18656,10.09588
18677,10.1428
18698,10.12872
18719,10.17095
18740,10.18737
18761,10.04662
18782,10.0302
18803,9.962177
18824,9.950449
18845,9.889461
18866,9.87304
18887,9.908226
18908,9.786248
18929,9.844892
18950,9.640813
18971,9.629085
18992,9.56575
19013,9.678345
19034,9.476612
19055,9.610318
19076,9.607973
19097,9.577478
19118,9.56575
19139,9.448463
19160,9.59859
19181,9.563404
19202,9.507107
19223,9.455501
19244,9.504761
19265,9.568096
19286,9.476612
19307,9.495378
19328,9.462538
19349,9.410933
19370,9.457847
19391,9.429698
19412,9.455501
19433,9.429698
19454,9.331178
19475,9.410933
19496,9.364017
19517,9.436735
19538,9.328832
19559,9.279572
19581,9.429698
19603,9.256114
19624,9.30772
19645,9.284263
19666,9.232656
19687,9.35698
19708,9.152903
19729,9.223273
19750,9.19278
19771,9.19278
19792,9.246731
19813,9.220928
19834,9.152903
19855,9.052036
19876,9.120062
19897,9.117716
19918,9.056727
19939,9.073148
19960,8.998084
19981,8.925366
20002,8.988701
20023,8.859686
20044,8.944133
20065,8.8245
20086,8.803389
20107,8.784623
20128,8.883143
20149,8.805735
20170,8.890181
20191,8.735363
20212,8.995738
20233,8.960552
20254,8.913638
20275,8.948824
20296,8.883143
20317,8.838574
20338,9.047344
20359,8.805735
20380,8.995738
20401,9.148211
20422,9.298337
20443,9.162285
20464,9.253768
20485,9.25846
20506,9.394512
20527,9.422661
20548,9.509453
20569,9.645505
20590,9.671308
20611,9.74637
20632,9.797977
20653,9.753407
20674,9.877731
20695,9.788594
20716,9.868348
20737,9.802669
20758,9.955141
20779,10.14514
20800,10.10996
20821,9.969215
20842,9.962177
20863,9.98798
20884,10.05366
20905,10.1428
20926,10.13342
20947,10.07712
20968,10.07946
20989,10.05835
21010,10.10292
21031,10.24366
21052,10.22021
21073,10.13576
21094,10.14749
21115,10.13107
21136,10.20613
21157,10.307
21178,10.22255
21199,10.24366
21220,10.37033
21241,10.43601
21262,10.43132
21283,10.62367
21304,10.67762
21325,10.60022
21346,10.58145
21367,10.65651
21388,10.64244
21409,10.74331
21430,10.78553
21451,10.82541
21472,10.82541
21493,10.78084
21514,10.748
21535,10.67059
21556,10.77145
21577,10.72923
21598,10.7175
21619,10.65182
21640,10.62367
21661,10.6917
21682,10.75972
21703,10.72454
21724,10.71985
21745,10.73392
21766,10.6659
21787,10.7175
21808,10.7996
21829,10.69874
21850,10.62836
21871,10.62602
21892,10.68466
21913,10.76911
21934,10.77614
21955,10.66824
21976,10.63071
21997,10.59318
22018,10.57441
22039,10.58145
22060,10.61194
22081,10.60256
22102,10.45947
22123,10.43601
22144,10.3328
22165,10.37033
22186,10.31638
22207,10.32576
22228,10.22725
22249,10.1991
22270,10.03959
22291,10.12403
22312,10.07477
22333,10.12872
22354,10.0607
22375,10.03959
22396,10.0607
22417,10.06773
22438,10.0302
22459,9.999709
22480,10.08181
22501,9.969215
22522,9.926992
22543,9.882422
22564,9.844892
22585,9.87304
22606,9.98329
22627,9.80736
22648,9.692419
22669,9.678345
22690,9.600936
22711,9.504761
22732,9.485995
22753,9.485995
22774,9.373401
22795,9.359325
22816,9.385129
22837,9.361671
22858,9.232656
22879,9.331178
22900,9.263151
22921,9.213891
22942,9.249077
22963,9.218582
22984,9.155248
23005,9.070802
23026,9.148211
23047,9.066111
23068,9.101295
23089,8.969935
23110,8.946478
23131,8.981664
23152,8.911292
23173,8.908947
23194,8.948824
23215,8.873761
23236,8.885489
23257,8.927712
23278,8.859686
23299,8.822155
23320,8.859686
23341,8.899564
23362,8.878452
23383,8.850304
23404,8.8245
23425,8.864378
23446,8.803389
23467,8.810426
23488,8.887836
23509,8.847958
23530,8.754128
23551,8.798697
23572,8.906601
23593,8.864378
23614,8.733017
23635,8.84092
23656,8.829192
23677,8.754128
23698,8.857341
23719,8.923021
23740,8.871415
23761,8.854995
23782,8.876106
23803,8.815118
23824,8.925366
23845,8.981664
23866,8.850304
23887,9.030925
23908,9.012158
23929,9.009813
23950,9.009813
23971,9.059073
23992,9.091913
24013,9.03327
24034,9.056727
24055,9.138828
24076,9.267843
24097,9.295992
24118,9.281918
24139,9.314757
24160,9.401549
24181,9.568096
24202,9.59859
24223,9.605627
24244,9.678345
24265,9.809706
24286,9.842546
24307,9.903535
24328,9.915263
24349,9.98329
24370,10.05835
24391,10.07243
24412,9.990326
24433,10.05366
24454,10.11465
24475,10.10996
24496,10.17798
24517,10.28823
24538,10.21317
24559,10.28354
24580,10.44071
24601,10.43836
24622,10.46182
24643,10.4454
24664,10.39614
24685,10.53453
24706,10.60256
24727,10.62602
24748,10.61429
24769,10.72454
24790,10.71985
24811,10.65417
24832,10.6096
24853,10.60725
24874,10.64713
24895,10.62602
24916,10.62367
24937,10.6096
24958,10.58614
24979,10.56972
25000,10.63071
25021,10.68466
25042,10.80195
25063,10.59083
25084,10.73627
25105,10.67293
25126,10.74331
25147,10.72454
25168,10.73627
25189,10.75269
25210,10.65182
25231,10.6659
25252,10.60022
25273,10.67293
25294,10.7175
25315,10.66355
25336,10.65417
25357,10.69874
25378,10.65182
25399,10.52281
25420,10.57441
25441,10.61429
25462,10.51811
25483,10.50873
25504,10.44305
25525,10.3328
25546,10.22959
25567,10.2507
25588,10.26243
25609,10.09119
25630,10.08181
25651,9.980944
25672,10.00675
25693,9.969215
25714,9.884768
25735,9.880077
25756,9.861312
25777,9.959831
25798,9.809706
25819,9.814397
25840,10.00675
25861,9.783903
25882,9.835509
25903,9.866002
25924,9.781557
25945,9.767483
25966,9.58217
25987,9.636122
26008,9.704147
26029,9.678345
26050,9.610318
26071,9.680691
26092,9.556367
26113,9.694765
26134,9.605627
26155,9.511798
26176,9.38982
26197,9.403895
26218,9.392166
26239,9.265497
26260,9.342906
26281,9.392166
26302,9.403895
26323,9.317103
26344,9.281918
26365,9.281918
26386,9.288955
26407,9.434389
26428,9.326486
26449,9.364017
26470,9.382783
26491,9.305374
26512,9.331178
26533,9.265497
26554,9.35698
26575,9.354634
26596,9.443772
26617,9.403895
26638,9.352288
26659,9.403895
26680,9.380438
26701,9.373401
26722,9.539948
26743,9.474266
26764,9.490686
26785,9.50007
26806,9.561059
26827,9.561059
26848,9.528218
26869,9.53291
26890,9.544639
26911,9.556367
26932,9.51649
26953,9.495378
26974,9.568096
26995,9.476612
27016,9.427352
27037,9.48834
27058,9.457847
27079,9.51649
27100,9.56575
27121,9.490686
27142,9.455501
27163,9.425007
27184,9.410933
27205,9.50007
27226,9.448463
27247,9.338214
27268,9.295992
27289,9.249077
27310,9.188088
27331,9.148211
27352,9.01685
27373,9.070802
27394,9.019196
27415,9.021542
27436,9.063765
27457,9.028579
27478,9.044999
27499,8.890181
27520,8.930058
27541,8.979319
27562,8.98401
27583,8.965244
27604,9.091913
27625,8.972281
27646,9.002776
27667,9.061419
27688,8.958207
27709,8.998084
27730,9.037962
27751,9.047344
27772,9.068456
27793,9.110679
27814,9.171668
27835,9.174014
27856,9.15994
27877,9.190434
27898,9.127099
27919,9.225619
27940,9.25846
27961,9.188088
27982,9.216236
28003,9.178705
28024,9.195126
28045,9.19278
28066,9.225619
28087,9.279572
28108,9.338214
28129,9.267843
28150,9.279572
28171,9.324141
28192,9.293646
28213,9.514144
28234,9.610318
28255,9.605627
28276,9.603281
28297,9.706493
28318,9.671308
28339,9.715877
28360,9.917608
28381,9.98329
28402,10.0607
28423,9.945757
28444,10.08416
28465,10.13107
28486,10.10996
28507,10.21083
28528,10.27885
28549,10.23663
28570,10.26712
28591,10.18502
28612,10.25305
28633,10.2507
28654,10.25774
28675,10.09588
28696,10.19675
28717,10.23194
28738,10.24601
28759,10.21317
28780,10.16626
28801,10.19206
28822,10.09588
28843,10.07712
28864,10.21083
28885,10.117
28906,10.03959
28927,9.992672
28948,10.02786
28969,10.05835
28990,10.06539
29011,9.985635
29032,9.926992
29053,9.985635
29074,9.98798
29095,10.00206
29116,10.0044
29137,9.990326
29158,10.0044
29179,9.98329
29200,10.06305
29221,10.06539
29242,10.15453
29263,10.08181
29284,10.10292
29305,10.09823
29326,10.03489
29347,10.10292
29368,10.00909
29389,10.10996
29410,10.1686
29431,10.20613
29452,10.24601
29473,10.32576
29494,10.33984
29515,10.44305
29536,10.39614
29557,10.35391
29578,10.33046
29599,10.4149
29620,10.38206
29641,10.31873
29662,10.33046
29683,10.30465
29704,10.23428
29725,10.31638
29746,10.29292
29767,10.30935
29788,10.28354
29809,10.21083
29830,10.24366
29851,10.28354
29872,10.27181
29893,10.39379
29914,10.1991
29935,10.46416
29956,10.4454
29977,10.31873
29998,10.39848
30019,10.42898
30040,10.38441
30061,10.45478
30082,10.51108
30103,10.51577
30124,10.53219
30145,10.59318
30166,10.4454
30187,10.45478
30208,10.41959
30229,10.51342
30250,10.38206
30271,10.41256
30292,10.29996
30313,10.36095
30335,10.3633
30358,10.37503
30379,10.16391
30400,10.14984
30421,10.14984
30442,9.950449
30463,9.80736
30484,9.90588
30505,9.704147
30526,9.74637
30547,9.7581
30568,9.725259
30589,9.530564
30610,9.64785
30631,9.467229
30652,9.40624
30673,9.373401
30694,9.441426
30715,9.561059
30736,9.495378
30757,9.493032
30778,9.439081
30799,9.708839
30820,9.732296
30841,9.490686
30862,9.441426
30883,9.467229
30904,9.600936
30925,9.535255
30946,9.413278
30967,9.511798
30988,9.530564
31009,9.328832
31030,9.284263
31051,9.497724
31072,9.413278
31093,9.385129
31114,9.354634
31135,9.364017
31156,9.300683
31178,9.380438
31199,9.281918
31220,9.300683
31241,9.293646
31262,9.166977
31283,9.08253
31304,9.080185
31325,9.122408
31346,8.946478
31367,9.007467
31388,9.030925
31409,8.98401
31430,8.90191
31451,8.857341
31472,8.84092
31493,8.878452
31514,8.918329
31535,8.857341
31556,8.904256
31577,8.920675
31598,8.965244
31619,8.885489
31640,8.958207
31661,8.911292
31682,8.946478
31703,8.859686
31724,8.873761
31745,8.986356
31766,9.127099
31787,9.075493
31808,9.087222
31829,9.150557
31850,9.113025
31871,9.190434
31892,9.288955
31913,9.211545
31934,9.120062
31955,9.195126
31976,9.216236
31997,9.113025
32018,9.054381
32039,9.25846
32060,9.225619
32081,9.166977
32102,9.105988
32123,9.267843
32144,9.347597
32165,9.2913
32186,9.342906
32207,9.364017
32228,9.396858
32249,9.561059
32270,9.624393
32291,9.638468
32312,9.687728
32333,9.74637
32354,9.701802
32375,9.708839
32396,9.884768
32417,9.861312
32438,9.908226
32459,9.969215
32480,10.0302
32501,9.945757
32522,10.0302
32543,10.04662
32564,10.05601
32585,9.964523
32606,9.985635
32627,9.985635
32648,9.948103
32669,9.945757
32690,9.844892
32711,9.772174
32732,9.877731
32753,9.957487
32774,9.912917
32795,9.87304
32816,9.98798
32837,9.90588
32858,9.926992
32879,10.02082
32900,9.995018
32921,9.90588
32942,9.898843
32963,9.964523
32984,10.04897
33005,10.13811
33026,10.18033
33047,10.16391
33068,10.10292
33089,10.09119
33110,10.21552
33131,10.22725
33152,10.31169
33173,10.29527
33194,10.35626
33215,10.47355
33236,10.56268
33257,10.54157
33278,10.51342
33299,10.5275
33320,10.67293
33341,10.62602
33362,10.80195
33383,10.79022
33404,10.80899
33425,10.73158
33446,10.85824
33467,10.88405
33488,10.94035
33509,10.95207
33530,10.93331
33551,10.83948
33572,10.88874
33593,10.86763
33614,10.81837
33635,10.76207
33656,10.748
33677,10.75034
33698,10.82306
33719,10.66121
33740,10.73392
33761,10.60022
33782,10.54392
33803,10.4712
33824,10.44071
33845,10.37503
33866,10.31638
33887,10.2765
33908,10.28354
33929,10.25774
33950,10.29292
33971,10.26478
33992,10.20848
34013,10.15218
34034,10.24601
34055,10.21786
34076,10.26243
34097,10.30231
34118,10.27181
34139,10.32811
34160,10.32576
34181,10.16391
34202,10.13576
34223,10.18268
34244,10.17564
34265,10.14045
34286,10.10996
34307,10.10761
34328,9.912917
34349,9.863657
34370,9.973906
34391,9.999709
34412,9.861312
34433,9.748716
34454,9.828471
34475,9.685382
34496,9.607973
34517,9.636122
34538,9.511798
34559,9.579824
34580,9.530564
34601,9.509453
34622,9.535255
34643,9.467229
34664,9.483649
34685,9.349943
34706,9.460192
34727,9.467229
34748,9.58217
34769,9.364017
34790,9.464884
34811,9.361671
34832,9.432044
34853,9.272534
34874,9.345251
34895,9.396858
34916,9.48834
34937,9.305374
34958,9.462538
34979,9.368709
35000,9.385129
35021,9.403895
35042,9.364017
35063,9.354634
35084,9.408587
35105,9.427352
35126,9.382783
35147,9.345251
35168,9.366363
35189,9.310066
35210,9.272534
35231,9.284263
35252,9.321795
35273,9.178705
35294,9.23031
35315,9.267843
35336,9.23031
35357,9.25846
35378,9.251423
35399,9.220928
35420,9.199817
35441,9.105988
35462,9.087222
35483,9.115371
35504,9.171668
35525,9.042653
35546,9.009813
35567,8.995738
35588,9.073148
35609,9.037962
35630,9.026234
35651,9.030925
35672,8.986356
35693,9.080185
35714,9.047344
35735,9.00043
35756,9.080185
35777,9.08253
35798,8.927712
35819,8.986356
35840,9.080185
35861,9.094258
35882,9.181051
35903,9.108333
35924,9.091913
35945,9.169322
35966,9.227965
35987,9.380438
36008,9.436735
36029,9.197471
36050,9.314757
36071,9.314757
36092,9.436735
36113,9.579824
36134,9.657233
36155,9.619701
36176,9.671308
36197,9.718222
36218,9.711185
36239,9.819089
36260,9.814397
36281,9.795631
36302,9.795631
36323,9.809706
36344,9.835509
36365,9.828471
36386,9.908226
36407,9.938721
36428,9.912917
36449,10.02551
36470,10.02551
36491,10.01378
36512,10.01378
36533,9.997364
36554,10.01144
36575,10.12403
36596,10.1428
36617,10.13342
36638,10.16626
36659,10.26712
36680,10.19675
36701,10.14045
36722,10.30935
36743,10.19206
36764,10.25305
36785,10.26008
36806,10.21552
36827,10.18502
36848,10.22021
36869,10.19441
36890,10.26008
36911,10.2812
36932,10.38441
36953,10.40552
36974,10.37268
36995,10.37268
37016,10.307
37037,10.33515
37058,10.25539
37079,10.34219
37100,10.29527
37121,10.34688
37142,10.41725
37163,10.43836
37184,10.32811
37205,10.32342
37226,10.41725
37247,10.33984
37268,10.33749
37289,10.29058
37310,10.2249
37331,10.31638
37352,10.26008
37373,10.33046
37394,10.44071
37415,10.49231
37436,10.50404
37457,10.42194
37478,10.39614
37499,10.47355
37520,10.50404
37541,10.57441
37562,10.46885
37583,10.50873
37604,10.46651
37625,10.50404
37646,10.58849
37667,10.51342
37688,10.56972
37709,10.53453
37730,10.53219
37751,10.51577
37772,10.58614
37793,10.497
37814,10.37972
37835,10.38206
37856,10.32107
37877,10.40317
37898,10.52046
37919,10.50639
37940,10.45009
37961,10.47824
37982,10.47824
38003,10.33984
38024,10.27181
38045,10.22255
38066,10.36095
38087,10.50639
38108,10.47589
38129,10.4712
38150,10.40552
38171,10.4454
38192,10.32811
38213,10.42429
38234,10.32811
38255,10.32811
38276,10.38441
38297,10.15687
38318,10.20379
38339,10.13811
38360,10.02317
38381,9.98798
38402,10.25305
38423,10.05835
38444,10.01613
38465,9.938721
38486,10.0607
38507,9.959831
38528,10.07243
38549,9.666616
38570,9.645505
38591,9.666616
38612,9.432044
38633,9.446118
38654,9.575133
38675,9.50007
38696,9.354634
38717,9.467229
38738,9.415624
38759,9.392166
38780,9.34056
38801,9.30772
38822,9.202163
38843,9.263151
38864,9.331178
38885,9.300683
38906,9.345251
38927,9.284263
38948,9.279572
38969,9.197471
38990,9.197471
39011,9.303029
39032,9.232656
39053,9.220928
39074,9.324141
39095,9.333523
39116,9.204508
39137,9.270188
39158,9.246731
39179,9.251423
39200,9.265497
39221,9.333523
39242,9.251423
39263,9.171668
39284,9.223273
39305,9.364017
39326,9.335869
39347,9.244386
39368,9.220928
39389,9.249077
39410,9.27488
39431,9.199817
39452,9.190434
39473,9.263151
39494,9.23031
39515,9.157594
39536,9.171668
39557,9.176359
39578,9.2913
39599,9.188088
39620,9.178705
39641,9.075493
39662,9.077839
39683,9.211545
39704,9.09895
39725,9.063765
39746,9.054381
39767,9.141173
39788,9.178705
39809,9.101295
39830,8.995738
39851,9.101295
39872,9.115371
39893,9.145865
39914,9.188088
39935,9.143519
39956,9.190434
39977,9.256114
39998,9.220928
40019,9.368709
40040,9.514144
40061,9.305374
40082,9.354634
40103,9.288955
40124,9.450809
40145,9.537601
40166,9.650196
40187,9.687728
40208,9.751062
40229,9.772174
40250,9.718222
40271,9.783903
40292,9.9223
40313,9.90588
40334,9.788594
40355,9.952795
40376,10.04662
40397,9.919954
40418,9.844892
40439,9.924646
40460,9.898843
40481,10.01144
40502,9.821435
40523,9.964523
40544,9.894152
40565,9.833163
40586,9.828471
40607,9.868348
40628,9.908226
40649,9.966869
40670,10.0302
40691,9.980944
40712,10.02551
40733,9.912917
40754,10.08885
40775,10.05366
40796,10.00675
40817,10.05132
40838,10.12638
40859,10.05132
40880,10.05366
40901,10.0044
40922,10.18033
40943,10.04662
40964,10.18737
40985,10.15687
41006,10.16156
41027,10.25539
41048,10.34219
41069,10.30465
41090,10.23897
41111,10.24601
41132,10.26243
41153,10.15218
41174,10.29996
41195,10.23897
41216,10.3328
41237,10.35391
41258,10.26243
41279,10.22725
41300,10.25305
41321,10.25774
41342,10.20379
41363,10.2507
41384,10.27885
41405,10.32107
41426,10.28589
41447,10.23663
41468,10.26008
41489,10.25539
41510,10.32342
41531,10.33984
41552,10.32811
41573,10.26712
41594,10.33984
41615,10.42898
41636,10.37033
41657,10.37033
41678,10.34219
41699,10.307
41720,10.44305
41741,10.48997
41762,10.49231
41783,10.43836
41804,10.43367
41825,10.48528
41846,10.4149
41867,10.35157
41888,10.43132
41909,10.35626
41930,10.34453
41951,10.34688
41972,10.31873
41993,10.35157
42014,10.29762
42035,10.27416
42056,10.26008
42077,10.27416
42098,10.26947
42119,10.15218
42140,10.13576
42161,10.25774
42182,10.20379
42203,10.1686
42224,10.14045
42245,10.09354
42266,10.0607
42287,10.1428
42308,10.18737
42329,10.12872
42350,10.17095
42371,10.18033
42392,10.2507
42413,10.22255
42434,10.18033
42455,10.19206
42476,10.21083
42497,10.23428
42518,10.2507
42539,10.1991
42560,10.21083
42581,10.31169
42602,10.16156
42623,10.15687
42644,10.09588
42665,10.16391
42686,10.14514
42707,10.03959
42728,10.06539
42749,9.976252
42770,10.01848
42791,10.00909
42812,9.889461
42833,9.990326
42854,9.919954
42875,9.849584
42896,9.809706
42917,9.929338
42938,9.929338
42959,9.823779
42980,9.797977
43001,9.666616
43022,9.687728
43043,9.697111
43064,9.842546
43085,9.736988
43106,9.706493
43127,9.59859
43148,9.687728
43169,9.769828
43190,9.713531
43211,9.751062
43232,9.699456
43253,9.605627
43274,9.687728
43295,9.579824
43316,9.544639
43337,9.561059
43358,9.544639
43379,9.546985
43400,9.48834
43421,9.579824
43442,9.490686
43463,9.446118
43484,9.561059
43505,9.478958
43526,9.511798
43547,9.387475
43568,9.467229
43589,9.439081
43610,9.502416
43631,9.450809
43652,9.396858
43673,9.387475
43694,9.448463
43715,9.368709
43736,9.441426
43757,9.436735
43778,9.279572
43799,9.352288
43820,9.410933
43841,9.328832
43862,9.38982
43883,9.518835
43904,9.448463
43925,9.476612
43946,9.493032
43967,9.349943
43988,9.305374
44009,9.319448
44030,9.373401
44051,9.352288
44072,9.359325
44093,9.281918
44114,9.195126
44135,9.263151
44156,9.25846
44177,9.298337
44198,9.23031
44219,9.286609
44240,9.38982
44261,9.286609
44282,9.225619
44303,9.220928
44324,9.155248
44345,9.155248
44366,9.211545
44387,9.2913
44408,9.251423
44429,9.188088
44450,9.211545
44471,9.223273
44492,9.223273
44513,9.145865
44534,9.178705
44555,9.342906
44576,9.335869
44597,9.352288
44618,9.305374
44639,9.185742
44660,9.359325
44681,9.563404
44702,9.523527
44723,9.464884
44744,9.607973
44765,9.685382
44786,9.699456
44807,9.765137
44828,9.741679
44849,9.727605
44870,9.901189
44891,9.863657
44912,9.943413
44933,9.941067
44954,9.910572
44975,10.02317
44996,10.09823
45017,10.00909
45038,10.00909
45059,9.976252
45080,9.924646
45101,9.915263
45122,9.948103
45143,9.866002
45164,9.840199
45185,9.854274
45206,9.826125
45227,9.61501
45248,9.645505
45269,9.631431
45290,9.600936
45311,9.645505
45332,9.56575
45353,9.600936
45374,9.666616
45395,9.502416
45416,9.650196
45437,9.514144
45458,9.511798
45479,9.652542
45500,9.612664
45521,9.558713
45542,9.636122
45563,9.706493
45584,9.704147
45605,9.762791
45626,9.788594
45647,9.868348
45668,9.896498
45689,9.912917
45710,9.910572
45731,9.938721
45752,10.00206
45773,10.08885
45794,10.18033
45815,10.13342
45836,10.25774
45857,10.27181
45878,10.39379
45899,10.31638
45920,10.48058
45941,10.53688
45962,10.60022
45983,10.58145
46004,10.75738
46025,10.6917
46046,10.89109
46067,10.89109
46088,10.93565
46109,10.96849
46130,10.90751
46151,10.96146
46172,10.94973
46193,10.95442
46214,10.88874
46235,10.90281
46256,10.86059
46277,10.93096
46298,10.89812
46319,10.88405
46340,10.88874
46361,10.85824
46382,10.80899
46403,10.79491
46424,10.83479
46445,10.938
46466,10.87701
46487,10.76911
46508,10.75972
46529,10.71985
46550,10.67059
46571,10.75503
46592,10.65182
46613,10.6096
46634,10.59083
46655,10.54157
46676,10.61898
46697,10.62367
46718,10.55096
46739,10.47824
46760,10.40552
46781,10.40083
46802,10.42194
46823,10.37503
46844,10.2507
46865,10.3328
46886,10.35861
46907,10.32107
46928,10.25539
46949,10.12169
46970,10.01848
46991,10.19441
47012,10.16626
47033,10.0607
47054,10.18971
47075,9.870694
47096,10.01613
47117,10.11934
47138,9.955141
47159,9.950449
47180,10.08885
47201,9.964523
47222,9.779211
47243,9.720568
47264,9.713531
47285,9.661925
47306,9.589207
47327,9.572787
47348,9.610318
47369,9.432044
47390,9.378092
47411,9.387475
47432,9.392166
47453,9.432044
47474,9.321795
47495,9.401549
47516,9.415624
47537,9.328832
47558,9.303029
47579,9.279572
47600,9.263151
47621,9.183396
47642,9.2913
47663,9.408587
47684,9.312411
47705,9.202163
47726,9.206854
47747,9.25846
47768,9.213891
47789,9.272534
47810,9.103642
47831,9.141173
47852,9.150557
47873,9.166977
47894,9.24204
47915,9.218582
47936,9.124753
47957,9.169322
47978,9.239694
47999,9.204508
48020,9.084876
48041,9.028579
48062,9.117716
48083,9.239694
48104,9.174014
48125,9.075493
48146,9.124753
48167,9.115371
48188,9.138828
48209,9.235003
48230,9.117716
48251,9.01685
48272,9.059073
48293,9.152903
48314,9.23031
48335,9.176359
48356,9.171668
48377,9.183396
48398,9.303029
48419,9.41797
48440,9.235003
48461,9.246731
48482,9.237348
48503,9.27488
48524,9.300683
48545,9.286609
48566,9.256114
48587,9.361671
48608,9.155248
48629,9.070802
48650,9.176359
48671,9.281918
48692,9.263151
48713,9.150557
48734,9.164631
48755,9.267843
48776,9.359325
48797,9.300683
48818,9.385129
48839,9.457847
48860,9.448463
48881,9.537601
48902,9.528218
48923,9.551676
48944,9.605627
48965,9.652542
48986,9.626739
49007,9.636122
49028,9.671308
49049,9.666616
49070,9.692419
49091,9.739333
49112,9.612664
49133,9.591553
49154,9.645505
49175,9.704147
49196,9.671308
49217,9.633776
49238,9.708839
49259,9.579824
49280,9.650196
49301,9.66427
49322,9.760445
49343,9.744025
49364,9.851928
49385,9.79094
49406,9.788594
49427,9.80736
49448,9.870694
49469,10.04193
49490,10.13107
49511,10.04897
49532,10.10292
49553,10.10996
49574,10.2249
49595,10.20613
49616,10.30465
49637,10.29058
49658,10.28589
49679,10.46651
49700,10.50639
49721,10.50169
49742,10.58614
49763,10.497
49784,10.497
49805,10.58614
49826,10.56268
49847,10.60491
49868,10.67528
49889,10.65417
49910,10.77145
49931,10.74096
49952,10.68935
49973,10.58849
49994,10.52515
50015,10.70343
50036,10.73627
50057,10.86997
50078,10.72688
50099,10.73861
50120,10.76911
50141,10.69639
50162,10.68935
50183,10.64009
50204,10.61429
50225,10.59083
50246,10.45947
50267,10.48997
50288,10.39848
50309,10.41021
50330,10.48997
50351,10.45713
50372,10.52515
50393,10.42429
50414,10.56268
50435,10.39614
50456,10.37737
50477,10.35391
50498,10.33984
50519,10.41725
50540,10.57207
50561,10.41021
50582,10.31873
50603,10.41021
50624,10.50404
50645,10.54157
50666,10.51577
50687,10.45009
50708,10.39614
50729,10.32107
50750,10.34922
50771,10.42663
50792,10.33749
50813,10.39379
50834,10.37503
50855,10.38441
50876,10.1428
50897,10.24836
50918,10.18268
50939,10.04662
50960,10.23897
50981,10.11465
51002,9.957487
51023,9.800323
51044,9.79094
51065,9.80736
51086,9.657233
51107,9.544639
51128,9.497724
51149,9.51649
51170,9.439081
51191,9.354634
51212,9.514144
51233,9.502416
51254,9.392166
51275,9.41797
51296,9.455501
51317,9.312411
51338,9.223273
51359,9.295992
51380,9.382783
51401,9.310066
51422,9.171668
51443,9.178705
51464,9.185742
51485,9.04969
51506,9.312411
51527,9.227965
51548,9.539948
51569,9.310066
51590,9.220928
51611,9.225619
51632,9.237348
51653,9.24204
51674,9.211545
51695,9.270188
51716,9.347597
51737,9.324141
51758,9.293646
51779,9.211545
51800,9.225619
51821,9.202163
51845,9.235003
51870,9.166977
51891,9.272534
51912,9.223273
51933,9.220928
51954,9.174014
51975,9.080185
51996,9.040307
52017,9.075493
52038,9.110679
52059,9.138828
52080,9.185742
52101,9.190434
52122,9.061419
52143,9.117716
52164,9.13179
52185,9.056727
52206,9.09895
52227,9.181051
52248,9.171668
52269,9.25846
52290,9.166977
52311,9.138828
52332,9.122408
52353,9.216236
52374,9.361671
52395,9.326486
52416,9.295992
52437,9.213891
52458,9.2913
52479,9.30772
52500,9.178705
52521,9.220928
52542,9.403895
52563,9.373401
52584,9.457847
52605,9.441426
52626,9.354634
52647,9.244386
52668,9.429698
52689,9.338214
52710,9.232656
52731,9.295992
52752,9.420315
52773,9.382783
52794,9.293646
52815,9.368709
52836,9.387475
52857,9.382783
52878,9.474266
52899,9.579824
52920,9.56575
52941,9.523527
52962,9.692419
52983,9.734642
53004,9.79094
53025,9.668962
53046,9.673654
53067,9.830817
53088,9.711185
53109,9.760445
53130,9.755754
53151,9.736988
53172,9.753407
53193,9.720568
53214,9.59859
53235,9.793285
53256,9.797977
53277,9.819089
53298,9.814397
53319,9.819089
53340,9.755754
53361,9.755754
53382,9.875386
53403,9.870694
53424,9.971561
53445,10.10527
53466,10.08416
53487,10.10761
53509,10.1991
53530,10.19675
53551,10.19206
53572,10.29292
53593,10.24132
53614,10.32811
53635,10.37503
53656,10.37503
53677,10.3891
53698,10.47824
53719,10.38675
53740,10.49466
53761,10.48528
53782,10.67762
53803,10.65182
53824,10.68466
53845,10.66355
53866,10.72923
53887,10.70108
53908,10.80664
53929,10.88874
53950,10.91923
53971,10.87701
53992,10.96849
54013,10.85355
54034,10.86294
54055,10.91689
54076,11.00603
54097,10.95442
54118,10.93565
54139,11.0201
54160,11.03417
54181,11.00134
54202,10.98726
54223,10.88639
54244,10.92158
54265,10.85121
54286,10.79726
54307,10.76207
54328,10.72219
54349,10.48762
54370,10.45244
54391,10.45713
54412,10.27181
54433,10.42429
54454,10.37268
54475,10.34219
54496,10.30935
54517,10.22255
54538,10.10761
54559,10.18737
54580,10.08885
54601,10.1123
54622,10.12403
54643,10.05835
54664,9.964523
54685,10.25305
54706,10.00909
54727,9.959831
54748,9.919954
54769,9.861312
54790,9.910572
54811,9.772174
54832,9.685382
54853,9.701802
54874,9.694765
54895,9.485995
54916,9.518835
54937,9.652542
54958,9.464884
54979,9.441426
55000,9.518835
55021,9.434389
55042,9.474266
55063,9.729951
55084,9.434389
55105,9.260805
55126,9.352288
55147,9.19278
55168,9.185742
55189,9.2092
55210,9.09895
55231,9.2092
55252,9.176359
55273,9.24204
55294,9.145865
55315,9.023888
55336,9.19278
55357,9.199817
55378,9.070802
55399,9.141173
55420,9.176359
55441,9.171668
55462,9.014504
55483,9.108333
55504,9.073148
55525,9.105988
55546,9.105988
55567,9.054381
55588,9.080185
55609,9.00043
55630,8.93475
55651,9.044999
55672,9.059073
55693,9.073148
55714,9.070802
55735,9.054381
55756,9.220928
55777,9.052036
55798,9.052036
55819,9.073148
55840,9.056727
55861,9.014504
55882,9.089567
55903,9.087222
55924,8.953515
55945,8.897219
55966,8.826846
55987,8.674374
56008,8.751783
56029,8.629806
56050,8.625113
56071,8.779932
56092,8.749437
56113,8.775241
56134,8.777586
56155,8.728326
56176,8.772895
56197,8.876106
56218,8.93475
56239,9.028579
56260,9.01685
56281,9.244386
56302,9.129445
56323,9.13179
56344,9.218582
56365,9.246731
56386,9.310066
56407,9.368709
56428,9.352288
56449,9.453156
56470,9.507107
56491,9.478958
56512,9.51649
56533,9.640813
56554,9.570441
56575,9.528218
56596,9.697111
56617,9.722914
56638,9.530564
56659,9.645505
56680,9.704147
56701,9.593899
56722,9.563404
56743,9.589207
56764,9.79094
56785,9.584516
56806,9.732296
56827,9.842546
56848,9.748716
56869,9.999709
56890,9.9223
56911,9.992672
56932,9.912917
56953,10.00909
56974,10.08885
56995,10.13342
57016,10.14749
57037,10.23663
57058,10.27416
57079,10.46651
57100,10.51108
57121,10.61429
57142,10.5275
57163,10.56503
57184,10.71985
57205,10.76207
57226,10.72688
57247,11.02714
57268,10.94738
57289,10.89812
57310,10.97319
57331,10.9943
57352,11.10689
57373,11.2101
57394,11.20072
57415,11.2101
57436,11.17961
57457,11.16319
57478,11.19368
57499,11.19838
57520,11.17023
57541,11.04825
57562,10.95207
57583,11.05763
57604,10.95207
57625,10.99899
57646,10.98961
57667,10.89578
57688,10.79726
57709,10.79022
57730,10.82071
57751,10.78787
57772,10.67997
57793,10.75034
57814,10.66824
57835,10.59552
57856,10.57441
57877,10.6096
57898,10.56268
57919,10.53923
57940,10.6354
57961,10.53923
57982,10.58849
58003,10.56268
58024,10.45478
58045,10.40083
58066,10.45713
58087,10.37972
58108,10.3891
58129,10.43601
58150,10.23897
58171,10.13811
58192,10.18033
58213,10.03489
58234,9.976252
58255,10.01848
58276,9.805015
58297,9.919954
58318,9.802669
58339,9.657233
58360,9.385129
58381,9.687728
58402,9.563404
58423,9.380438
58444,9.40624
58465,9.371055
58486,9.361671
58507,9.373401
58528,9.345251
58549,9.399203
58570,9.256114
58591,9.211545
58612,9.295992
58633,9.263151
58654,9.40624
58675,9.317103
58696,9.265497
58717,9.23031
58738,9.298337
58759,9.359325
58780,9.249077
58801,9.321795
58822,9.260805
58843,9.2092
58864,9.352288
58885,9.237348
58906,9.251423
58927,9.300683
58948,9.246731
58969,9.227965
58990,9.328832
59011,9.373401
59032,9.345251
59053,9.392166
59074,9.434389
59095,9.432044
59116,9.335869
59137,9.364017
59158,9.317103
59179,9.338214
59200,9.450809
59221,9.335869
59242,9.331178
59263,9.371055
59284,9.279572
59305,9.272534
59326,9.239694
59347,9.312411
59368,9.338214
59389,9.265497
59410,9.237348
59431,9.263151
59452,9.218582
59473,9.195126
59494,9.176359
59515,9.171668
59536,9.251423
59557,9.263151
59578,9.199817
59599,9.220928
59620,9.171668
59641,9.288955
59662,9.223273
59683,9.176359
59704,9.24204
59725,9.326486
59746,9.277225
59767,9.197471
59788,9.281918
59809,9.251423
59830,9.239694
59851,9.232656
59872,9.232656
59893,9.317103
59914,9.342906
59935,9.15994
59956,9.15994
59977,9.162285
59998,9.134136
60019,9.218582
60040,9.235003
60061,9.30772
60082,9.244386
60103,9.244386
60124,9.281918
60145,9.413278
60166,9.523527
60187,9.396858
60208,9.481303
60229,9.603281
60250,9.668962
60271,9.654888
60292,9.638468
60313,9.661925
60334,9.626739
60355,9.739333
60376,9.812052
60397,9.826125
60418,9.812052
60439,9.802669
60460,9.835509
60481,9.697111
60502,9.840199
60523,9.837853
60544,9.823779
60565,9.760445
60586,9.973906
60607,9.894152
60628,9.926992
60649,9.917608
60670,9.950449
60691,10.0302
60712,9.973906
60733,9.948103
60754,10.05601
60775,10.13107
60796,10.11934
60817,10.02551
60838,10.21083
60859,10.22725
60880,10.307
60901,10.22021
60922,10.31169
60943,10.26947
60964,10.32576
60985,10.21552
61006,10.307
61027,10.40787
61048,10.45713
61069,10.43836
61090,10.48762
61111,10.59083
61132,10.47355
61153,10.50639
61174,10.53453
61195,10.52984
61216,10.64478
61237,10.72923
61258,10.69639
61279,10.62602
61300,10.5791
61321,10.5791
61342,10.6096
61363,10.67059
61384,10.58849
61405,10.54157
61426,10.67059
61447,10.65182
61468,10.748
61489,10.70108
61510,10.67762
61531,10.66824
61552,10.67997
61573,10.51811
61594,10.5533
61615,10.67997
61636,10.53688
61657,10.63071
61678,10.49935
61699,10.48058
61720,10.42194
61741,10.40787
61762,10.43836
61783,10.32107
61804,10.41021
61825,10.37033
61846,10.37972
61867,10.40083
61888,10.49231
61909,10.55565
61930,10.51577
61951,10.50639
61972,10.44071
61993,10.49935
62014,10.497
62035,10.55096
62056,10.497
62077,10.50404
62098,10.48293
62119,10.51108
62140,10.45713
62161,10.43836
62182,10.37033
62203,10.43836
62224,10.26712
62245,10.09354
62266,10.19441
62287,10.09588
62308,10.10292
62329,9.840199
62350,9.952795
62371,9.858966
62392,9.7581
62413,9.617355
62434,9.483649
62455,9.455501
62476,9.483649
62497,9.530564
62518,9.607973
62539,9.408587
62560,9.425007
62581,9.300683
62602,9.27488
62623,9.288955
62644,9.460192
62665,9.244386
62686,9.148211
62707,9.202163
62728,9.303029
62749,9.174014
62770,9.178705
62791,9.225619
62812,9.188088
62833,9.15994
62854,9.09895
62875,9.101295
62896,9.059073
62917,9.101295
62938,9.166977
62959,9.110679
62980,9.089567
63001,9.150557
63022,9.115371
63043,9.105988
63064,9.113025
63085,9.089567
63106,9.195126
63127,9.213891
63148,9.213891
63169,9.195126
63190,9.166977
63211,9.174014
63232,9.183396
63253,9.148211
63274,9.105988
63295,9.075493
63316,9.190434
63337,9.094258
63358,9.185742
63379,9.023888
63400,9.028579
63421,8.939441
63442,9.007467
63463,9.077839
63484,9.145865
63505,9.09895
63526,9.19278
63547,9.115371
63568,9.223273
63589,9.335869
63610,9.279572
63631,9.303029
63652,9.413278
63673,9.354634
63694,9.40624
63715,9.354634
63736,9.403895
63757,9.382783
63778,9.579824
63799,9.514144
63820,9.493032
63841,9.51649
63862,9.619701
63883,9.631431
63904,9.66427
63925,9.676
63946,9.744025
63967,9.7581
63988,9.755754
64009,9.767483
64030,9.847238
64051,9.849584
64072,9.722914
64093,9.844892
64114,9.779211
64135,9.816743
64156,9.919954
64177,9.837853
64198,9.734642
64219,9.833163
64240,9.934029
64261,9.919954
64282,9.837853
64303,9.966869
64324,9.990326
64345,9.889461
64366,9.85662
64387,9.882422
64408,9.9223
64429,9.978598
64450,9.999709
64471,9.990326
64492,9.896498
64513,9.978598
64534,9.969215
64555,10.01613
64576,10.01378
64597,9.98329
64618,9.980944
64639,9.98329
64660,10.03255
64681,9.903535
64702,10.02317
64723,9.978598
64744,10.02082
64765,9.948103
64786,9.969215
64807,9.931683
64828,9.948103
64849,10.01613
64870,9.929338
64891,9.934029
64912,9.880077
64933,9.969215
64954,9.976252
64975,9.929338
64996,9.98798
65017,9.957487
65038,9.990326
65059,9.98798
65080,10.08416
65101,10.04662
65122,10.08181
65143,10.03959
65164,10.14045
65185,10.13576
65206,10.10058
65227,10.16391
65248,10.12638
65269,10.15922
65290,10.24601
65311,10.14045
65332,10.19441
65353,10.18737
65374,10.21083
65395,10.29292
65416,10.32811
65437,10.27181
65458,10.33749
65479,10.2765
65500,10.2812
65521,10.33046
65542,10.41725
65563,10.35861
65584,10.3328
65605,10.44774
65626,10.40317
65647,10.34453
65668,10.33046
65689,10.34453
65710,10.31873
65731,10.34688
65752,10.36799
65773,10.32576
65794,10.31873
65815,10.37268
65836,10.40787
65857,10.30231
65878,10.33984
65899,10.41021
65920,10.34219
65941,10.26947
65962,10.37503
65983,10.32576
66004,10.34922
66025,10.4712
66046,10.45478
66067,10.38675
66088,10.41725
66109,10.4454
66130,10.49231
66151,10.49935
66172,10.45713
66193,10.43836
66214,10.49935
66235,10.48293
66256,10.43367
66277,10.47589
66298,10.53923
66319,10.45244
66340,10.43836
66361,10.38441
66382,10.51577
66403,10.46416
66424,10.49466
66445,10.40787
66466,10.39848
66487,10.3891
66508,10.31873
66529,10.3633
66550,10.31638
66571,10.28823
66592,10.10761
66613,10.10058
66634,10.12169
66655,10.06539
66676,10.01144
66697,9.973906
66718,9.943413
66739,9.945757
66760,9.844892
66781,9.948103
66802,9.736988
66823,9.854274
66844,9.809706
66865,9.718222
66886,9.704147
66907,9.673654
66928,9.629085
66949,9.596244
66970,9.589207
66991,9.546985
67012,9.603281
67033,9.556367
67054,9.570441
67075,9.542293
67096,9.631431
67117,9.483649
67138,9.493032
67159,9.427352
67180,9.483649
67201,9.471921
67222,9.378092
67243,9.284263
67264,9.401549
67285,9.286609
67306,9.335869
67327,9.345251
67348,9.331178
67369,9.387475
67390,9.326486
67411,9.347597
67432,9.324141
67453,9.148211
67474,9.286609
67495,9.305374
67516,9.380438
67537,9.319448
67558,9.35698
67579,9.410933
67600,9.34056
67621,9.286609
67642,9.260805
67663,9.326486
67684,9.335869
67705,9.30772
67726,9.303029
67747,9.361671
67768,9.35698
67789,9.328832
67810,9.345251
67831,9.288955
67852,9.375746
67873,9.333523
67894,9.324141
67915,9.326486
67936,9.256114
67957,9.378092
67978,9.295992
67999,9.25846
68020,9.272534
68041,9.277225
68062,9.399203
68083,9.30772
68104,9.270188
68125,9.197471
68146,9.249077
68167,9.190434
68188,9.181051
68209,9.225619
68230,9.295992
68251,9.225619
68272,9.227965
68293,9.087222
68314,9.138828
68335,9.284263
68356,9.272534
68377,9.333523
68398,9.361671
68419,9.288955
68440,9.310066
68461,9.425007
68482,9.396858
68503,9.408587
68524,9.385129
68545,9.525873
68566,9.666616
68587,9.493032
68608,9.530564
68629,9.542293
68650,9.554022
68671,9.556367
68692,9.652542
68713,9.633776
68734,9.668962
68755,9.638468
68776,9.589207
68797,9.734642
68818,9.79094
68839,9.66427
68860,9.753407
68881,9.718222
68902,9.744025
68923,9.736988
68944,9.751062
68965,9.767483
68986,9.736988
69007,9.650196
69028,9.706493
69049,9.74637
69070,9.713531
69091,9.650196
69112,9.624393
69133,9.793285
69154,9.772174
69175,9.7581
69196,9.866002
69217,9.788594
69238,9.7581
69259,9.912917
69280,9.891806
69301,9.851928
69322,9.992672
69343,9.980944
69364,10.01613
69385,10.14984
69406,10.12872
69427,10.10761
69448,10.23194
69469,10.20848
69490,10.26947
69511,10.35861
69532,10.27885
69553,10.37737
69574,10.40787
69595,10.48997
69616,10.45009
69637,10.46416
69658,10.53219
69679,10.59083
69700,10.60725
69721,10.57207
69742,10.66824
69763,10.64478
69784,10.68466
69805,10.70812
69826,10.71281
69847,10.71281
69868,10.64244
69889,10.75034
69910,10.77614
69931,10.70343
69952,10.68701
69973,10.68466
69994,10.59552
70015,10.64713
70036,10.51108
70057,10.58145
70078,10.62602
70099,10.63306
70120,10.68935
70141,10.62836
70162,10.6096
70183,10.65886
70204,10.64009
70225,10.70108
70246,10.71985
70267,10.7175
70288,10.6917
70309,10.67997
70330,10.63306
70351,10.67762
70372,10.68701
70393,10.6659
70414,10.57207
70435,10.64713
70456,10.70812
70477,10.68232
70498,10.56738
70519,10.60022
70540,10.497
70561,10.47355
70582,10.51811
70603,10.40083
70624,10.48997
70645,10.39145
70666,10.35157
70687,10.34453
70708,10.27181
70729,10.32576
70750,10.25539
70771,10.23897
70792,10.05132
70813,10.13342
70834,10.06305
70855,10.07008
70876,10.06305
70897,10.03255
70918,9.98329
70939,9.889461
70960,9.805015
70981,9.797977
71002,9.7581
71023,9.685382
71044,9.631431
71065,9.596244
71086,9.495378
71107,9.502416
71128,9.478958
71149,9.450809
71170,9.420315
71191,9.399203
71212,9.453156
71233,9.25846
71254,9.295992
71275,9.380438
71296,9.387475
71317,9.354634
71338,9.375746
71359,9.265497
71380,9.136482
71401,9.253768
71422,9.272534
71443,9.293646
71464,9.270188
71485,9.197471
71506,9.169322
71527,9.174014
71548,9.225619
71569,9.249077
71590,9.199817
71611,9.202163
71632,9.174014
71653,9.204508
71674,9.256114
71695,9.211545
71716,9.24204
71737,9.120062
71758,9.09895
71779,9.195126
71800,9.195126
71821,9.244386
71842,9.195126
71863,9.223273
71884,9.129445
71905,9.138828
71926,9.2092
71947,9.129445
71968,9.150557
71989,9.164631
72010,9.202163
72031,9.171668
72052,9.068456
72073,9.174014
72094,9.195126
72115,9.253768
72136,9.284263
72157,9.30772
72178,9.27488
72199,9.277225
72220,9.305374
72241,9.24204
72262,9.263151
72283,9.2092
72304,9.265497
72325,9.408587
72346,9.401549
72367,9.293646
72388,9.298337
72409,9.349943
72430,9.279572
72451,9.514144
72472,9.645505
72493,9.58217
72514,9.50007
72535,9.56575
72556,9.558713
72577,9.680691
72598,9.720568
72619,9.636122
72640,9.779211
72661,9.788594
72682,9.753407
72703,9.715877
72724,9.673654
72745,9.678345
72766,9.603281
72787,9.619701
72808,9.668962
72829,9.697111
72850,9.661925
72871,9.685382
72892,9.589207
72913,9.58217
72934,9.610318
72955,9.551676
72976,9.619701
72997,9.631431
73018,9.668962
73039,9.600936
73060,9.626739
73081,9.61501
73102,9.638468
73123,9.652542
73144,9.535255
73165,9.694765
73186,9.643159
73207,9.546985
73228,9.577478
73249,9.786248
73270,9.673654
73291,9.579824
73312,9.748716
73333,9.819089
73354,9.751062
73375,9.908226
73396,9.802669
73417,9.969215
73438,9.945757
73459,10.06539
73480,10.19675
73501,10.22725
73522,10.21786
73543,10.27885
73564,10.47589
73585,10.48528
73606,10.48762
73627,10.51811
73648,10.50404
73669,10.62602
73690,10.75503
73711,10.80664
73732,10.77849
73753,10.83479
73774,10.8817
73795,10.90047
73816,11.01775
73837,11.02245
73858,10.98961
73879,10.938
73900,11.14912
73921,11.0201
73942,10.94269
73963,11.03183
73984,11.00368
74005,10.86997
74026,10.92862
74047,10.88405
74068,10.94035
74089,11.02948
74110,10.95911
74131,11.00603
74152,10.91689
74173,10.92862
74194,10.77849
74215,10.79491
74236,10.75738
74257,10.76911
74278,10.7175
74299,10.78787
74320,10.77614
74341,10.75269
74362,10.76676
74383,10.71516
74404,10.64009
74425,10.61898
74446,10.59083
74467,10.52984
74488,10.51342
74509,10.46416
74530,10.30231
74551,10.2812
74572,10.43836
74593,10.24366
74614,10.12638
74635,10.17564
74656,10.06539
74677,9.926992
74698,10.01144
74719,9.854274
74740,9.85662
74761,9.849584
74782,9.821435
74803,9.915263
74824,9.643159
74845,9.741679
74866,9.537601
74887,9.471921
74908,9.591553
74929,9.61501
74950,9.483649
74971,9.432044
74992,9.66427
75013,9.568096
75034,9.575133
75055,9.460192
75076,9.490686
75097,9.429698
75118,9.497724
75139,9.434389
75160,9.415624
75181,9.439081
75202,9.396858
75223,9.364017
75244,9.352288
75265,9.34056
75286,9.455501
75307,9.345251
75328,9.342906
75349,9.41797
75370,9.34056
75391,9.347597
75412,9.394512
75433,9.349943
75454,9.34056
75475,9.277225
75496,9.396858
75517,9.277225
75538,9.319448
75559,9.265497
75580,9.23031
75601,9.321795
75622,9.284263
75643,9.342906
75664,9.237348
75685,9.244386
75706,9.213891
75727,9.272534
75748,9.211545
75769,9.216236
75790,9.141173
75811,9.174014
75832,9.150557
75853,9.223273
75874,9.124753
75895,9.145865
75916,9.143519
75937,9.169322
75958,9.084876
75979,9.155248
76000,9.162285
76021,9.129445
76042,8.918329
76063,9.096604
76084,9.08253
76105,9.2092
76126,9.026234
76147,9.073148
76168,9.108333
76189,9.225619
76210,9.164631
76231,9.218582
76252,9.105988
76273,9.244386
76294,9.253768
76315,9.141173
76336,9.347597
76357,9.413278
76378,9.326486
76399,9.2913
76420,9.495378
76441,9.509453
76462,9.425007
76483,9.464884
76504,9.577478
76525,9.54933
76546,9.58217
76567,9.600936
76588,9.633776
76609,9.636122
76630,9.568096
76651,9.676
76672,9.66427
76693,9.657233
76714,9.650196
76735,9.706493
76756,9.727605
76777,9.748716
76798,9.744025
76819,9.851928
76840,9.736988
76861,9.687728
76882,9.783903
76903,9.938721
76924,9.823779
76945,9.755754
76966,9.973906
76987,9.971561
77008,10.0044
77029,9.98798
77050,10.03959
77071,10.12872
77092,10.08416
77113,10.16391
77134,10.11465
77155,10.29996
77176,10.22021
77197,10.28823
77218,10.36095
77239,10.45009
77260,10.41021
77281,10.48293
77302,10.45478
77323,10.51342
77344,10.4712
77365,10.60491
77386,10.59083
77407,10.54861
77428,10.48997
77449,10.56738
77470,10.61898
77491,10.64947
77512,10.62133
77533,10.63775
77554,10.67762
77575,10.67997
77596,10.68701
77617,10.77145
77638,10.73861
77659,10.82541
77680,10.75972
77701,10.73861
77722,10.70108
77743,10.7996
77764,10.81368
77785,10.86997
77806,10.90047
77827,10.82775
77848,10.71516
77869,10.85121
77890,10.73627
77911,10.75503
77932,10.71281
77953,10.748
77974,10.69639
77995,10.67528
78016,10.64009
78037,10.65886
78058,10.52046
78079,10.44071
78100,10.50873
78121,10.43132
78142,10.37737
78163,10.43836
78184,10.48058
78205,10.34219
78226,10.28823
78247,10.36564
78268,10.27181
78289,10.26243
78310,10.35391
78331,10.45713
78352,10.28354
78373,10.34688
78394,10.31404
78415,10.34688
78436,10.29527
78457,10.20613
78478,10.26478
78499,10.20613
78520,10.0302
78541,10.11934
78562,9.997364
78583,9.903535
78604,9.858966
78625,9.941067
78646,9.894152
78667,9.619701
78688,9.708839
78709,9.617355
78730,9.622047
78751,9.450809
78772,9.753407
78793,9.422661
78814,9.403895
78835,9.469575
78856,9.420315
78877,9.27488
78898,9.24204
78919,9.338214
78940,9.364017
78961,9.303029
78982,9.326486
79003,9.256114
79024,9.197471
79045,9.277225
79066,9.253768
79087,9.171668
79108,9.253768
79129,9.298337
79150,9.277225
79171,9.2913
79192,9.244386
79213,9.319448
79234,9.298337
79255,9.286609
79276,9.347597
79297,9.183396
79318,9.253768
79339,9.303029
79360,9.265497
79381,9.2913
79402,9.239694
79423,9.218582
79444,9.249077
79465,9.326486
79486,9.30772
79507,9.279572
79528,9.347597
79549,9.314757
79570,9.25846
79591,9.199817
79612,9.213891
79633,9.2913
79654,9.328832
79675,9.277225
79696,9.244386
79717,9.227965
79738,9.152903
79759,9.237348
79780,9.25846
79801,9.115371
79822,9.195126
79843,9.206854
79864,9.08253
79885,9.199817
79906,9.110679
79927,9.188088
79948,9.202163
79969,9.223273
79990,9.303029
80011,9.324141
80032,9.335869
80053,9.263151
80074,9.38982
80095,9.41797
80116,9.511798
80137,9.471921
80158,9.41797
80179,9.528218
80200,9.544639
80221,9.469575
80242,9.636122
80263,9.640813
80284,9.753407
80305,9.739333
80326,9.760445
80347,9.77452
80368,9.847238
80389,9.779211
80410,9.889461
80431,9.971561
80452,9.851928
80473,9.891806
80494,9.912917
80515,9.819089
80536,9.851928
80557,9.74637
80578,9.7581
80599,9.870694
80620,9.786248
80641,9.706493
80662,9.741679
80683,9.711185
80704,9.697111
80725,9.713531
80746,9.680691
80767,9.676
80788,9.631431
80809,9.676
80830,9.593899
80851,9.617355
80872,9.694765
80893,9.539948
80914,9.631431
80935,9.706493
80956,9.523527
80977,9.612664
80998,9.66427
81019,9.736988
81040,9.568096
81061,9.617355
81082,9.739333
81103,9.715877
81124,9.755754
81145,9.849584
81166,9.795631
81187,9.901189
81208,9.950449
81229,9.898843
81250,10.0302
81271,10.08181
81292,10.19675
81313,10.18971
81334,10.20144
81355,10.31873
81376,10.45713
81397,10.41725
81418,10.43836
81439,10.52984
81460,10.497
81481,10.60725
81502,10.71516
81523,10.6354
81544,10.70108
81565,10.79022
81586,10.74096
81607,10.83479
81628,10.84183
81649,10.89812
81670,10.92862
81691,10.77145
81712,10.90281
81733,10.96615
81754,10.98726
81775,10.94035
81796,11.11158
81817,11.11393
81838,11.07874
81859,11.05998
81880,10.87232
81901,10.91454
81922,10.86528
81943,10.98961
81964,10.97084
81985,10.97788
82006,10.9943
82027,10.85121
82048,10.87936
82069,10.89578
82090,10.82071
82111,10.73861
82132,10.65417
82153,10.5275
82174,10.47355
82195,10.39848
82216,10.32342
82237,10.26008
82258,10.33984
82279,10.28823
82300,10.26008
82321,10.15453
82342,10.21083
82363,10.23897
82384,10.15687
82405,10.05132
82426,10.0302
82447,10.03724
82468,9.995018
82489,9.962177
82510,9.830817
82531,9.880077
82552,9.882422
82573,9.915263
82594,9.736988
82615,9.633776
82636,9.7581
82657,9.640813
82678,9.584516
82699,9.546985
82720,9.41797
82741,9.50007
82762,9.392166
82783,9.511798
82804,9.464884
82825,9.415624
82846,9.410933
82867,9.375746
82888,9.476612
82909,9.429698
82930,9.413278
82951,9.364017
82972,9.364017
82993,9.446118
83014,9.328832
83035,9.35698
83056,9.300683
83077,9.284263
83098,9.246731
83119,9.321795
83140,9.333523
83161,9.319448
83182,9.204508
83203,9.183396
83224,9.2092
83245,9.30772
83266,9.333523
83287,9.270188
83308,9.286609
83329,9.253768
83350,9.281918
83371,9.284263
83392,9.30772
83413,9.249077
83434,9.286609
83455,9.27488
83476,9.319448
83497,9.260805
83518,9.317103
83539,9.284263
83560,9.23031
83581,9.295992
83602,9.2913
83623,9.328832
83644,9.30772
83665,9.171668
83686,9.183396
83707,9.218582
83728,9.152903
83749,9.054381
83770,9.148211
83791,9.272534
83812,9.068456
83833,9.059073
83854,8.988701
83875,8.892527
83896,8.93475
83917,9.021542
83938,9.110679
83959,8.904256
83980,8.826846
84001,9.044999
84022,9.195126
84043,9.028579
84064,8.90191
84085,9.105988
84106,9.359325
84127,9.190434
84148,9.15994
84169,9.052036
84190,9.253768
84211,9.410933
84232,9.420315
84253,9.467229
84274,9.554022
84295,9.603281
84316,9.711185
84337,9.617355
84358,9.530564
84379,9.619701
84400,9.80736
84421,9.793285
84442,9.79094
84463,9.788594
84484,9.739333
84505,9.718222
84526,9.729951
84547,9.718222
84568,9.788594
84589,9.657233
84610,9.659579
84631,9.722914
84652,9.760445
84673,9.734642
84694,9.751062
84715,9.687728
84736,9.80736
84757,9.7581
84778,9.85662
84799,9.880077
84820,9.835509
84841,9.858966
84862,9.870694
84883,9.941067
84904,9.959831
84925,9.952795
84946,10.03489
84967,10.08416
84988,10.13811
85009,10.22021
85030,10.10761
85051,10.30231
85072,10.41021
85093,10.42663
85114,10.55565
85135,10.5533
85156,10.64244
85177,10.60491
85198,10.63306
85219,10.67293
85240,10.73861
85261,10.75738
85282,10.82541
85303,10.92393
85324,10.99899
85345,10.86059
85366,10.90281
85387,10.89109
85408,11.05294
85429,11.04356
85450,10.94035
85471,10.90281
85492,10.92627
85513,10.82541
85534,10.81602
85555,10.83713
85576,10.89343
85597,10.87936
85618,10.86294
85639,10.81837
85660,10.85824
85681,10.87936
85702,10.82071
85723,10.81368
85744,10.81368
85765,10.75738
85786,10.82071
85807,10.77849
85828,10.72219
85849,10.76676
85870,10.75503
85891,10.69874
85912,10.748
85933,10.66355
85954,10.61194
85975,10.50873
85996,10.55565
86017,10.52984
86038,10.39614
86059,10.50873
86080,10.42898
86101,10.36799
86122,10.47589
86143,10.35626
86164,10.26478
86185,10.26712
86206,10.21786
86227,10.17329
86248,10.15218
86269,10.03724
86290,10.04897
86311,9.997364
86332,9.964523
86353,9.952795
86374,9.943413
86395,9.90588
86416,9.894152
86437,9.718222
86458,9.685382
86479,9.659579
86500,9.701802
86521,9.528218
86542,9.626739
86563,9.497724
86584,9.584516
86605,9.481303
86626,9.586862
86647,9.457847
86668,9.396858
86689,9.453156
86710,9.394512
86731,9.392166
86752,9.413278
86773,9.514144
86794,9.41797
86815,9.281918
86836,9.295992
86857,9.202163
86878,9.303029
86899,9.371055
86920,9.35698
86941,9.216236
86962,9.246731
86983,9.166977
87004,9.169322
87025,9.19278
87046,9.293646
87067,9.199817
87088,9.199817
87109,9.220928
87130,9.174014
87151,9.066111
87172,9.181051
87193,9.174014
87214,9.13179
87235,9.115371
87256,9.141173
87277,9.199817
87298,9.143519
87319,9.134136
87340,9.08253
87361,9.084876
87382,9.185742
87403,9.09895
87424,9.110679
87445,9.225619
87466,9.164631
87487,9.091913
87508,9.108333
87529,9.091913
87550,9.174014
87571,9.204508
87592,9.174014
87613,9.134136
87634,9.202163
87655,9.204508
87676,9.263151
87697,9.197471
87718,9.171668
87739,9.256114
87760,9.176359
87781,9.171668
87802,9.244386
87823,9.401549
87844,9.15994
87865,9.256114
87886,9.450809
87907,9.387475
87928,9.40624
87949,9.35698
87970,9.335869
87991,9.50007
88012,9.523527
88033,9.643159
88054,9.722914
88075,9.690074
88096,9.725259
88117,9.593899
88138,9.610318
88159,9.748716
88180,9.821435
88201,9.809706
88222,9.795631
88243,9.708839
88264,9.668962
88285,9.722914
88306,9.755754
88327,9.809706
88348,9.744025
88369,9.912917
88390,9.699456
88411,9.570441
88432,9.685382
88453,9.844892
88474,9.765137
88495,9.80736
88516,9.884768
88537,9.833163
88558,9.962177
88579,9.950449
88600,10.01613
88621,9.969215
88642,9.985635
88663,10.00909
88684,10.02551
88705,10.11465
88726,10.08885
88747,10.11934
88768,10.29996
88789,10.24366
88810,10.34219
88831,10.41256
88852,10.37033
88873,10.45009
88894,10.50639
88915,10.60491
88936,10.54392
88957,10.62836
88978,10.64713
88999,10.78787
89020,10.62367
89041,10.84183
89062,10.84417
89083,10.76676
89104,10.7738
89125,10.7738
89146,10.84417
89167,10.90751
89188,10.95207
89209,10.93565
89230,10.85121
89251,10.86294
89272,10.91454
89293,10.86997
89314,10.94504
89335,10.97788
89356,10.9122
89377,10.91689
89398,10.87467
89419,10.94269
89440,10.9638
89461,10.79491
89482,10.9638
89503,10.78553
89524,10.73627
89545,10.62133
89566,10.67762
89587,10.61898
89608,10.59552
89629,10.54626
89650,10.53453
89671,10.46885
89692,10.41256
89713,10.41256
89734,10.40083
89755,10.35157
89776,10.40787
89797,10.41725
89818,10.4149
89839,10.39614
89860,10.41256
89881,10.39145
89902,10.45009
89923,10.44774
89944,10.31638
89965,10.23194
89986,10.32107
90007,10.34453
90028,10.31638
90049,10.24366
90070,10.10527
90091,10.12872
90112,10.11465
90133,9.976252
90154,9.877731
90175,10.09823
90196,9.7581
90217,9.685382
90238,9.692419
90259,9.619701
90280,9.50007
90301,9.436735
90322,9.471921
90343,9.727605
90364,9.326486
90385,9.410933
90406,9.373401
90427,9.272534
90448,9.303029
90469,9.286609
90490,9.253768
90511,9.314757
90532,9.34056
90553,9.303029
90574,9.267843
90595,9.117716
90616,9.171668
90637,9.206854
90658,9.23031
90679,9.34056
90700,9.263151
90721,9.267843
90742,9.263151
90763,9.314757
90784,9.305374
90805,9.342906
90826,9.260805
90847,9.324141
90868,9.321795
90889,9.335869
90910,9.303029
90931,9.270188
90952,9.293646
90973,9.293646
90994,9.361671
91015,9.364017
91036,9.310066
91057,9.265497
91078,9.256114
91099,9.244386
91120,9.202163
91141,9.286609
91162,9.206854
91183,9.24204
91204,9.249077
91225,9.171668
91246,9.195126
91267,9.115371
91288,9.166977
91309,9.089567
91330,9.148211
91351,9.188088
91372,9.15994
91393,9.166977
91414,9.13179
91435,9.211545
91456,9.270188
91477,9.293646
91498,9.110679
91519,9.319448
91540,9.35698
91561,9.434389
91582,9.401549
91603,9.286609
91624,9.399203
91645,9.443772
91666,9.453156
91687,9.181051
91708,9.009813
91729,9.48834
91750,9.558713
91771,9.61501
91792,9.589207
91813,9.572787
91834,9.507107
91855,9.61501
91876,9.683037
91897,9.741679
91918,9.654888
91939,9.687728
91960,9.680691
91981,9.767483
92002,9.650196
92023,9.690074
92044,9.744025
92065,9.767483
92086,9.729951
92107,9.79094
92128,9.816743
92149,9.697111
92170,9.720568
92191,9.694765
92212,9.779211
92233,9.671308
92254,9.821435
92275,9.896498
92296,9.870694
92317,9.903535
92338,9.800323
92359,9.842546
92380,9.844892
92401,9.915263
92422,10.0607
92443,9.973906
92464,9.992672
92485,9.971561
92506,10.1428
92527,10.14514
92548,10.16156
92569,10.29527
92590,10.23194
92611,10.29058
92632,10.36799
92653,10.24366
92674,10.36095
92695,10.5275
92716,10.39145
92737,10.40083
92758,10.41725
92779,10.40552
92800,10.39145
92821,10.42194
