8815,10.03255
8836,10.01378
8857,10.01613
8878,10.07477
8899,10.12169
8920,10.06773
8941,9.971561
8962,10.02317
8983,10.14749
9004,10.10761
9025,10.0607
9046,10.04662
9067,10.08416
9088,9.992672
9109,10.14045
9130,10.10527
9151,10.09588
9172,10.07712
9193,10.03724
9214,10.10058
9235,10.0607
9256,9.990326
9277,10.07712
9298,9.980944
9319,9.85662
9340,9.98329
9361,9.978598
9382,9.964523
9403,9.882422
9424,9.882422
9445,9.934029
9466,9.823779
9487,9.952795
9508,9.823779
9529,9.908226
9550,9.948103
9571,9.912917
9592,9.985635
9613,9.985635
9634,9.912917
9655,9.823779
9676,9.849584
9697,9.797977
9718,9.800323
9739,9.835509
9760,9.877731
9781,9.87304
9802,9.781557
9823,9.769828
9844,9.805015
9865,9.74637
9886,9.760445
9907,9.715877
9928,9.769828
9949,9.729951
9970,9.713531
9991,9.680691
10012,9.722914
10033,9.725259
10054,9.654888
10075,9.687728
10096,9.701802
10117,9.645505
10138,9.680691
10159,9.711185
10180,9.66427
10201,9.657233
10222,9.718222
10243,9.617355
10264,9.561059
10285,9.629085
10306,9.657233
10327,9.629085
10348,9.629085
10369,9.671308
10390,9.610318
10411,9.586862
10432,9.570441
10453,9.537601
10474,9.521181
10495,9.586862
10516,9.59859
10537,9.579824
10558,9.568096
10579,9.596244
10600,9.603281
10621,9.556367
10642,9.523527
10663,9.58217
10684,9.474266
10705,9.579824
10726,9.523527
10747,9.586862
10768,9.558713
10789,9.577478
10810,9.563404
10831,9.490686
10852,9.537601
10873,9.622047
10894,9.622047
10915,9.502416
10936,9.48834
10957,9.474266
10978,9.544639
10999,9.413278
11020,9.48834
11041,9.40624
11062,9.476612
11083,9.521181
11104,9.436735
11125,9.432044
11146,9.40624
11167,9.317103
11188,9.380438
11209,9.378092
11230,9.483649
11251,9.366363
11272,9.277225
11293,9.396858
11314,9.401549
11335,9.478958
11356,9.511798
11377,9.455501
11398,9.509453
11419,9.593899
11440,9.572787
11461,9.485995
11482,9.474266
11503,9.572787
11525,9.591553
11546,9.676
11567,9.666616
11588,9.612664
11609,9.631431
11630,9.643159
11651,9.666616
11672,9.699456
11693,9.607973
11714,9.59859
11735,9.561059
11756,9.474266
11777,9.504761
11798,9.551676
11819,9.502416
11840,9.378092
11861,9.483649
11882,9.507107
11903,9.394512
11924,9.387475
11945,9.539948
11966,9.507107
11987,9.511798
12008,9.476612
12029,9.542293
12050,9.558713
12071,9.51649
12092,9.59859
12113,9.612664
12134,9.61501
12155,9.53291
12176,9.563404
12197,9.629085
12218,9.751062
12239,9.605627
12260,9.66427
12281,9.676
12302,9.629085
12323,9.633776
12344,9.66427
12365,9.650196
12386,9.603281
12407,9.701802
12428,9.779211
12449,9.638468
12470,9.755754
12491,9.767483
12512,9.912917
12533,9.788594
12554,9.868348
12575,9.851928
12596,9.931683
12617,9.929338
12638,9.943413
12659,10.1123
12680,10.09354
12701,10.01848
12722,10.01848
12743,10.18268
12764,10.23194
12785,10.2249
12806,10.17095
12827,10.29527
12848,10.34688
12869,10.34453
12890,10.35861
12911,10.35391
12932,10.39848
12953,10.48058
12974,10.44305
12995,10.44071
13016,10.45009
13037,10.52281
13058,10.41959
13079,10.53923
13100,10.5275
13121,10.497
13142,10.56503
13163,10.56972
13184,10.52984
13205,10.54626
13226,10.36564
13247,10.4149
13268,10.45713
13289,10.48293
13310,10.497
13331,10.40552
13352,10.3633
13373,10.48293
13394,10.34922
13415,10.3328
13436,10.34219
13457,10.36095
13478,10.23194
13499,10.32107
13520,10.32107
13541,10.15687
13562,10.29292
13583,10.30231
13604,10.26712
13625,10.31873
13646,10.24601
13667,10.23663
13688,10.23194
13709,10.28823
13730,10.29527
13751,10.37972
13772,10.307
13793,10.2812
13814,10.28823
13835,10.39145
13856,10.32107
13877,10.39848
13898,10.38206
13919,10.29527
13940,10.32107
13961,10.38675
13982,10.3891
14003,10.4454
14024,10.33046
14045,10.25305
14066,10.28589
14087,10.27416
14108,10.54392
14129,10.37268
14150,10.22959
14171,10.29762
14192,10.32107
14214,10.24836
14235,10.15218
14256,10.19206
14277,10.18502
14298,10.1686
14319,10.20144
14340,10.04428
14361,10.08416
14382,10.16391
14403,9.973906
14424,9.929338
14445,9.995018
14466,9.936375
14487,9.877731
14508,9.952795
14529,9.929338
14550,9.924646
14571,9.868348
14592,9.98329
14613,9.917608
14634,10.07477
14655,9.98798
14676,10.01144
14697,9.910572
14718,9.875386
14739,9.729951
14760,9.809706
14781,9.727605
14802,9.748716
14823,9.833163
14844,9.636122
14865,9.603281
14886,9.539948
14907,9.558713
14928,9.504761
14949,9.558713
14970,9.478958
14991,9.481303
15012,9.51649
15033,9.469575
15054,9.415624
15075,9.429698
15096,9.446118
15117,9.396858
15138,9.439081
15159,9.394512
15180,9.495378
15201,9.490686
15222,9.385129
15243,9.382783
15264,9.50007
15285,9.467229
15306,9.50007
15327,9.476612
15348,9.457847
15369,9.518835
15390,9.511798
15411,9.455501
15432,9.523527
15453,9.572787
15474,9.530564
15495,9.54933
15516,9.51649
15537,9.539948
15558,9.521181
15579,9.490686
15600,9.483649
15621,9.50007
15642,9.673654
15663,9.643159
15684,9.624393
15705,9.607973
15726,9.464884
15747,9.422661
15768,9.58217
15789,9.544639
15810,9.542293
15831,9.50007
15852,9.537601
15873,9.58217
15894,9.51649
15915,9.48834
15936,9.446118
15957,9.474266
15978,9.528218
15999,9.514144
16020,9.434389
16041,9.359325
16062,9.408587
16083,9.415624
16104,9.460192
16125,9.462538
16146,9.51649
16167,9.483649
16188,9.481303
16209,9.450809
16230,9.420315
16251,9.436735
16272,9.457847
16293,9.495378
16314,9.622047
16335,9.561059
16356,9.537601
16377,9.478958
16398,9.497724
16419,9.53291
16440,9.683037
16461,9.701802
16482,9.631431
16503,9.572787
16524,9.523527
16545,9.622047
16566,9.640813
16587,9.657233
16608,9.51649
16629,9.493032
16650,9.626739
16671,9.633776
16692,9.50007
16713,9.502416
16734,9.441426
16755,9.425007
16776,9.56575
16797,9.54933
16818,9.446118
16839,9.457847
16860,9.474266
16881,9.490686
16902,9.408587
16923,9.354634
16944,9.511798
16965,9.455501
16986,9.471921
17007,9.537601
17028,9.654888
17049,9.537601
17070,9.58217
17091,9.593899
17112,9.51649
17133,9.572787
17154,9.685382
17175,9.661925
17196,9.643159
17217,9.514144
17238,9.572787
17259,9.650196
17280,9.673654
17301,9.624393
17322,9.725259
17343,9.673654
17364,9.676
17385,9.725259
17406,9.795631
17427,9.830817
17448,9.795631
17469,9.837853
17490,9.751062
17511,9.931683
17532,9.903535
17553,9.894152
17574,9.985635
17595,9.908226
17616,9.903535
17637,10.03255
17658,10.07008
17679,10.08885
17700,10.12872
17721,10.05601
17742,10.18502
17763,10.20379
17784,10.15922
17805,10.1991
17826,10.14045
17847,10.28354
17868,10.307
17889,10.29996
17910,10.31169
17931,10.4149
17952,10.47589
17973,10.39145
17994,10.51342
18015,10.52515
18036,10.50404
18057,10.54157
18078,10.52984
18099,10.55096
18120,10.59318
18141,10.70108
18162,10.76676
18183,10.65182
18204,10.65886
18225,10.66355
18246,10.66824
18267,10.68935
18288,10.79491
18309,10.60725
18330,10.55799
18351,10.61429
18372,10.55799
18393,10.56738
18414,10.56034
18435,10.49231
18456,10.42429
18477,10.46416
18498,10.42194
18519,10.42898
18540,10.6096
18561,10.33046
18582,10.37503
18603,10.39848
18624,10.35861
18645,10.39145
18666,10.39145
18687,10.29527
18708,10.24132
18729,10.31638
18750,10.37268
18771,10.24836
18792,10.33515
18813,10.2249
18834,10.2249
18855,10.2249
18876,10.21083
18897,10.10058
18918,10.13576
18939,10.10761
18960,10.24836
18981,10.12638
19002,10.04428
19023,9.992672
19044,9.959831
19065,10.05132
19086,10.03255
19107,10.01144
19128,9.931683
19149,9.877731
19170,9.948103
19191,9.868348
19212,9.891806
19233,9.980944
19254,9.910572
19275,9.80736
19296,9.962177
19317,9.891806
19338,9.98329
19359,9.969215
19380,9.858966
19401,9.919954
19422,9.926992
19443,9.929338
19464,10.02082
19485,10.00909
19506,9.880077
19527,9.919954
19548,9.985635
19570,10.03255
19592,9.90588
19613,10.04897
19634,9.950449
19655,9.894152
19676,9.847238
19697,9.957487
19718,9.973906
19739,9.849584
19760,9.826125
19781,9.840199
19802,9.781557
19823,9.727605
19844,9.736988
19865,9.767483
19886,9.720568
19907,9.64785
19928,9.704147
19949,9.718222
19970,9.729951
19991,9.633776
20012,9.690074
20033,9.605627
20054,9.661925
20075,9.64785
20096,9.554022
20117,9.509453
20138,9.607973
20159,9.591553
20180,9.596244
20201,9.568096
20222,9.54933
20243,9.511798
20264,9.443772
20285,9.50007
20306,9.521181
20327,9.511798
20348,9.483649
20369,9.446118
20390,9.446118
20411,9.446118
20432,9.464884
20453,9.467229
20474,9.427352
20495,9.34056
20516,9.448463
20537,9.457847
20558,9.507107
20579,9.464884
20600,9.453156
20621,9.511798
20642,9.497724
20663,9.514144
20684,9.476612
20705,9.40624
20726,9.38982
20747,9.464884
20768,9.497724
20789,9.497724
20810,9.427352
20831,9.373401
20852,9.392166
20873,9.342906
20894,9.422661
20915,9.375746
20936,9.366363
20957,9.401549
20978,9.40624
20999,9.288955
21020,9.220928
21041,9.326486
21062,9.382783
21083,9.396858
21104,9.375746
21125,9.352288
21146,9.38982
21167,9.310066
21188,9.361671
21209,9.333523
21230,9.314757
21251,9.408587
21272,9.415624
21293,9.523527
21314,9.432044
21335,9.399203
21356,9.385129
21377,9.464884
21398,9.469575
21419,9.577478
21440,9.514144
21461,9.410933
21482,9.464884
21503,9.476612
21524,9.511798
21545,9.507107
21566,9.399203
21587,9.469575
21608,9.507107
21629,9.432044
21650,9.366363
21671,9.425007
21692,9.467229
21713,9.544639
21734,9.546985
21755,9.509453
21776,9.490686
21797,9.539948
21818,9.584516
21839,9.666616
21860,9.657233
21881,9.610318
21902,9.699456
21923,9.708839
21944,9.704147
21965,9.629085
21986,9.666616
22007,9.767483
22028,9.607973
22049,9.802669
22070,9.699456
22091,9.715877
22112,9.638468
22133,9.769828
22154,9.769828
22175,9.840199
22196,9.828471
22217,9.767483
22238,9.938721
22259,9.978598
22280,9.896498
22301,9.973906
22322,9.950449
22343,10.04193
22364,10.14984
22385,10.04428
22406,10.11465
22427,10.09588
22448,10.17798
22469,10.26243
22490,10.22725
22511,10.26478
22532,10.31873
22553,10.18971
22574,10.18033
22595,10.36564
22616,10.35861
22637,10.36095
22658,10.42663
22679,10.31169
22700,10.48762
22721,10.62836
22742,10.52281
22763,10.56972
22784,10.52984
22805,10.46885
22826,10.27885
22847,10.39848
22868,10.41021
22889,10.4454
22910,10.49231
22931,10.60491
22952,10.47355
22973,10.4149
22994,10.45244
23015,10.46416
23036,10.54861
23057,10.57207
23078,10.55096
23099,10.39379
23120,10.37033
23141,10.4454
23162,10.47355
23183,10.40552
23204,10.50639
23225,10.39379
23246,10.38206
23267,10.3328
23288,10.28354
23309,10.23428
23330,10.16156
23351,10.307
23372,10.33984
23393,10.2812
23414,10.41725
23435,10.3891
23456,10.19675
23477,10.24366
23498,10.31169
23519,10.35861
23540,10.3328
23561,10.35391
23582,10.2812
23603,10.32576
23624,10.35626
23645,10.32107
23666,10.3633
23687,10.37033
23708,10.41959
23729,10.39848
23750,10.44774
23771,10.37033
23792,10.28823
23813,10.42194
23834,10.3328
23855,10.39614
23876,10.3328
23897,10.26008
23918,10.21317
23939,10.18268
23960,10.17798
23981,10.13576
24002,10.0607
24023,10.02786
24044,9.992672
24065,10.04897
24086,10.08416
24107,9.919954
24128,9.978598
24149,9.934029
24170,9.896498
24191,10.0302
24212,9.776865
24233,9.903535
24254,9.842546
24275,9.85662
24296,9.814397
24317,9.748716
24338,9.783903
24359,9.661925
24380,9.715877
24401,9.767483
24422,9.692419
24443,9.694765
24464,9.687728
24485,9.659579
24506,9.678345
24527,9.631431
24548,9.600936
24569,9.612664
24590,9.596244
24611,9.610318
24632,9.622047
24653,9.525873
24674,9.495378
24695,9.535255
24716,9.556367
24737,9.469575
24758,9.464884
24779,9.48834
24800,9.490686
24821,9.394512
24842,9.295992
24863,9.375746
24884,9.41797
24905,9.345251
24926,9.335869
24947,9.305374
24968,9.300683
24989,9.392166
25010,9.317103
25031,9.310066
25052,9.270188
25073,9.35698
25094,9.425007
25115,9.396858
25136,9.333523
25157,9.359325
25178,9.464884
25199,9.41797
25220,9.366363
25241,9.34056
25262,9.30772
25283,9.321795
25304,9.375746
25325,9.429698
25346,9.371055
25367,9.345251
25388,9.272534
25409,9.305374
25430,9.335869
25451,9.338214
25472,9.347597
25493,9.326486
25514,9.382783
25535,9.239694
25556,9.277225
25577,9.314757
25598,9.260805
25619,9.25846
25640,9.253768
25661,9.206854
25682,9.321795
25703,9.328832
25724,9.237348
25745,9.256114
25766,9.185742
25787,9.25846
25808,9.286609
25829,9.270188
25850,9.227965
25871,9.345251
25892,9.298337
25913,9.392166
25934,9.366363
25955,9.349943
25976,9.387475
25997,9.347597
26018,9.495378
26039,9.619701
26060,9.554022
26081,9.631431
26102,9.575133
26123,9.659579
26144,9.692419
26165,9.715877
26186,9.891806
26207,9.727605
26228,9.849584
26249,9.901189
26270,10.02551
26291,10.05132
26312,9.971561
26333,9.997364
26354,9.917608
26375,10.0044
26396,9.870694
26417,9.891806
26438,10.01848
26459,9.943413
26480,9.891806
26501,9.812052
26522,9.924646
26543,9.805015
26564,9.776865
26585,9.835509
26606,9.821435
26627,9.762791
26648,9.812052
26669,9.863657
26690,9.903535
26711,9.809706
26732,9.797977
26753,9.896498
26774,9.90588
26795,9.828471
26816,9.910572
26837,10.01378
26858,9.919954
26879,9.929338
26900,9.882422
26921,9.863657
26942,9.985635
26963,10.02786
26984,9.938721
27005,9.934029
27026,10.03959
27047,9.976252
27068,10.04662
27089,10.04897
27110,10.08416
27131,9.966869
27152,10.1991
27173,10.09823
27194,10.07946
27215,10.13342
27236,10.1428
27257,10.15218
27278,10.24366
27299,10.19675
27320,10.26712
27341,10.22959
27362,10.21786
27383,10.24366
27404,10.14514
27425,10.23663
27446,10.24836
27467,10.18971
27488,10.26243
27509,10.29996
27530,10.27885
27551,10.35626
27572,10.29292
27593,10.34688
27614,10.31638
27635,10.31638
27656,10.21317
27677,10.25305
27698,10.30935
27719,10.32811
27740,10.35157
27761,10.50404
27782,10.36095
27803,10.26243
27824,10.41725
27845,10.32811
27866,10.40787
27887,10.35157
27908,10.29762
27929,10.43367
27950,10.37033
27971,10.36799
27992,10.36564
28013,10.37972
28034,10.26478
28055,10.28589
28076,10.32107
28097,10.31638
28118,10.23897
28139,10.30465
28160,10.29527
28181,10.09588
28202,10.16156
28223,10.22725
28244,10.10058
28265,10.09823
28286,10.10761
28307,10.12169
28328,10.13342
28349,10.12169
28370,10.10058
28391,10.07008
28412,10.1123
28433,10.1686
28454,10.22725
28475,10.07243
28496,10.24366
28517,10.23194
28538,10.14749
28559,10.18737
28580,10.22255
28601,10.20379
28622,10.26243
28643,10.33046
28664,10.26243
28685,10.27416
28706,10.28823
28727,10.28589
28748,10.24836
28769,10.307
28790,10.2507
28811,10.20379
28832,10.27416
28853,10.22021
28874,10.22021
28895,10.07477
28916,10.06539
28937,10.08885
28958,10.07008
28979,9.962177
29000,9.999709
29021,10.01848
29042,9.962177
29063,9.955141
29084,10.06773
29105,9.952795
29126,9.926992
29147,9.861312
29168,9.894152
29189,9.835509
29210,9.744025
29231,9.744025
29252,9.732296
29273,9.619701
29294,9.692419
29315,9.610318
29336,9.704147
29357,9.629085
29378,9.654888
29399,9.59859
29420,9.546985
29441,9.495378
29462,9.523527
29483,9.448463
29504,9.403895
29525,9.509453
29546,9.41797
29567,9.474266
29588,9.436735
29609,9.443772
29630,9.514144
29651,9.462538
29672,9.415624
29693,9.497724
29714,9.481303
29735,9.544639
29756,9.455501
29777,9.474266
29798,9.48834
29819,9.443772
29840,9.497724
29861,9.403895
29882,9.436735
29903,9.493032
29924,9.521181
29945,9.493032
29966,9.462538
29987,9.481303
30008,9.509453
30029,9.460192
30050,9.493032
30071,9.56575
30092,9.584516
30113,9.551676
30134,9.48834
30155,9.551676
30176,9.525873
30197,9.528218
30218,9.556367
30239,9.474266
30260,9.563404
30281,9.523527
30302,9.471921
30324,9.530564
30348,9.495378
30369,9.462538
30390,9.51649
30411,9.469575
30432,9.462538
30453,9.38982
30474,9.448463
30495,9.410933
30516,9.40624
30537,9.288955
30558,9.345251
30579,9.349943
30600,9.277225
30621,9.225619
30642,9.223273
30663,9.206854
30684,9.181051
30705,9.129445
30726,9.235003
30747,9.183396
30768,9.244386
30789,9.138828
30810,9.239694
30831,9.190434
30852,9.143519
30873,9.265497
30894,9.295992
30915,9.342906
30936,9.324141
30957,9.326486
30978,9.352288
30999,9.2913
31020,9.446118
31041,9.425007
31062,9.326486
31083,9.385129
31104,9.462538
31125,9.50007
31146,9.558713
31168,9.605627
31189,9.378092
31210,9.593899
31231,9.612664
31252,9.509453
31273,9.629085
31294,9.591553
31315,9.629085
31336,9.572787
31357,9.636122
31378,9.678345
31399,9.751062
31420,9.736988
31441,9.915263
31462,9.868348
31483,9.880077
31504,9.849584
31525,9.90588
31546,9.870694
31567,9.812052
31588,10.04897
31609,10.03724
31630,9.863657
31651,9.919954
31672,10.00675
31693,9.882422
31714,9.851928
31735,9.90588
31756,9.929338
31777,9.976252
31798,9.992672
31819,9.955141
31840,9.924646
31861,10.0044
31882,9.98798
31903,9.990326
31924,10.02317
31945,9.969215
31966,10.0044
31987,10.04662
32008,10.06305
32029,10.11465
32050,10.1123
32071,10.22959
32092,10.09119
32113,10.1428
32134,10.17798
32155,10.21083
32176,10.2249
32197,10.2507
32218,10.27416
32239,10.2765
32260,10.25539
32281,10.25539
32302,10.30231
32323,10.27181
32344,10.30935
32365,10.31169
32386,10.36799
32407,10.36564
32428,10.37972
32449,10.39379
32470,10.45009
32491,10.43367
32512,10.37972
32533,10.42429
32554,10.43367
32575,10.48997
32596,10.45478
32617,10.53453
32638,10.56972
32659,10.49935
32680,10.6354
32701,10.53923
32722,10.49231
32743,10.61429
32764,10.51108
32785,10.51342
32806,10.38675
32827,10.48762
32848,10.62836
32869,10.47355
32890,10.497
32911,10.38675
32932,10.37268
32953,10.40083
32974,10.43132
32995,10.37033
33016,10.28823
33037,10.1991
33058,10.19206
33079,10.15687
33100,10.20613
33121,10.18268
33142,10.1428
33163,10.12872
33184,10.08181
33205,10.15687
33226,10.10761
33247,10.11934
33268,10.10527
33289,10.117
33310,10.1123
33331,10.1123
33352,10.20144
33373,10.14045
33394,10.16391
33415,10.15687
33436,10.26712
33457,10.19206
33478,10.15218
33500,10.12638
33521,10.21552
33542,10.12169
33563,10.01144
33584,10.12169
33605,10.05366
33626,10.00675
33647,9.992672
33668,9.973906
33689,9.896498
33710,9.880077
33731,9.941067
33752,9.936375
33773,9.870694
33794,9.751062
33815,9.837853
33836,9.715877
33857,9.732296
33878,9.819089
33899,9.765137
33920,9.734642
33941,9.66427
33962,9.652542
33983,9.673654
34004,9.692419
34025,9.659579
34046,9.631431
34067,9.626739
34088,9.692419
34109,9.591553
34130,9.629085
34151,9.64785
34172,9.584516
34193,9.619701
34214,9.579824
34235,9.544639
34256,9.558713
34277,9.556367
34298,9.504761
34319,9.577478
34340,9.626739
34361,9.493032
34382,9.551676
34403,9.575133
34424,9.41797
34445,9.584516
34466,9.521181
34487,9.530564
34508,9.528218
34529,9.523527
34550,9.619701
34571,9.579824
34592,9.537601
34613,9.476612
34634,9.481303
34655,9.462538
34676,9.457847
34697,9.528218
34718,9.41797
34739,9.413278
34760,9.441426
34781,9.420315
34802,9.34056
34823,9.260805
34844,9.352288
34865,9.359325
34886,9.434389
34907,9.366363
34928,9.333523
34949,9.199817
34970,9.30772
34991,9.403895
35012,9.396858
35033,9.34056
35054,9.288955
35075,9.331178
35096,9.270188
35117,9.328832
35138,9.27488
35159,9.305374
35180,9.23031
35201,9.279572
35222,9.286609
35243,9.298337
35264,9.314757
35285,9.183396
35306,9.25846
35327,9.235003
35348,9.27488
35369,9.366363
35390,9.328832
35411,9.277225
35432,9.277225
35453,9.239694
35474,9.19278
35495,9.326486
35516,9.171668
35537,9.246731
35558,9.272534
35579,9.490686
35600,9.387475
35621,9.312411
35642,9.328832
35663,9.387475
35684,9.53291
35705,9.556367
35726,9.584516
35747,9.457847
35768,9.544639
35789,9.622047
35810,9.751062
35831,9.769828
35852,9.727605
35873,9.769828
35894,9.901189
35915,9.959831
35936,9.950449
35957,9.917608
35978,9.924646
35999,10.15218
36020,10.17798
36041,10.09823
36062,10.06773
36083,10.07712
36104,10.0865
36125,10.09119
36146,10.06539
36167,10.13107
36188,9.995018
36209,9.971561
36230,9.978598
36251,9.997364
36272,10.10058
36293,10.01613
36314,9.889461
36335,9.842546
36356,9.861312
36377,9.995018
36398,9.875386
36419,9.917608
36440,9.837853
36461,9.903535
36482,9.955141
36503,9.985635
36524,9.903535
36545,9.934029
36566,9.87304
36587,9.762791
36608,9.938721
36629,9.959831
36650,9.7581
36671,9.938721
36692,9.837853
36713,9.858966
36734,9.931683
36755,9.877731
36776,9.809706
36797,9.819089
36818,9.823779
36839,9.812052
36860,9.793285
36881,9.938721
36902,9.788594
36923,9.788594
36944,9.926992
36965,9.835509
36986,9.880077
37007,9.903535
37028,9.976252
37049,9.999709
37070,9.912917
37091,9.908226
37112,9.90588
37133,9.908226
37154,9.929338
37175,9.964523
37196,9.924646
37217,9.945757
37238,9.941067
37259,10.10292
37280,10.19675
37301,10.12169
37322,10.0302
37343,10.04428
37364,10.01613
37385,10.00909
37406,10.05835
37427,10.117
37448,10.18033
37469,10.17095
37490,10.23897
37511,10.1991
37532,10.20144
37553,10.13576
37574,10.17329
37595,10.21786
37616,10.2249
37637,10.30231
37658,10.22021
37679,10.31169
37700,10.23897
37721,10.29996
37742,10.35157
37763,10.33749
37784,10.24132
37805,10.29292
37826,10.22725
37847,10.32107
37868,10.34453
37889,10.16391
37910,10.26243
37931,10.26243
37952,10.37268
37973,10.20848
37994,10.18971
38015,10.11465
38036,10.15453
38057,10.13811
38078,10.14045
38099,10.06773
38120,10.05835
38141,10.16391
38162,10.10527
38183,10.07712
38204,10.07243
38225,10.06773
38246,10.17095
38267,10.20379
38288,10.15687
38309,10.1991
38330,10.20379
38351,10.1686
38372,10.26008
38393,10.17329
38414,10.14045
38435,10.19206
38456,10.13576
38477,10.09119
38498,10.13576
38519,10.14514
38540,10.14045
38561,10.14984
38582,10.08416
38603,10.07008
38624,10.06773
38645,10.07712
38666,9.966869
38687,9.901189
38708,9.957487
38729,9.964523
38750,9.854274
38771,9.917608
38792,9.959831
38813,9.962177
38834,9.840199
38855,10.00206
38876,10.01144
38897,9.964523
38918,9.945757
38939,10.04193
38960,10.09119
38981,9.966869
39002,10.18502
39023,10.08181
39044,10.04662
39065,10.05601
39086,10.13107
39107,10.14749
39128,10.08416
39149,10.17564
39170,10.12169
39191,10.0865
39212,10.13811
39233,10.18033
39254,10.07712
39275,10.12638
39296,10.1686
39317,10.14749
39338,10.02082
39359,10.0302
39380,9.969215
39401,9.917608
39422,9.812052
39443,9.896498
39464,9.858966
39485,9.760445
39506,9.652542
39527,9.687728
39548,9.589207
39569,9.631431
39590,9.568096
39611,9.51649
39632,9.481303
39653,9.41797
39674,9.471921
39695,9.446118
39716,9.410933
39737,9.371055
39758,9.401549
39779,9.396858
39800,9.403895
39821,9.359325
39842,9.35698
39863,9.373401
39884,9.443772
39905,9.554022
39926,9.48834
39947,9.443772
39968,9.502416
39989,9.554022
40010,9.495378
40031,9.638468
40052,9.539948
40073,9.474266
40094,9.443772
40115,9.507107
40136,9.542293
40157,9.48834
40178,9.434389
40199,9.525873
40220,9.474266
40241,9.432044
40262,9.453156
40283,9.415624
40304,9.478958
40325,9.38982
40346,9.434389
40367,9.450809
40388,9.450809
40409,9.434389
40430,9.394512
40451,9.373401
40472,9.380438
40493,9.415624
40514,9.380438
40535,9.40624
40556,9.354634
40577,9.319448
40598,9.321795
40619,9.305374
40640,9.366363
40661,9.338214
40682,9.420315
40703,9.34056
40724,9.347597
40745,9.30772
40766,9.380438
40787,9.40624
40808,9.361671
40829,9.364017
40850,9.443772
40871,9.469575
40892,9.335869
40913,9.497724
40934,9.436735
40955,9.415624
40976,9.425007
40997,9.509453
41018,9.521181
41039,9.544639
41060,9.593899
41081,9.542293
41102,9.537601
41123,9.464884
41144,9.50007
41165,9.561059
41186,9.469575
41207,9.415624
41228,9.48834
41249,9.410933
41270,9.48834
41291,9.54933
41312,9.523527
41333,9.455501
41354,9.521181
41375,9.570441
41396,9.544639
41417,9.544639
41438,9.551676
41459,9.629085
41480,9.687728
41501,9.736988
41522,9.697111
41543,9.633776
41564,9.718222
41585,9.629085
41606,9.697111
41627,9.652542
41648,9.786248
41669,9.680691
41690,9.821435
41711,9.762791
41732,9.66427
41753,9.66427
41774,9.795631
41795,9.77452
41816,9.800323
41837,9.919954
41858,9.903535
41879,9.699456
41900,9.844892
41921,9.936375
41942,10.02082
41963,9.973906
41984,9.910572
42005,9.980944
42026,10.15687
42047,10.09119
42068,10.09588
42089,10.08416
42110,10.16391
42131,10.24601
42152,10.29292
42173,10.26478
42194,10.33984
42215,10.32107
42236,10.2812
42257,10.34453
42278,10.38441
42299,10.40552
42320,10.26947
42341,10.38441
42362,10.41021
42383,10.42194
42404,10.42194
42425,10.36095
42446,10.57441
42467,10.64713
42488,10.55799
42509,10.49231
42530,10.497
42551,10.55799
42572,10.45478
42593,10.5533
42614,10.57207
42635,10.62602
42656,10.53923
42677,10.42663
42698,10.45009
42719,10.42429
42740,10.42429
42761,10.42898
42782,10.51577
42803,10.46182
42824,10.38441
42845,10.38441
42866,10.30465
42887,10.36095
42908,10.30935
42929,10.29762
42950,10.44071
42971,10.38675
42992,10.23897
43013,10.24366
43034,10.27181
43055,10.29996
43076,10.3328
43097,10.33749
43118,10.24366
43139,10.20613
43160,10.30935
43181,10.26947
43202,10.29762
43223,10.28823
43244,10.35157
43265,10.46885
43286,10.51342
43307,10.53688
43328,10.46885
43349,10.36095
43370,10.34219
43391,10.37268
43412,10.43601
43433,10.45244
43454,10.37503
43475,10.42429
43496,10.32576
43517,10.34219
43538,10.43601
43559,10.30935
43580,10.26478
43601,10.22725
43622,10.26947
43643,10.10527
43664,10.07946
43685,10.04897
43706,10.10996
43727,10.00206
43748,10.00909
43769,9.870694
43790,9.908226
43811,9.901189
43832,9.950449
43853,9.931683
43874,9.863657
43895,9.85662
43916,9.866002
43937,9.929338
43958,9.781557
43979,9.704147
44000,9.708839
44021,9.685382
44042,9.638468
44063,9.795631
44084,9.575133
44105,9.535255
44126,9.523527
44147,9.518835
44168,9.425007
44189,9.443772
44210,9.481303
44231,9.441426
44252,9.48834
44273,9.483649
44294,9.413278
44315,9.432044
44336,9.371055
44357,9.361671
44378,9.410933
44399,9.394512
44420,9.432044
44441,9.446118
44462,9.434389
44483,9.195126
44504,9.314757
44525,9.352288
44546,9.467229
44567,9.403895
44588,9.2913
44609,9.312411
44630,9.368709
44651,9.354634
44672,9.392166
44693,9.352288
44714,9.314757
44735,9.399203
44756,9.425007
44777,9.48834
44798,9.380438
44819,9.366363
44840,9.331178
44861,9.396858
44882,9.485995
44903,9.429698
44924,9.399203
44945,9.410933
44966,9.455501
44987,9.448463
45008,9.40624
45029,9.441426
45050,9.457847
45071,9.450809
45092,9.425007
45113,9.41797
45134,9.495378
45155,9.396858
45176,9.333523
45197,9.483649
45218,9.448463
45239,9.385129
45260,9.366363
45281,9.244386
45302,9.305374
45323,9.321795
45344,9.270188
45365,9.225619
45386,9.267843
45407,9.260805
45428,9.244386
45449,9.15994
45470,9.244386
45491,9.171668
45512,9.295992
45533,9.232656
45554,9.305374
45575,9.347597
45596,9.324141
45617,9.293646
45638,9.335869
45659,9.349943
45680,9.364017
45701,9.352288
45722,9.27488
45743,9.539948
45764,9.467229
45785,9.312411
45806,9.429698
45827,9.366363
45848,9.399203
45869,9.471921
45890,9.429698
45911,9.556367
45932,9.554022
45953,9.59859
45974,9.622047
45995,9.561059
46016,9.593899
46037,9.636122
46058,9.556367
46079,9.652542
46100,9.657233
46121,9.685382
46142,9.711185
46163,9.671308
46184,9.720568
46205,9.711185
46226,9.870694
46247,9.809706
46268,9.833163
46289,9.788594
46310,10.05366
46331,9.999709
46352,9.966869
46373,10.02786
46394,10.15218
46415,10.07008
46436,10.20613
46457,10.16156
46478,10.22725
46499,10.31638
46520,10.37972
46541,10.39848
46562,10.44071
46583,10.39145
46604,10.39145
46625,10.44774
46646,10.36564
46667,10.37737
46688,10.43367
46709,10.48058
46730,10.53923
46751,10.50639
46772,10.45009
46793,10.49466
46814,10.51108
46835,10.50404
46856,10.53453
46877,10.45244
46898,10.27885
46919,10.26712
46940,10.33046
46961,10.32342
46982,10.34688
47003,10.25305
47024,10.2507
47045,10.15453
47066,10.23663
47087,10.07243
47108,10.17095
47129,10.21552
47150,10.22725
47171,10.23194
47192,10.09823
47213,10.13342
47234,10.1686
47255,10.21552
47276,10.19206
47297,10.06305
47318,10.23428
47339,10.2507
47360,10.2812
47381,10.20613
47402,10.20848
47423,10.24366
47444,10.2765
47465,10.3891
47486,10.18502
47507,10.20144
47528,10.16391
47549,10.23194
47570,10.32811
47591,10.30465
47612,10.30231
47633,10.24366
47654,10.20144
47675,10.26243
47696,10.16391
47717,10.25305
47738,10.2812
47759,10.25774
47780,10.24601
47801,10.22021
47822,10.17095
47843,10.24366
47864,10.24366
47885,10.22725
47906,10.19206
47927,10.17095
47948,10.22959
47969,10.22725
47990,10.27416
48011,10.24836
48032,10.18971
48053,10.2765
48074,10.29996
48095,10.26712
48116,10.27181
48137,10.27181
48158,10.26243
48179,10.30231
48200,10.1991
48221,10.23194
48242,10.25539
48263,10.26947
48284,10.20144
48305,10.17329
48326,10.23663
48347,10.20144
48368,10.10058
48389,10.16156
48410,10.09119
48431,10.08416
48452,10.05835
48473,9.999709
48494,9.997364
48515,9.973906
48536,9.835509
48557,9.830817
48578,9.908226
48599,9.833163
48620,9.765137
48641,9.776865
48662,9.842546
48683,9.753407
48704,9.699456
48725,9.74637
48746,9.727605
48767,9.769828
48788,9.579824
48809,9.579824
48830,9.626739
48851,9.61501
48872,9.685382
48893,9.586862
48914,9.600936
48935,9.661925
48956,9.633776
48977,9.612664
48998,9.558713
49019,9.622047
49040,9.54933
49061,9.539948
49082,9.619701
49103,9.617355
49124,9.558713
49145,9.58217
49166,9.584516
49187,9.612664
49208,9.59859
49229,9.54933
49250,9.61501
49271,9.610318
49292,9.554022
49313,9.54933
49334,9.586862
49355,9.626739
49376,9.563404
49397,9.509453
49418,9.61501
49439,9.631431
49460,9.748716
49481,9.687728
49502,9.650196
49523,9.631431
49544,9.638468
49565,9.713531
49586,9.776865
49607,9.722914
49628,9.722914
49649,9.711185
49670,9.676
49691,9.755754
49712,9.690074
49733,9.748716
49754,9.666616
49775,9.734642
49796,9.722914
49817,9.781557
49838,9.708839
49859,9.715877
49880,9.732296
49901,9.685382
49922,9.715877
49943,9.819089
49964,9.683037
49985,9.7581
50006,9.687728
50027,9.694765
50048,9.690074
50069,9.638468
50090,9.708839
50111,9.692419
50132,9.711185
50153,9.66427
50174,9.577478
50195,9.629085
50216,9.572787
50237,9.537601
50258,9.450809
50279,9.427352
50300,9.490686
50321,9.514144
50342,9.462538
50363,9.396858
50384,9.382783
50405,9.457847
50426,9.385129
50447,9.434389
50468,9.40624
50489,9.375746
50510,9.373401
50531,9.425007
50552,9.443772
50573,9.490686
50594,9.493032
50615,9.495378
50636,9.450809
50657,9.422661
50678,9.51649
50699,9.511798
50720,9.58217
50741,9.54933
50762,9.561059
50783,9.521181
50804,9.58217
50825,9.542293
50846,9.434389
50867,9.415624
50888,9.539948
50909,9.558713
50930,9.439081
50951,9.364017
50972,9.523527
50993,9.535255
51014,9.48834
51035,9.460192
51056,9.497724
51077,9.469575
51098,9.434389
51119,9.530564
51140,9.478958
51161,9.422661
51182,9.53291
51203,9.629085
51224,9.537601
51245,9.50007
51266,9.561059
51287,9.626739
51308,9.575133
51329,9.676
51350,9.699456
51371,9.683037
51392,9.706493
51413,9.802669
51434,9.751062
51455,9.699456
51476,9.781557
51497,9.823779
51518,9.741679
51539,9.77452
51560,9.744025
51581,9.797977
51602,9.79094
51623,9.7581
51644,9.715877
51665,9.666616
51686,9.668962
51707,9.797977
51728,9.79094
51749,9.720568
51770,9.826125
51791,9.776865
51812,9.74637
51836,9.779211
51861,9.830817
51882,9.755754
51903,9.959831
51924,9.79094
51945,9.842546
51966,9.884768
51987,9.945757
52008,9.931683
52029,10.02082
52050,10.07946
52071,10.00675
52092,10.06539
52113,10.03959
52134,10.05835
52155,10.08181
52176,10.12872
52197,10.03959
52218,10.22021
52239,10.18971
52260,10.18033
52281,10.16156
52302,10.15922
52323,10.24132
52344,10.34219
52365,10.31873
52386,10.32342
52407,10.34922
52428,10.28354
52449,10.34922
52470,10.37268
52491,10.2812
52512,10.22725
52533,10.33515
52554,10.2507
52575,10.26243
52596,10.34219
52617,10.39848
52638,10.33515
52659,10.30465
52680,10.27416
52701,10.32811
52722,10.27416
52743,10.30935
52764,10.34453
52785,10.32576
52806,10.32811
52827,10.32342
52848,10.29527
52869,10.2507
52890,10.35861
52911,10.3633
52932,10.33515
52953,10.30935
52974,10.40787
52995,10.33749
53016,10.31404
53037,10.34219
53058,10.36564
53079,10.32576
53100,10.33515
53121,10.32107
53142,10.25305
53163,10.29762
53184,10.26008
53205,10.20848
53226,10.25539
53247,10.26243
53268,10.21552
53289,10.10292
53310,10.13576
53331,10.10761
53352,10.09588
53373,10.02082
53394,10.0044
53415,10.04193
53436,9.980944
53457,10.07712
53478,9.962177
53500,10.04897
53521,9.997364
53542,10.01144
53563,10.03255
53584,10.0302
53605,10.06773
53626,10.02551
53647,10.05835
53668,10.01613
53689,10.1123
53710,10.14045
53731,10.02082
53752,10.0607
53773,10.02082
53794,10.01144
53815,9.964523
53836,10.0865
53857,10.03489
53878,9.98329
53899,10.08416
53920,10.07243
53941,10.02317
53962,10.05601
53983,10.04662
54004,10.00909
54025,10.04428
54046,9.948103
54067,9.931683
54088,9.990326
54109,9.969215
54130,9.969215
54151,9.90588
54172,9.943413
54193,9.952795
54214,9.926992
54235,9.880077
54256,9.875386
54277,9.814397
54298,9.837853
54319,9.863657
54340,9.814397
54361,9.718222
54382,9.816743
54403,9.718222
54424,9.659579
54445,9.708839
54466,9.711185
54487,9.701802
54508,9.697111
54529,9.659579
54550,9.673654
54571,9.715877
54592,9.673654
54613,9.692419
54634,9.568096
54655,9.654888
54676,9.694765
54697,9.593899
54718,9.786248
54739,9.697111
54760,9.61501
54781,9.694765
54802,9.720568
54823,9.694765
54844,9.699456
54865,9.690074
54886,9.673654
54907,9.650196
54928,9.624393
54949,9.692419
54970,9.640813
54991,9.58217
55012,9.586862
55033,9.56575
55054,9.58217
55075,9.554022
55096,9.624393
55117,9.577478
55138,9.579824
55159,9.61501
55180,9.502416
55201,9.56575
55222,9.61501
55243,9.586862
55264,9.605627
55285,9.591553
55306,9.619701
55327,9.659579
55348,9.654888
55369,9.591553
55390,9.539948
55411,9.542293
55432,9.568096
55453,9.629085
55474,9.568096
55495,9.603281
55516,9.575133
55537,9.530564
55558,9.490686
55579,9.483649
55600,9.50007
55621,9.457847
55642,9.493032
55663,9.50007
55684,9.467229
55705,9.38982
55726,9.432044
55747,9.385129
55768,9.380438
55789,9.354634
55810,9.333523
55831,9.366363
55852,9.345251
55873,9.35698
55894,9.317103
55915,9.349943
55936,9.35698
55957,9.310066
55978,9.396858
55999,9.371055
56020,9.427352
56041,9.478958
56062,9.408587
56083,9.38982
56104,9.483649
56125,9.521181
56146,9.528218
56167,9.490686
56188,9.54933
56209,9.511798
56230,9.558713
56251,9.507107
56272,9.514144
56293,9.558713
56314,9.570441
56335,9.54933
56356,9.53291
56377,9.464884
56398,9.528218
56419,9.521181
56440,9.563404
56461,9.448463
56482,9.326486
56503,9.622047
56524,9.509453
56545,9.439081
56566,9.539948
56587,9.511798
56608,9.56575
56629,9.446118
56650,9.425007
56671,9.537601
56692,9.589207
56713,9.563404
56734,9.554022
56755,9.584516
56776,9.591553
56797,9.685382
56818,9.617355
56839,9.685382
56860,9.596244
56881,9.652542
56902,9.676
56923,9.713531
56944,9.727605
56965,9.74637
56986,9.659579
57007,9.727605
57028,9.854274
57049,9.816743
57070,9.814397
57091,9.786248
57112,9.866002
57133,9.889461
57154,9.901189
57175,9.945757
57196,9.952795
57217,10.06305
57238,10.07477
57259,10.05835
57280,10.17564
57301,10.34219
57322,10.23663
57343,10.22725
57364,10.24366
57385,10.26712
57406,10.32811
57427,10.32342
57448,10.41021
57469,10.39145
57490,10.37737
57511,10.37503
57532,10.40317
57553,10.42898
57574,10.43132
57595,10.42194
57616,10.48762
57637,10.47355
57658,10.4454
57679,10.35391
57700,10.35626
57721,10.39614
57742,10.41021
57763,10.39848
57784,10.54861
57805,10.5275
57826,10.48997
57847,10.48293
57868,10.45009
57889,10.40787
57910,10.53923
57931,10.52984
57952,10.50873
57973,10.51342
57994,10.56268
58015,10.54157
58036,10.52515
58057,10.49231
58078,10.46885
58099,10.44071
58120,10.37268
58141,10.48528
58162,10.3328
58183,10.29527
58204,10.37503
58225,10.34688
58246,10.36564
58267,10.43132
58288,10.33515
58309,10.3328
58330,10.32576
58351,10.33046
58372,10.307
58393,10.33984
58414,10.25305
58435,10.27181
58456,10.2507
58477,10.19441
58498,10.2812
58519,10.25539
58540,10.29762
58561,10.24601
58582,10.07946
58603,10.18268
58624,10.26712
58645,10.23897
58666,10.19441
58687,10.22725
58708,10.16391
58729,10.11934
58750,10.16626
58771,10.16626
58792,10.14749
58813,10.20144
58834,10.12403
58855,10.06773
58876,10.09588
58897,10.10761
58918,10.16156
58939,10.10058
58960,10.08181
58981,10.07946
59002,10.10292
59023,10.1123
59044,10.03959
59065,10.00675
59086,9.98798
59107,9.919954
59128,9.978598
59149,9.910572
59170,9.910572
59191,9.863657
59212,9.769828
59233,9.800323
59254,9.894152
59275,9.870694
59296,9.866002
59317,9.840199
59338,9.74637
59359,9.715877
59380,9.725259
59401,9.769828
59422,9.678345
59443,9.720568
59464,9.650196
59485,9.676
59506,9.779211
59527,9.676
59548,9.624393
59569,9.650196
59590,9.591553
59611,9.607973
59632,9.713531
59653,9.697111
59674,9.561059
59695,9.570441
59716,9.668962
59737,9.523527
59758,9.64785
59779,9.535255
59800,9.58217
59821,9.546985
59842,9.568096
59863,9.483649
59884,9.554022
59905,9.51649
59926,9.54933
59947,9.556367
59968,9.56575
59989,9.600936
60010,9.561059
60031,9.570441
60052,9.54933
60073,9.58217
60094,9.568096
60115,9.59859
60136,9.612664
60157,9.586862
60178,9.596244
60199,9.666616
60220,9.610318
60241,9.586862
60262,9.64785
60283,9.680691
60304,9.676
60325,9.612664
60346,9.596244
60367,9.584516
60388,9.619701
60409,9.610318
60430,9.56575
60451,9.575133
60472,9.607973
60493,9.544639
60514,9.568096
60535,9.556367
60556,9.525873
60577,9.542293
60598,9.629085
60619,9.507107
60640,9.504761
60661,9.528218
60682,9.455501
60703,9.41797
60724,9.441426
60745,9.408587
60766,9.373401
60787,9.429698
60808,9.490686
60829,9.38982
60850,9.41797
60871,9.366363
60892,9.382783
60913,9.2913
60934,9.317103
60955,9.448463
60976,9.413278
60997,9.455501
61018,9.490686
61039,9.413278
61060,9.448463
61081,9.345251
61102,9.422661
61123,9.436735
61144,9.385129
61165,9.380438
61186,9.40624
61207,9.432044
61228,9.460192
61249,9.460192
61270,9.427352
61291,9.441426
61312,9.485995
61333,9.495378
61354,9.413278
61375,9.25846
61396,9.464884
61417,9.495378
61438,9.434389
61459,9.425007
61480,9.495378
61501,9.502416
61522,9.511798
61543,9.464884
61564,9.462538
61585,9.546985
61606,9.556367
61627,9.612664
61648,9.570441
61669,9.56575
61690,9.556367
61711,9.694765
61732,9.64785
61753,9.666616
61774,9.680691
61795,9.607973
61816,9.66427
61837,9.800323
61858,9.835509
61879,9.830817
61900,9.762791
61921,9.80736
61942,9.788594
61963,9.849584
61984,9.767483
62005,10.05601
62026,10.02551
62047,10.06773
62068,9.976252
62089,10.13576
62110,10.04428
62131,10.12169
62152,10.13107
62173,10.10996
62194,9.992672
62215,10.26947
62236,10.21786
62257,10.20379
62278,10.2765
62299,10.38441
62320,10.3633
62341,10.46651
62362,10.54392
62383,10.38441
62404,10.49935
62425,10.47824
62446,10.42429
62467,10.5791
62488,10.44305
62509,10.47824
62530,10.51342
62551,10.47824
62572,10.43367
62593,10.59552
62614,10.53923
62635,10.60725
62656,10.5791
62677,10.47589
62698,10.54392
62719,10.46651
62740,10.71985
62761,10.66121
62782,10.65651
62803,10.50873
62824,10.50404
62845,10.6096
62866,10.50639
62887,10.48528
62908,10.43836
62929,10.50639
62950,10.43601
62971,10.43601
62992,10.38441
63013,10.40317
63034,10.34219
63055,10.3328
63076,10.35391
63097,10.35626
63118,10.3328
63139,10.31404
63160,10.35861
63181,10.2812
63202,10.30465
63223,10.25539
63244,10.32811
63265,10.18737
63286,10.1686
63307,10.21083
63328,10.25539
63349,10.23897
63370,10.2812
63391,10.29762
63412,10.24132
63433,10.20848
63454,10.23897
63475,10.22021
63496,10.17564
63517,10.27885
63538,10.31638
63559,10.25774
63580,10.23194
63601,10.24601
63622,10.26008
63643,10.30935
63664,10.22959
63685,10.19206
63706,10.28354
63727,10.23897
63748,10.18971
63769,10.22255
63790,10.13107
63811,10.11465
63832,10.05366
63853,10.07243
63874,10.16156
63895,10.07712
63916,9.926992
63937,10.07243
63958,9.955141
63979,9.870694
64000,9.929338
64021,9.912917
64042,9.919954
64063,9.887115
64084,9.882422
64105,9.966869
64126,9.941067
64147,9.842546
64168,9.910572
64189,9.786248
64210,9.748716
64231,9.762791
64252,9.715877
64273,9.739333
64294,9.701802
64315,9.668962
64336,9.636122
64357,9.633776
64378,9.593899
64399,9.650196
64420,9.61501
64441,9.624393
64462,9.535255
64483,9.54933
64504,9.525873
64525,9.605627
64546,9.622047
64567,9.563404
64588,9.476612
64609,9.558713
64630,9.572787
64651,9.544639
64672,9.427352
64693,9.584516
64714,9.563404
64735,9.483649
64756,9.495378
64777,9.59859
64798,9.558713
64819,9.551676
64840,9.514144
64861,9.53291
64882,9.495378
64903,9.636122
64924,9.650196
64945,9.596244
64966,9.48834
64987,9.59859
65008,9.521181
65029,9.58217
65050,9.521181
65071,9.624393
65092,9.539948
65113,9.570441
65134,9.467229
65155,9.53291
65176,9.521181
65197,9.542293
65218,9.572787
65239,9.596244
65260,9.671308
65281,9.518835
65302,9.474266
65323,9.490686
65344,9.570441
65365,9.600936
65386,9.511798
65407,9.568096
65428,9.48834
65449,9.514144
65470,9.382783
65491,9.432044
65512,9.478958
65533,9.54933
65554,9.507107
65575,9.507107
65596,9.464884
65617,9.413278
65638,9.420315
65659,9.415624
65680,9.462538
65701,9.448463
65722,9.455501
65743,9.490686
65764,9.415624
65785,9.368709
65806,9.448463
65827,9.394512
65848,9.453156
65869,9.511798
65890,9.521181
65911,9.556367
65932,9.495378
65953,9.495378
65974,9.380438
65995,9.48834
66016,9.497724
66037,9.53291
66058,9.561059
66079,9.584516
66100,9.537601
66121,9.469575
66142,9.471921
66163,9.554022
66184,9.56575
66205,9.554022
66226,9.481303
66247,9.446118
66268,9.497724
66289,9.535255
66310,9.48834
66331,9.51649
66352,9.58217
66373,9.542293
66394,9.54933
66415,9.478958
66436,9.586862
66457,9.633776
66478,9.680691
66499,9.753407
66520,9.64785
66541,9.650196
66562,9.697111
66583,9.643159
66604,9.687728
66625,9.739333
66646,9.678345
66667,9.748716
66688,9.739333
66709,9.767483
66730,9.755754
66751,9.725259
66772,9.762791
66793,9.842546
66814,9.77452
66835,9.80736
66856,9.837853
66877,9.868348
66898,9.814397
66919,9.908226
66940,9.875386
66961,9.863657
66982,10.22725
67003,10.02082
67024,9.894152
67045,10.21552
67066,10.18033
67087,10.05366
67108,10.11465
67129,10.24366
67150,10.14045
67171,10.21786
67192,10.30231
67213,10.23428
67234,10.22725
67255,10.23428
67276,10.24366
67297,10.2812
67318,10.25305
67339,10.34219
67360,10.27181
67381,10.37737
67402,10.32342
67423,10.4149
67444,10.35626
67465,10.50404
67486,10.29762
67507,10.3891
67528,10.34219
67549,10.46885
67570,10.45713
67591,10.48762
67612,10.47589
67633,10.45244
67654,10.4149
67675,10.44774
67696,10.40787
67717,10.52046
67738,10.43601
67759,10.48762
67780,10.38206
67801,10.54861
67822,10.5275
67843,10.49935
67864,10.46416
67885,10.39848
67906,10.46651
67927,10.43132
67948,10.41256
67969,10.34219
67990,10.39848
68011,10.38675
68032,10.29762
68053,10.37268
68074,10.30935
68095,10.31169
68116,10.34219
68137,10.30465
68158,10.31404
68179,10.25305
68200,10.26712
68221,10.18033
68242,10.23428
68263,10.25305
68284,10.20379
68305,10.22725
68326,10.24836
68347,10.17564
68368,10.2507
68389,10.31873
68410,10.36799
68431,10.35157
68452,10.35157
68473,10.29527
68494,10.3633
68515,10.31638
68536,10.27885
68557,10.33515
68578,10.29527
68599,10.35157
68620,10.28354
68641,10.28589
68662,10.25305
68683,10.22255
68704,10.25539
68725,10.18502
68746,10.24836
68767,10.14514
68788,10.17798
68809,10.04428
68830,10.117
68851,9.992672
68872,10.00675
68893,9.976252
68914,10.08416
68935,9.962177
68956,9.964523
68977,9.943413
68998,9.898843
69019,9.90588
69040,9.863657
69061,9.973906
69082,9.915263
69103,9.969215
69124,9.797977
69145,9.617355
69166,9.643159
69187,9.687728
69208,9.744025
69229,9.66427
69250,9.64785
69271,9.607973
69292,9.539948
69313,9.539948
69334,9.554022
69355,9.568096
69376,9.483649
69397,9.554022
69418,9.429698
69439,9.535255
69460,9.448463
69481,9.507107
69502,9.54933
69523,9.495378
69544,9.554022
69565,9.51649
69586,9.554022
69607,9.507107
69628,9.514144
69649,9.535255
69670,9.450809
69691,9.56575
69712,9.530564
69733,9.490686
69754,9.551676
69775,9.530564
69796,9.464884
69817,9.490686
69838,9.546985
69859,9.507107
69880,9.558713
69901,9.575133
69922,9.507107
69943,9.504761
69964,9.502416
69985,9.453156
70006,9.523527
70027,9.464884
70048,9.556367
70069,9.483649
70090,9.495378
70111,9.48834
70132,9.558713
70153,9.561059
70174,9.521181
70195,9.507107
70216,9.575133
70237,9.551676
70258,9.453156
70279,9.387475
70300,9.530564
70321,9.497724
70342,9.476612
70363,9.422661
70384,9.415624
70405,9.371055
70426,9.368709
70447,9.286609
70468,9.338214
70489,9.34056
70510,9.345251
70531,9.305374
70552,9.366363
70573,9.284263
70594,9.328832
70615,9.293646
70636,9.326486
70657,9.288955
70678,9.366363
70699,9.328832
70720,9.34056
70741,9.328832
70762,9.401549
70783,9.364017
70804,9.427352
70825,9.464884
70846,9.467229
70867,9.53291
70888,9.619701
70909,9.511798
70930,9.450809
70951,9.530564
70972,9.572787
70993,9.509453
71014,9.558713
71035,9.591553
71056,9.633776
71077,9.443772
71098,9.636122
71119,9.629085
71140,9.617355
71161,9.537601
71182,9.650196
71203,9.542293
71224,9.572787
71245,9.518835
71266,9.591553
71287,9.605627
71308,9.652542
71329,9.654888
71350,9.558713
71371,9.629085
71392,9.753407
71413,9.680691
71434,9.732296
71455,9.699456
71476,9.744025
71497,9.814397
71518,9.812052
71539,9.795631
71560,9.866002
71581,9.854274
71602,9.840199
71623,9.861312
71644,9.973906
71665,9.87304
71686,9.955141
71707,10.05132
71728,9.910572
71749,10.06773
71770,10.08885
71791,10.00206
71812,10.06773
71833,10.09119
71854,9.971561
71875,10.15922
71896,10.18033
71917,10.09119
71938,10.13811
71959,10.19206
71980,10.19675
72001,10.14749
72022,10.2812
72043,10.23897
72064,10.15687
72085,10.28823
72106,10.16626
72127,10.27181
72148,10.23428
72169,10.29996
72190,10.34688
72211,10.25539
72232,10.24132
72253,10.2812
72274,10.34922
72295,10.37737
72316,10.3633
72337,10.39145
72358,10.41256
72379,10.45947
72400,10.44774
72421,10.43836
72442,10.42194
72463,10.39848
72484,10.3633
72505,10.34219
72526,10.34453
72547,10.44305
72568,10.35861
72589,10.31873
72610,10.35157
72631,10.44071
72652,10.41256
72673,10.36799
72694,10.3891
72715,10.36799
72736,10.25774
72757,10.37737
72778,10.29996
72799,10.26243
72820,10.22255
72841,10.29762
72862,10.22959
72883,10.25539
72904,10.21786
72925,10.14045
72946,10.18033
72967,10.21786
72988,10.14984
73009,10.13342
73030,10.19441
73051,10.15453
73072,10.16626
73093,10.22725
73114,10.22021
73135,10.23897
73156,10.21786
73177,10.20144
73198,10.22255
73219,10.18268
73240,10.18737
73261,10.19675
73282,10.22725
73303,10.20613
73324,10.1991
73345,10.24836
73366,10.27885
73387,10.31169
73408,10.22021
73429,10.23194
73450,10.24601
73471,10.20848
73492,10.23428
73513,10.27416
73534,10.1686
73555,10.23897
73576,10.34219
73597,10.24601
73618,10.13811
73639,10.17798
73660,10.16391
73681,10.18033
73702,10.29058
73723,10.16156
73744,10.02317
73765,9.957487
73786,10.09119
73807,9.9223
73828,10.0302
73849,9.931683
73870,9.980944
73891,9.934029
73912,9.971561
73933,9.880077
73954,9.976252
73975,9.957487
73996,9.863657
74017,9.966869
74038,9.9223
74059,9.802669
74080,9.919954
74101,9.833163
74122,9.833163
74143,9.957487
74164,9.734642
74185,9.776865
74206,9.629085
74227,9.722914
74248,9.654888
74269,9.66427
74290,9.586862
74311,9.661925
74332,9.678345
74353,9.589207
74374,9.600936
74395,9.584516
74416,9.584516
74437,9.558713
74458,9.603281
74479,9.509453
74500,9.493032
74521,9.471921
74542,9.439081
74563,9.490686
74584,9.436735
74605,9.457847
74626,9.457847
74647,9.455501
74668,9.354634
74689,9.331178
74710,9.455501
74731,9.385129
74752,9.422661
74773,9.359325
74794,9.38982
74815,9.335869
74836,9.396858
74857,9.432044
74878,9.347597
74899,9.347597
74920,9.293646
74941,9.464884
74962,9.382783
74983,9.396858
75004,9.288955
75025,9.331178
75046,9.303029
75067,9.408587
75088,9.446118
75109,9.305374
75130,9.373401
75151,9.35698
75172,9.396858
75193,9.448463
75214,9.310066
75235,9.27488
75256,9.305374
75277,9.436735
75298,9.371055
75319,9.366363
75340,9.415624
75361,9.321795
75382,9.366363
75403,9.399203
75424,9.380438
75445,9.469575
75466,9.41797
75487,9.429698
75508,9.539948
75529,9.50007
75550,9.425007
75571,9.457847
75592,9.497724
75613,9.558713
75634,9.535255
75655,9.586862
75676,9.652542
75697,9.636122
75718,9.657233
75739,9.600936
75760,9.624393
75781,9.751062
75802,9.629085
75823,9.636122
75844,9.657233
75865,9.659579
75886,9.678345
75907,9.659579
75928,9.701802
75949,9.650196
75970,9.612664
75991,9.671308
76012,9.685382
76033,9.626739
76054,9.692419
76075,9.603281
76096,9.636122
76117,9.671308
76138,9.622047
76159,9.603281
76180,9.596244
76201,9.518835
76222,9.61501
76243,9.7581
76264,9.645505
76285,9.690074
76306,9.701802
76327,9.690074
76348,9.668962
76369,9.720568
76390,9.720568
76411,9.708839
76432,9.711185
76453,9.781557
76474,9.765137
76495,9.736988
76516,9.788594
76537,9.805015
76558,9.877731
76579,9.854274
76600,9.816743
76621,9.851928
76642,9.880077
76663,9.896498
76684,9.917608
76705,9.884768
76726,9.701802
76747,10.04428
76768,10.0607
76789,9.903535
76810,9.978598
76831,10.13107
76852,10.14749
76873,9.980944
76894,10.21552
76915,10.02551
76936,10.09119
76957,10.09823
76978,10.15687
76999,10.18737
77020,10.09588
77041,10.29292
77062,10.42663
77083,10.41959
77104,10.48528
77125,10.26712
77146,10.26478
77167,10.33515
77188,10.26947
77209,10.34688
77230,10.45244
77251,10.4712
77272,10.4454
77293,10.38441
77314,10.45478
77335,10.48293
77356,10.39614
77377,10.42898
77398,10.54157
77419,10.54392
77440,10.58145
77461,10.49466
77482,10.58145
77503,10.55565
77524,10.62367
77545,10.54392
77566,10.48528
77587,10.48762
77608,10.57207
77629,10.52515
77650,10.52046
77671,10.53923
77692,10.61898
77713,10.54861
77734,10.56503
77755,10.41959
77776,10.497
77797,10.48762
77818,10.33046
77839,10.42663
77860,10.35861
77881,10.35626
77902,10.34688
77923,10.28823
77944,10.32576
77965,10.23663
77986,10.20379
78007,10.15218
78028,10.15922
78049,10.14984
78070,10.20613
78091,10.20848
78112,10.17329
78133,10.22725
78154,10.18737
78175,10.12638
78196,10.13576
78217,10.07477
78238,10.20613
78259,10.15687
78280,10.03724
78301,10.14749
78322,10.12403
78343,10.08416
78364,10.06539
78385,10.07946
78406,9.976252
78427,9.941067
78448,9.985635
78469,10.14045
78490,9.847238
78511,9.966869
78532,9.889461
78553,9.783903
78574,9.910572
78595,9.863657
78616,9.863657
78637,9.842546
78658,9.861312
78679,9.828471
78700,9.797977
78721,9.849584
78742,9.891806
78763,9.685382
78784,9.779211
78805,9.748716
78826,9.659579
78847,9.671308
78868,9.77452
78889,9.657233
78910,9.727605
78931,9.690074
78952,9.673654
78973,9.713531
78994,9.783903
79015,9.744025
79036,9.666616
79057,9.734642
79078,9.631431
79099,9.668962
79120,9.612664
79141,9.671308
79162,9.546985
79183,9.718222
79204,9.680691
79225,9.678345
79246,9.577478
79267,9.650196
79288,9.687728
79309,9.610318
79330,9.563404
79351,9.661925
79372,9.575133
79393,9.51649
79414,9.603281
79435,9.58217
79456,9.568096
79477,9.59859
79498,9.572787
79519,9.58217
79540,9.605627
79561,9.572787
79582,9.591553
79603,9.530564
79624,9.507107
79645,9.605627
79666,9.589207
79687,9.558713
79708,9.546985
79729,9.551676
79750,9.511798
79771,9.542293
79792,9.546985
79813,9.443772
79834,9.471921
79855,9.537601
79876,9.478958
79897,9.507107
79918,9.453156
79939,9.425007
79960,9.474266
79981,9.446118
80002,9.481303
80023,9.342906
80044,9.30772
80065,9.345251
80086,9.380438
80107,9.403895
80128,9.333523
80149,9.303029
80170,9.277225
80191,9.366363
80212,9.368709
80233,9.23031
80254,9.25846
80275,9.263151
80296,9.218582
80317,9.267843
80338,9.272534
80359,9.185742
80380,9.227965
80401,9.148211
80422,9.331178
80443,9.413278
80464,9.251423
80485,9.256114
80506,9.328832
80527,9.293646
80548,9.263151
80569,9.303029
80590,9.321795
80611,9.448463
80632,9.464884
80653,9.462538
80674,9.570441
80695,9.41797
80716,9.554022
80737,9.546985
80758,9.650196
80779,9.718222
80800,9.640813
80821,9.668962
80842,9.725259
80863,9.718222
80884,9.650196
80905,9.755754
80926,9.837853
80947,9.767483
80968,9.690074
80989,9.74637
81010,9.654888
81031,9.694765
81052,9.734642
81073,9.619701
81094,9.699456
81115,9.736988
81136,9.711185
81157,9.772174
81178,9.701802
81199,9.650196
81220,9.7581
81241,9.821435
81262,9.79094
81283,9.776865
81304,9.786248
81325,9.823779
81346,9.863657
81367,9.858966
81388,9.765137
81409,9.79094
81430,9.971561
81451,9.9223
81472,9.828471
81493,9.929338
81514,9.9223
81535,9.971561
81556,9.945757
81577,10.05835
81598,10.08181
81619,10.13342
81640,9.978598
81661,10.19206
81682,10.13342
81703,10.07243
81724,10.09119
81745,10.23897
81766,10.26243
81787,10.26008
81808,10.30465
81829,10.2507
81850,10.16391
81871,10.13107
81892,10.26712
81913,10.26712
81934,10.33749
81955,10.3891
81976,10.32342
81997,10.3328
82018,10.30465
82039,10.35626
82060,10.18971
82081,10.2507
82102,10.29996
82123,10.21786
82144,10.25305
82165,10.34922
82186,10.36564
82207,10.39614
82228,10.40083
82249,10.37737
82270,10.34219
82291,10.2812
82312,10.25539
82333,10.36095
82354,10.36799
82375,10.50169
82396,10.43132
82417,10.37737
82438,10.35626
82459,10.31169
82480,10.3891
82501,10.34453
82522,10.42898
82543,10.40083
82564,10.36799
82585,10.45478
82606,10.27416
82627,10.35391
82648,10.22255
82669,10.26478
82690,10.27181
82711,10.28823
82732,10.22959
82753,10.1991
82774,10.07243
82795,10.21317
82816,10.17564
82837,10.13811
82858,10.14514
82879,10.02786
82900,10.1686
82921,10.12169
82942,10.14749
82963,10.05835
82984,10.15687
83005,10.10292
83026,10.10761
83047,10.03959
83068,10.11934
83089,10.03959
83110,10.03255
83131,10.16156
83152,10.18737
83173,10.18502
83194,10.10058
83215,10.02551
83236,10.08885
83257,10.03489
83278,10.117
83299,10.14749
83320,10.10527
83341,10.06305
83362,10.08416
83383,10.12638
83404,10.03959
83425,10.07243
83446,9.992672
83467,10.08885
83488,10.04193
83509,9.964523
83530,9.948103
83551,10.0865
83572,9.941067
83593,9.854274
83614,9.917608
83635,9.959831
83656,9.995018
83677,9.823779
83698,9.812052
83719,9.828471
83740,9.891806
83761,9.971561
83782,9.797977
83803,9.769828
83824,9.894152
83845,9.87304
83866,9.9223
83887,9.910572
83908,9.910572
83929,9.854274
83950,9.814397
83971,9.844892
83992,9.826125
84013,9.85662
84034,9.765137
84055,9.809706
84076,9.708839
84097,9.793285
84118,9.748716
84139,9.819089
84160,9.814397
84181,9.844892
84202,9.793285
84223,9.781557
84244,9.767483
84265,9.755754
84286,9.720568
84307,9.617355
84328,9.727605
84349,9.687728
84370,9.605627
84391,9.650196
84412,9.640813
84433,9.61501
84454,9.668962
84475,9.692419
84496,9.626739
84517,9.629085
84538,9.640813
84559,9.650196
84580,9.579824
84601,9.687728
84622,9.622047
84643,9.610318
84664,9.671308
84685,9.666616
84706,9.66427
84727,9.715877
84748,9.605627
84769,9.736988
84790,9.64785
84811,9.612664
84832,9.659579
84853,9.612664
84874,9.687728
84895,9.685382
84916,9.652542
84937,9.678345
84958,9.683037
84979,9.638468
85000,9.708839
85021,9.722914
85042,9.661925
85063,9.497724
85084,9.607973
85105,9.638468
85126,9.558713
85147,9.593899
85168,9.586862
85189,9.558713
85210,9.497724
85231,9.539948
85252,9.422661
85273,9.528218
85294,9.502416
85315,9.457847
85336,9.460192
85357,9.436735
85378,9.490686
85399,9.495378
85420,9.359325
85441,9.448463
85462,9.448463
85483,9.502416
85504,9.464884
85525,9.476612
85546,9.446118
85567,9.493032
85588,9.41797
85609,9.561059
85630,9.509453
85651,9.511798
85672,9.619701
85693,9.554022
85714,9.584516
85735,9.523527
85756,9.593899
85777,9.603281
85798,9.821435
85819,9.732296
85840,9.683037
85861,9.748716
85882,9.772174
85903,9.685382
85924,9.800323
85945,9.697111
85966,9.697111
85987,9.692419
86008,9.772174
86029,9.624393
86050,9.619701
86071,9.708839
86092,9.640813
86113,9.685382
86134,9.636122
86155,9.673654
86176,9.673654
86197,9.58217
86218,9.640813
86239,9.727605
86260,9.699456
86281,9.64785
86302,9.643159
86323,9.676
86344,9.622047
86365,9.671308
86386,9.671308
86407,9.708839
86428,9.692419
86449,9.659579
86470,9.607973
86491,9.725259
86512,9.704147
86533,9.739333
86554,9.718222
86575,9.7581
86596,9.708839
86617,9.640813
86638,9.668962
86659,9.736988
86680,9.661925
86701,9.74637
86722,9.666616
86743,9.711185
86764,9.706493
86785,9.575133
86806,9.767483
86827,9.720568
86848,9.66427
86869,9.643159
86890,9.629085
86911,9.610318
86932,9.690074
86953,9.586862
86974,9.673654
86995,9.617355
87016,9.741679
87037,9.729951
87058,9.654888
87079,9.762791
87100,9.80736
87121,9.734642
87142,9.779211
87163,9.797977
87184,9.819089
87205,9.80736
87226,9.926992
87247,9.851928
87268,9.903535
87289,9.875386
87310,9.898843
87331,9.875386
87352,10.02317
87373,10.07712
87394,9.973906
87415,9.898843
87436,10.05835
87457,10.09823
87478,10.06539
87499,10.04193
87520,10.18268
87541,10.17564
87562,10.09119
87583,10.18502
87604,10.20613
87625,10.24601
87646,10.35157
87667,10.25539
87688,10.27181
87709,10.19206
87730,10.25539
87751,10.21083
87772,10.29058
87793,10.26243
87814,10.28823
87835,10.23194
87856,10.21317
87877,10.15922
87898,10.08416
87919,10.12872
87940,10.16391
87961,10.20848
87982,10.21786
88003,10.13107
88024,10.22255
88045,10.17095
88066,10.1123
88087,10.15687
88108,10.14514
88129,10.21552
88150,10.22255
88171,10.18268
88192,10.20144
88213,10.09354
88234,10.12169
88255,10.17329
88276,10.117
88297,10.14749
88318,10.11934
88339,10.15218
88360,10.10761
88381,10.13811
88402,10.15687
88423,10.15453
88444,10.14984
88465,10.10292
88486,10.1428
88507,10.14045
88528,10.10761
88549,10.05835
88570,10.13342
88591,10.04193
88612,10.08416
88633,10.1428
88654,10.19206
88675,10.25774
88696,10.27181
88717,10.33046
88738,10.18033
88759,10.25774
88780,10.31169
88801,10.32107
88822,10.30231
88843,10.31873
88864,10.35626
88885,10.33749
88906,10.42898
88927,10.42429
88948,10.3328
88969,10.31873
88990,10.33984
89011,10.35861
89032,10.39614
89053,10.37268
89074,10.35861
89095,10.30935
89116,10.32576
89137,10.26008
89158,10.1991
89179,10.2507
89200,10.33515
89221,10.24132
89242,10.2812
89263,10.17329
89284,10.2249
89305,10.14749
89326,10.21083
89347,10.14984
89368,10.29527
89389,10.20144
89410,10.0865
89431,10.13342
89452,10.22021
89473,10.15218
89494,10.13107
89515,10.18502
89536,10.10058
89557,10.08416
89578,10.07477
89599,10.13107
89620,10.12169
89641,10.03959
89662,10.08181
89683,10.00206
89704,9.894152
89725,9.786248
89746,9.776865
89767,9.739333
89788,9.748716
89809,9.680691
89830,9.535255
89851,9.64785
89872,9.54933
89893,9.558713
89914,9.546985
89935,9.525873
89956,9.457847
89977,9.439081
89998,9.361671
90019,9.467229
90040,9.382783
90061,9.328832
90082,9.410933
90103,9.359325
90124,9.361671
90145,9.239694
90166,9.30772
90187,9.314757
90208,9.24204
90229,9.223273
90250,9.251423
90271,9.30772
90292,9.331178
90313,9.396858
90334,9.239694
90355,9.213891
90376,9.232656
90397,9.333523
90418,9.448463
90439,9.314757
90460,9.293646
90481,9.263151
90502,9.232656
90523,9.298337
90544,9.387475
90565,9.30772
90586,9.331178
90607,9.328832
90628,9.331178
90649,9.213891
90670,9.288955
90691,9.239694
90712,9.375746
90733,9.387475
90754,9.392166
90775,9.265497
90796,9.239694
90817,9.2913
90838,9.232656
90859,9.286609
90880,9.281918
90901,9.319448
90922,9.295992
90943,9.286609
90964,9.349943
90985,9.288955
91006,9.277225
91027,9.38982
91048,9.312411
91069,9.371055
91090,9.509453
91111,9.474266
91132,9.478958
91153,9.53291
91174,9.422661
91195,9.537601
91216,9.577478
91237,9.610318
91258,9.683037
91279,9.607973
91300,9.579824
91321,9.633776
91342,9.734642
91363,9.673654
91384,9.699456
91405,9.678345
91426,9.697111
91447,9.666616
91468,9.701802
91489,9.720568
91510,9.643159
91531,9.711185
91552,9.718222
91573,9.734642
91594,9.54933
91615,9.729951
91636,9.685382
91657,9.633776
91678,9.729951
91699,9.652542
91720,9.589207
91741,9.64785
91762,9.570441
91783,9.600936
91804,9.725259
91825,9.612664
91846,9.673654
91867,9.650196
91888,9.676
91909,9.654888
91930,9.729951
91951,9.694765
91972,9.751062
91993,9.779211
92014,9.854274
92035,9.676
92056,9.732296
92077,9.781557
92098,9.875386
92119,9.826125
92140,9.816743
92161,9.875386
92182,9.828471
92203,9.844892
92224,9.931683
92245,9.858966
92266,9.87304
92287,9.866002
92308,9.98329
92329,9.912917
92350,9.992672
92371,10.03489
92392,10.02551
92413,10.05366
92434,10.117
92455,10.16156
92476,10.20848
92497,10.1686
92518,10.23194
92539,10.22255
92560,10.24836
92581,10.31873
92602,10.37033
92623,10.48058
92644,10.33515
92665,10.52984
92686,10.48997
92707,10.4149
92728,10.49231
92749,10.47589
92770,10.51342
92791,10.48058
92812,10.60725
