8835,11.96543
8856,12.07568
8877,12.20469
8898,11.89506
8919,11.85987
8940,12.01234
8961,11.97012
8982,11.95839
9003,11.99358
9024,12.04284
9045,11.92555
9066,11.98185
9087,11.98889
9108,11.98889
9129,11.79654
9150,11.75197
9171,11.78481
9192,11.80592
9213,11.74962
9234,11.68863
9255,11.61826
9276,11.55962
9297,11.46813
9318,11.4869
9339,11.25702
9360,11.08813
9381,11.02245
9402,11.12097
9423,10.748
9444,10.71985
9465,10.53453
9486,10.50169
9507,10.47824
9528,10.29996
9549,10.13811
9570,10.24836
9591,10.16626
9612,10.14749
9633,9.610318
9654,9.934029
9675,9.244386
9696,9.697111
9717,9.101295
9738,9.518835
9759,9.474266
9780,9.359325
9801,9.2092
9822,9.335869
9843,9.075493
9864,9.096604
9885,8.869069
9906,8.918329
9927,8.894873
9948,8.90191
9969,9.014504
9990,8.770549
10011,8.812772
10032,8.737708
10053,8.756474
10074,8.845612
10095,8.808081
10116,8.869069
10137,8.777586
10158,8.704868
10179,8.758821
10200,8.728326
10221,8.646226
10242,8.69314
10263,8.72598
10284,8.716597
10305,8.585237
10326,8.716597
10347,8.618076
10368,8.510174
10389,8.550051
10410,8.596965
10431,8.608693
10452,8.611039
10473,8.582891
10494,8.564125
10515,8.622768
10536,8.669683
10557,8.587582
10578,8.46795
10599,8.45153
10620,8.428073
10641,8.409307
10662,8.390541
10683,8.310786
10704,8.294367
10725,8.165352
10746,8.212266
10767,8.205229
10788,8.099671
10809,8.22634
10830,8.28733
10851,8.170043
10872,8.12782
10893,8.153623
10914,8.1935
10935,8.306095
10956,8.198192
10977,8.212266
10998,8.273255
11019,8.381159
11040,8.46795
11061,8.550051
11082,8.604002
11103,8.733017
11124,8.789314
11145,9.108333
11166,9.190434
11187,9.333523
11208,9.298337
11229,9.408587
11250,9.530564
11271,9.645505
11292,9.821435
11313,9.802669
11334,9.959831
11355,10.12638
11376,10.23194
11397,10.32342
11418,10.29762
11439,10.5838
11460,10.5838
11481,10.79491
11502,10.75738
11523,10.70343
11545,10.97553
11566,11.16084
11587,11.22887
11608,11.30393
11629,11.45171
11650,11.40011
11671,11.44702
11692,11.62061
11713,11.60419
11734,11.98654
11755,12.07568
11776,11.70271
11797,11.62061
11818,11.28751
11839,11.7074
11860,11.53381
11881,11.52678
11902,11.39542
11923,11.4869
11944,11.25702
11965,11.13504
11986,11.08578
12007,11.07405
12028,11.04356
12049,10.9638
12070,10.96615
12091,10.90751
12112,10.93331
12133,10.99195
12154,10.96849
12175,10.90281
12196,10.92393
12217,10.86059
12238,10.79491
12259,10.88874
12280,10.75738
12301,10.79256
12322,10.77145
12343,10.74331
12364,10.67997
12385,10.76207
12406,10.70108
12427,10.67059
12448,10.53219
12469,10.62133
12490,10.52984
12511,10.26712
12532,10.38675
12553,9.950449
12574,10.11934
12595,10.23663
12616,9.98329
12637,9.788594
12658,9.619701
12679,9.425007
12700,9.448463
12721,9.51649
12742,9.181051
12763,9.227965
12784,9.23031
12805,9.096604
12826,9.117716
12847,8.972281
12868,9.068456
12889,9.105988
12910,9.047344
12931,9.040307
12952,9.021542
12973,8.925366
12994,8.98401
13015,9.005121
13036,9.061419
13057,8.923021
13078,8.796351
13099,8.890181
13120,8.962898
13141,8.953515
13162,8.79166
13183,8.751783
13204,8.801044
13225,8.890181
13246,8.754128
13267,8.796351
13288,8.672029
13309,8.704868
13330,8.657954
13351,8.679066
13372,8.636843
13393,8.587582
13414,8.521902
13435,8.594619
13456,8.482024
13477,8.390541
13498,8.355355
13519,8.381159
13540,8.273255
13561,8.231031
13582,8.249798
13603,8.155969
13624,8.085596
13645,8.055102
13666,8.01757
13687,8.050411
13708,8.099671
13729,8.165352
13750,8.116092
13771,8.228686
13792,8.104362
13813,8.223994
13834,8.315477
13855,8.503136
13876,8.707214
13897,8.890181
13918,8.873761
13939,8.986356
13960,8.988701
13981,9.014504
14002,9.169322
14023,9.197471
14044,9.244386
14065,9.300683
14086,9.453156
14107,9.441426
14128,9.485995
14149,9.464884
14170,9.568096
14191,9.605627
14213,9.732296
14234,9.802669
14255,9.90588
14276,10.01144
14297,10.0865
14318,10.19441
14339,10.25305
14360,10.29527
14381,10.39379
14402,10.51342
14423,10.55565
14444,10.67059
14465,10.72219
14486,10.85824
14507,10.83479
14528,10.90047
14549,11.11393
14570,11.01072
14591,11.27344
14612,11.1843
14633,11.13739
14654,11.16788
14675,11.20072
14696,11.10689
14717,11.06936
14738,11.60653
14759,11.379
14780,11.32035
14801,10.92158
14822,11.18665
14843,11.26406
14864,11.7637
14885,11.52678
14906,11.06701
14927,11.2969
14948,11.0764
14969,11.2101
14990,11.31801
15011,11.06467
15032,11.11393
15053,11.00368
15074,10.70577
15095,10.84417
15116,10.81837
15137,10.7996
15158,10.65651
15179,10.6917
15200,10.51342
15221,10.64947
15242,10.70108
15263,10.67528
15284,10.80429
15305,10.64478
15326,10.73861
15347,10.76911
15368,10.77849
15389,10.79726
15410,10.89578
15431,10.82541
15452,10.84886
15473,10.8559
15494,10.75269
15515,10.75738
15536,10.74565
15557,10.65182
15578,10.65417
15599,10.46885
15620,10.5791
15641,10.28354
15662,10.29527
15683,10.0865
15704,10.00675
15725,9.868348
15746,9.708839
15767,9.722914
15788,9.54933
15809,9.478958
15830,9.256114
15851,9.190434
15872,9.164631
15893,9.141173
15914,9.103642
15935,9.044999
15956,8.890181
15977,8.845612
15998,8.946478
16019,8.733017
16040,8.789314
16061,9.171668
16082,8.836229
16103,8.7424
16124,8.819809
16145,8.653263
16166,8.845612
16187,8.906601
16208,8.772895
16229,8.625113
16250,8.690794
16271,8.538322
16292,8.845612
16313,8.547705
16334,8.486716
16355,8.334244
16376,8.559433
16397,8.388196
16418,8.371776
16439,8.367084
16460,8.327207
16481,8.327207
16502,8.263872
16523,8.228686
16544,8.270909
16565,8.198192
16586,8.123129
16607,7.982385
16628,8.233377
16649,8.355355
16670,8.498445
16691,8.507828
16712,8.413999
16733,8.474987
16754,8.543014
16775,8.657954
16796,8.758821
16817,8.733017
16838,8.826846
16859,8.972281
16880,8.873761
16901,8.894873
16922,8.913638
16943,9.145865
16964,9.25846
16985,9.195126
17006,9.321795
17027,9.213891
17048,9.59859
17069,9.633776
17090,9.760445
17111,9.643159
17132,9.586862
17153,9.812052
17174,9.962177
17195,9.941067
17216,9.962177
17237,9.842546
17258,9.936375
17279,10.03959
17300,10.33046
17321,9.964523
17342,10.10527
17363,10.04193
17384,10.04662
17405,10.14984
17426,10.13576
17447,10.25305
17468,10.26712
17489,10.20613
17510,10.23194
17531,10.48762
17552,10.44774
17573,10.32576
17594,10.41256
17615,10.44305
17636,10.53219
17657,10.4149
17678,10.47824
17699,10.57207
17720,10.60725
17741,10.64244
17762,10.48293
17783,10.45478
17804,10.24132
17825,10.69639
17846,10.54392
17867,10.49935
17888,10.60022
17909,10.62367
17930,10.6659
17951,10.74096
17972,10.77145
17993,10.71985
18014,10.71281
18035,10.89812
18056,10.96615
18077,10.89109
18098,10.87936
18119,10.96146
18140,11.04356
18161,11.0201
18182,11.0201
18203,10.94504
18224,11.11627
18245,11.06232
18266,11.10924
18287,11.19368
18308,11.21714
18329,11.12566
18350,11.0506
18371,11.00837
18392,11.09517
18413,10.95207
18434,11.03417
18455,11.18196
18476,10.84652
18497,10.85824
18518,10.79491
18539,10.82541
18560,10.67528
18581,10.6354
18602,10.65651
18623,10.60491
18644,10.43132
18665,10.47589
18686,10.51577
18707,10.48058
18728,10.32107
18749,10.34688
18770,10.35861
18791,10.22255
18812,10.33984
18833,10.14749
18854,10.14045
18875,9.997364
18896,9.901189
18917,9.826125
18938,9.704147
18959,9.652542
18980,9.640813
19001,9.546985
19022,9.434389
19043,9.288955
19064,9.333523
19085,9.197471
19106,9.120062
19127,9.176359
19148,9.204508
19169,9.127099
19190,8.941787
19211,8.958207
19232,9.035616
19253,8.953515
19274,8.880798
19295,8.876106
19316,8.850304
19337,8.796351
19358,8.714252
19379,8.653263
19400,8.735363
19421,8.723634
19442,8.716597
19463,8.681411
19484,8.636843
19505,8.639189
19526,8.507828
19547,8.550051
19568,8.657954
19590,8.582891
19612,8.374122
19633,8.526593
19654,8.545359
19675,8.545359
19696,8.486716
19717,8.43511
19738,8.444492
19759,8.580544
19780,8.510174
19801,8.524248
19822,8.390541
19843,8.388196
19864,8.413999
19885,8.357701
19906,8.428073
19927,8.489061
19948,8.601656
19969,8.514865
19990,8.491407
20011,8.531285
20032,8.519556
20053,8.608693
20074,8.470296
20095,8.327207
20116,8.582891
20137,8.707214
20158,8.604002
20179,8.657954
20200,8.432764
20221,8.535976
20242,8.740054
20263,8.805735
20284,8.747091
20305,8.62746
20326,9.204508
20347,9.03327
20368,8.899564
20389,9.298337
20410,9.331178
20431,9.420315
20452,9.50007
20473,9.53291
20494,9.713531
20515,9.685382
20536,9.816743
20557,9.912917
20578,9.772174
20599,10.26712
20620,10.19441
20641,10.31169
20662,10.51577
20683,10.70108
20704,10.70812
20725,10.82541
20746,10.98257
20767,11.0201
20788,11.1585
20809,11.18196
20830,11.28517
20851,11.26406
20872,11.36961
20893,11.31332
20914,11.15615
20935,11.36258
20956,11.31332
20977,11.37665
20998,11.28986
21019,11.25233
21040,11.0764
21061,10.98492
21082,11.06467
21103,11.09282
21124,10.94973
21145,11.04121
21166,11.23825
21187,11.10455
21208,11.05998
21229,11.03417
21250,11.09985
21271,11.128
21292,11.2148
21313,11.2101
21334,11.20072
21355,11.20072
21376,11.22418
21397,11.27578
21418,11.2969
21439,11.11393
21460,11.25233
21481,11.42357
21502,11.48925
21523,11.21714
21544,11.22183
21565,11.21245
21586,11.49628
21607,11.28048
21628,11.01775
21649,10.90047
21670,10.9638
21691,10.83713
21712,10.71985
21733,10.75972
21754,10.64478
21775,10.52984
21796,10.45244
21817,10.44305
21838,10.30465
21859,10.17798
21880,10.18737
21901,9.966869
21922,9.992672
21943,9.980944
21964,9.781557
21985,9.680691
22006,9.54933
22027,9.626739
22048,9.321795
22069,9.328832
22090,9.24204
22111,9.103642
22132,9.04969
22153,8.941787
22174,8.845612
22195,8.838574
22216,8.779932
22237,8.636843
22258,8.789314
22279,8.64388
22300,8.681411
22321,8.667336
22342,8.608693
22363,8.632151
22384,8.672029
22405,8.554742
22426,8.594619
22447,8.587582
22468,8.686103
22489,8.552396
22510,8.489061
22531,8.353009
22552,8.28733
22573,8.45153
22594,8.554742
22615,7.914359
22636,8.242761
22657,8.200537
22678,8.214611
22699,8.343626
22720,8.233377
22741,8.033991
22762,8.148932
22783,8.310786
22804,8.334244
22825,8.261526
22846,8.245107
22867,8.240415
22888,8.249798
22909,8.17708
22930,8.254489
22951,8.395233
22972,8.292021
22993,8.158315
23014,8.331898
23035,8.40227
23056,8.524248
23077,8.514865
23098,8.489061
23119,8.582891
23140,8.592274
23161,8.768204
23182,8.639189
23203,8.46795
23224,8.491407
23245,8.512519
23266,8.64388
23287,8.557088
23308,8.704868
23329,8.777586
23350,8.854995
23371,8.765858
23392,8.946478
23413,9.042653
23434,9.185742
23455,9.216236
23476,9.373401
23497,9.715877
23518,9.765137
23539,9.668962
23560,9.809706
23581,10.17095
23602,10.50404
23623,10.1428
23644,10.44305
23665,10.56972
23686,10.58849
23707,10.68935
23728,10.77145
23749,10.82306
23770,10.90281
23791,10.938
23812,11.14677
23833,11.29455
23854,11.32974
23875,11.37665
23896,11.35319
23917,11.16084
23938,11.30862
23959,11.50801
23980,11.49159
24001,11.75197
24022,11.70036
24043,11.49159
24064,11.38369
24085,11.45641
24106,11.49159
24127,11.38603
24148,11.48456
24169,11.13739
24190,10.99899
24211,10.95442
24232,10.77849
24253,11.27344
24274,10.76442
24295,10.79022
24316,11.04356
24337,10.82541
24358,10.84652
24379,11.00368
24400,10.95207
24421,11.06467
24442,10.88405
24463,10.91923
24484,10.78318
24505,10.91689
24526,10.7996
24547,10.87701
24568,10.72454
24589,10.78318
24610,10.83479
24631,10.69874
24652,10.62602
24673,10.5838
24694,10.59787
24715,10.51577
24736,10.41021
24757,10.32576
24778,10.30935
24799,10.14749
24820,10.12872
24841,10.06305
24862,10.01378
24883,9.990326
24904,9.643159
24925,9.61501
24946,9.514144
24967,9.471921
24988,9.342906
25009,9.281918
25030,9.394512
25051,9.27488
25072,9.260805
25093,9.216236
25114,9.148211
25135,9.199817
25156,9.270188
25177,9.152903
25198,9.197471
25219,9.185742
25240,9.171668
25261,9.178705
25282,9.08253
25303,9.24204
25324,9.166977
25345,9.075493
25366,9.089567
25387,9.028579
25408,9.068456
25429,9.073148
25450,9.08253
25471,8.967589
25492,9.120062
25513,8.995738
25534,9.026234
25555,9.030925
25576,9.03327
25597,8.897219
25618,8.906601
25639,8.634497
25660,9.371055
25681,8.56647
25702,9.075493
25723,8.803389
25744,8.639189
25765,8.639189
25786,8.611039
25807,8.510174
25828,8.519556
25849,8.632151
25870,8.545359
25891,8.552396
25912,8.486716
25933,8.449184
25954,8.395233
25975,8.559433
25996,8.679066
26017,8.376467
26038,8.432764
26059,8.702522
26080,8.613385
26101,8.599311
26122,8.634497
26143,8.707214
26164,8.782278
26185,8.754128
26206,8.688448
26227,8.988701
26248,8.95117
26269,8.812772
26290,9.01685
26311,8.845612
26332,9.117716
26353,9.145865
26374,9.075493
26395,9.026234
26416,9.19278
26437,9.260805
26458,9.260805
26479,9.40624
26500,9.333523
26521,9.457847
26542,9.441426
26563,9.497724
26584,9.570441
26605,9.528218
26626,9.727605
26647,9.678345
26668,9.992672
26689,9.765137
26710,9.938721
26731,9.851928
26752,9.875386
26774,9.978598
26795,10.0044
26816,9.915263
26837,10.20144
26858,10.12169
26879,10.1428
26900,10.16626
26921,10.26947
26942,10.34453
26963,10.51577
26984,10.64009
27005,10.59083
27026,10.67528
27047,10.82306
27068,10.76676
27089,10.93565
27110,10.9638
27131,11.00603
27152,10.91923
27173,10.98022
27194,11.09517
27215,11.12331
27236,11.13035
27257,10.96615
27278,11.00603
27299,11.00134
27320,10.90985
27341,11.01306
27362,11.04121
27383,11.19838
27404,11.05763
27425,10.97319
27446,10.97319
27467,11.03652
27488,10.94269
27509,11.11393
27530,11.02948
27551,11.128
27572,11.10455
27593,11.17961
27614,11.17961
27635,11.14208
27656,11.23825
27677,11.24529
27698,11.29924
27719,11.34616
27740,11.23122
27761,11.19134
27782,11.32504
27803,11.27109
27824,11.19838
27845,11.20072
27866,11.29924
27887,11.14208
27908,11.11627
27929,11.12331
27950,10.83713
27971,10.87467
27992,10.8301
28013,10.78084
28034,10.43601
28055,10.497
28076,10.29527
28097,10.35157
28118,10.22255
28139,10.19675
28160,9.990326
28181,9.943413
28202,9.866002
28223,9.748716
28244,9.753407
28265,9.645505
28286,9.636122
28307,9.511798
28328,9.427352
28349,9.464884
28370,9.354634
28391,9.206854
28412,9.101295
28433,9.105988
28454,8.913638
28475,8.944133
28496,9.052036
28517,8.890181
28538,8.817463
28559,8.768204
28580,8.873761
28601,8.7424
28622,8.67672
28643,8.641534
28664,8.646226
28685,8.594619
28706,8.592274
28727,8.540668
28748,8.620422
28769,8.756474
28790,8.700177
28811,8.559433
28832,8.428073
28853,8.453876
28874,8.557088
28895,8.606348
28916,8.315477
28937,8.306095
28958,8.376467
28979,8.409307
29000,8.310786
29021,8.158315
29042,8.589928
29063,8.521902
29084,8.500791
29105,8.514865
29126,8.477333
29147,8.479678
29168,8.585237
29189,8.383504
29210,8.697831
29231,8.756474
29252,8.737708
29273,8.747091
29294,8.779932
29315,8.845612
29336,8.878452
29357,8.72598
29378,8.974627
29399,9.007467
29420,9.012158
29441,9.01685
29462,9.213891
29483,9.044999
29504,9.321795
29525,9.225619
29546,9.105988
29567,8.906601
29588,9.15994
29609,9.279572
29630,9.279572
29651,9.124753
29672,9.04969
29693,9.256114
29714,9.368709
29735,9.40624
29756,9.530564
29777,9.410933
29798,9.481303
29819,9.622047
29840,9.661925
29861,9.657233
29882,9.929338
29903,9.762791
29924,10.01144
29945,10.0044
29966,9.952795
29987,10.12638
30008,10.24601
30029,10.31638
30050,10.42429
30071,10.47589
30092,10.57676
30113,10.64478
30134,10.83244
30155,10.90281
30176,10.94738
30197,11.04356
30218,11.13973
30239,11.32739
30260,11.35319
30281,11.28751
30302,11.35554
30323,11.49394
30345,11.62999
30368,11.5432
30389,11.4869
30410,11.60419
30431,11.51505
30452,11.48925
30473,11.69802
30494,11.61122
30515,11.56431
30536,11.52678
30557,11.56431
30578,11.61591
30599,11.51739
30620,11.57369
30641,11.55962
30662,11.58777
30683,11.49863
30704,11.50332
30725,11.43999
30746,11.50801
30767,11.46813
30788,11.37196
30809,11.26875
30830,11.16554
30851,11.04356
30872,11.06701
30893,11.10689
30914,10.97319
30935,11.05529
30956,10.89578
30977,10.84652
30998,10.62836
31019,10.46885
31040,10.51577
31061,10.48293
31082,10.31638
31103,10.31638
31124,10.12872
31145,10.1686
31166,9.917608
31188,9.898843
31209,9.692419
31230,9.692419
31251,9.579824
31272,9.443772
31293,9.460192
31314,9.396858
31335,9.272534
31356,9.227965
31377,9.206854
31398,8.967589
31419,8.944133
31440,9.037962
31461,9.113025
31482,9.103642
31503,9.136482
31524,9.01685
31545,9.014504
31566,8.930058
31587,8.991047
31608,9.009813
31629,8.93475
31650,8.937096
31671,8.897219
31692,8.777586
31713,8.765858
31734,8.618076
31755,8.669683
31776,8.681411
31797,8.679066
31818,8.510174
31839,8.519556
31860,8.388196
31881,8.510174
31902,8.650917
31923,8.486716
31944,8.409307
31965,8.45153
31986,8.503136
32007,8.399924
32028,8.252144
32049,8.231031
32070,8.381159
32091,8.141894
32112,8.221649
32133,8.357701
32154,8.280293
32175,8.301403
32196,8.252144
32217,8.310786
32238,8.235723
32259,8.338935
32280,8.299058
32301,8.282638
32322,8.30844
32343,8.458567
32364,8.779932
32385,8.56647
32406,8.521902
32427,8.6603
32448,8.796351
32469,8.829192
32490,8.751783
32511,8.932404
32532,9.077839
32553,9.138828
32574,9.052036
32595,9.352288
32616,9.279572
32637,9.427352
32658,9.509453
32679,9.617355
32700,9.636122
32721,9.659579
32742,9.596244
32763,9.79094
32784,10.19441
32805,10.20144
32826,10.85355
32847,10.11934
32868,10.42194
32889,10.52515
32910,10.58145
32931,10.68466
32952,10.90751
32973,11.02245
32994,11.24998
33015,11.27109
33036,11.43764
33057,11.4048
33078,11.55962
33099,11.68629
33120,11.75666
33141,11.91382
33162,11.93259
33183,11.96777
33204,11.94432
33225,11.99358
33246,12.13432
33267,12.20938
33288,12.19062
33309,12.22111
33330,12.17889
33351,12.16951
33372,12.16012
33393,12.08741
33414,12.17185
33435,12.15543
33456,12.12728
33477,11.97716
33498,12.08975
33519,12.0921
33540,12.06629
33561,11.99358
33582,11.78715
33603,11.76604
33624,11.71209
33645,11.83876
33666,11.50332
33687,11.26406
33708,11.16319
33729,11.21949
33750,11.19838
33771,10.94504
33792,10.79726
33813,10.61194
33834,10.53688
33855,10.33749
33876,10.07008
33897,10.26008
33918,9.950449
33939,9.666616
33960,9.633776
33981,9.415624
34002,9.328832
34023,9.169322
34044,9.317103
34065,8.95117
34086,9.075493
34107,8.859686
34128,9.026234
34149,8.79166
34170,8.733017
34191,8.709559
34212,8.596965
34233,8.622768
34254,8.472641
34275,8.399924
34296,8.613385
34317,8.547705
34338,8.16066
34359,8.460913
34380,8.388196
34401,8.256835
34422,8.228686
34443,8.214611
34464,8.059793
34485,8.249798
34506,8.195846
34527,8.172389
34548,8.038682
34569,8.198192
34590,8.078559
34611,8.064485
34632,8.132511
34653,8.092634
34674,8.245107
34695,8.1935
34716,8.073868
34737,7.998805
34758,8.083251
34779,8.146585
34800,8.01757
34821,8.022263
34842,8.428073
34863,8.430418
34884,8.486716
34905,8.45153
34926,8.406961
34947,8.249798
34968,8.442147
34989,8.744746
35010,8.709559
35031,8.505482
35052,8.510174
35073,8.878452
35094,8.733017
35115,8.913638
35136,8.930058
35157,8.885489
35178,8.862032
35199,9.077839
35220,9.150557
35241,9.375746
35262,9.331178
35283,9.277225
35304,9.345251
35325,9.425007
35346,9.460192
35367,9.624393
35388,9.7581
35409,10.31404
35430,9.115371
35451,10.37033
35472,10.23897
35493,10.1428
35514,11.02479
35535,10.12169
35556,10.43367
35577,10.92393
35598,10.70577
35619,10.83244
35640,11.10924
35661,11.23825
35682,11.39776
35703,11.38603
35724,12.06629
35745,11.42357
35766,11.62999
35787,11.84345
35808,11.93259
35829,12.06395
35850,12.16012
35871,12.08975
35892,12.17185
35913,12.16716
35934,12.21642
35955,12.30087
35976,12.31729
35997,12.32432
36018,12.22346
36039,12.20469
36060,12.02642
36081,11.92086
36102,11.93962
36123,11.87864
36144,11.81765
36165,11.72382
36186,11.55493
36207,11.38369
36228,11.40011
36249,11.36023
36270,11.23825
36291,11.39307
36312,11.08813
36333,10.92158
36354,11.05529
36375,10.98726
36396,10.93096
36417,10.65417
36438,10.61429
36459,10.49935
36480,10.61664
36501,10.49466
36522,10.31404
36543,10.19441
36564,10.04897
36585,9.854274
36606,9.795631
36627,9.678345
36648,9.640813
36669,9.286609
36690,9.197471
36711,9.267843
36732,9.204508
36753,9.239694
36774,9.047344
36795,8.873761
36816,8.93475
36837,8.98401
36858,8.782278
36879,8.941787
36900,8.850304
36921,8.8245
36942,8.939441
36963,8.794006
36984,8.728326
37005,8.674374
37026,8.636843
37047,8.686103
37068,8.6603
37089,8.688448
37110,8.620422
37131,8.613385
37152,8.744746
37173,8.521902
37194,8.552396
37215,8.625113
37236,8.632151
37257,8.535976
37278,8.575853
37299,8.573507
37320,8.634497
37341,8.592274
37362,8.540668
37383,8.498445
37404,8.535976
37425,8.561779
37446,8.519556
37467,8.592274
37488,8.521902
37509,8.505482
37530,8.482024
37551,8.442147
37572,8.601656
37593,8.585237
37614,8.399924
37635,8.507828
37656,8.777586
37677,8.702522
37698,8.79166
37719,8.432764
37740,8.580544
37761,8.596965
37782,8.679066
37803,8.648571
37824,8.493753
37845,8.679066
37866,8.599311
37887,8.969935
37908,8.611039
37929,8.547705
37950,8.707214
37971,8.967589
37992,9.115371
38013,9.009813
38034,9.223273
38055,9.30772
38076,9.41797
38097,9.50007
38118,9.427352
38139,9.392166
38160,9.48834
38181,9.652542
38202,9.77452
38223,9.844892
38244,9.734642
38265,9.9223
38286,10.18971
38307,10.18971
38328,10.23428
38349,10.33515
38370,10.44305
38391,10.71046
38412,10.77849
38433,10.81602
38454,11.06936
38475,11.13739
38496,11.10689
38517,11.30159
38538,11.3485
38559,11.43999
38580,11.50097
38601,11.49394
38622,11.74962
38643,11.6253
38664,11.77073
38685,11.62999
38706,11.4869
38727,11.61826
38748,11.7074
38769,11.61826
38790,11.6253
38811,11.60653
38832,11.49863
38853,11.5127
38874,11.55258
38895,11.53147
38916,11.53147
38937,11.50566
38958,11.47283
38979,11.4611
39000,11.50332
39021,11.52209
39042,11.40949
39063,11.31801
39084,11.28986
39105,11.37431
39126,11.32504
39147,11.35319
39168,11.22887
39189,11.22183
39210,10.97084
39231,11.12331
39252,10.9943
39273,10.70343
39294,10.61429
39315,10.52281
39336,10.48058
39357,10.29996
39378,10.32811
39399,10.19675
39420,10.12403
39441,10.10527
39462,9.966869
39483,10.02317
39504,9.809706
39525,9.751062
39546,9.722914
39567,9.755754
39588,9.568096
39609,9.554022
39630,9.502416
39651,9.450809
39672,9.295992
39693,9.253768
39714,9.235003
39735,9.256114
39756,9.068456
39777,9.00043
39798,8.974627
39819,8.8245
39840,8.768204
39861,8.845612
39882,8.854995
39903,8.709559
39924,8.707214
39945,8.655608
39966,8.702522
39987,8.582891
40008,8.596965
40029,8.547705
40050,8.604002
40071,8.615731
40092,8.639189
40113,8.697831
40134,8.615731
40155,8.531285
40176,8.552396
40197,8.564125
40218,8.606348
40239,8.43511
40260,8.317823
40281,8.334244
40302,8.482024
40323,8.439801
40344,8.338935
40365,8.331898
40386,8.353009
40407,8.28733
40428,8.315477
40449,8.158315
40470,8.137203
40491,8.212266
40512,8.348318
40533,8.17708
40554,8.245107
40575,8.374122
40596,8.381159
40617,8.256835
40638,8.254489
40659,8.350664
40680,8.390541
40701,8.38585
40722,8.580544
40743,8.589928
40764,8.531285
40785,8.599311
40806,8.866723
40827,8.704868
40848,8.789314
40869,8.817463
40890,8.946478
40911,9.110679
40932,8.979319
40953,8.894873
40974,9.080185
40995,9.152903
41016,9.157594
41037,9.324141
41058,9.427352
41079,9.373401
41100,9.471921
41121,9.556367
41142,9.729951
41163,9.809706
41184,9.962177
41205,9.901189
41226,9.997364
41247,10.34688
41268,10.26947
41289,10.40083
41310,10.54157
41331,10.58614
41352,10.67762
41373,10.85121
41394,11.14442
41415,11.33912
41436,11.43529
41457,11.46813
41478,11.45171
41499,11.63703
41520,11.74727
41541,11.80357
41562,12.01
41583,12.08741
41604,12.1179
41625,12.1179
41646,12.27272
41667,12.17889
41688,12.0053
41709,12.03345
41730,12.02642
41751,11.94432
41772,11.8458
41793,11.66752
41814,11.66752
41835,11.65814
41856,11.59715
41877,11.44468
41898,11.34616
41919,11.17726
41940,11.33208
41961,11.13504
41982,11.04825
42003,11.08578
42024,11.01775
42045,11.08813
42066,10.76442
42087,10.75972
42108,10.82775
42129,10.85824
42150,10.80899
42171,10.64009
42192,10.73392
42213,10.60725
42234,10.58614
42255,10.57676
42276,10.56503
42297,10.35391
42318,10.20144
42339,10.22959
42360,9.924646
42381,9.995018
42402,9.847238
42423,9.858966
42444,9.666616
42465,9.64785
42486,9.244386
42507,9.148211
42528,9.122408
42549,9.096604
42570,9.094258
42591,9.122408
42612,8.953515
42633,8.779932
42654,8.756474
42675,8.854995
42696,8.829192
42717,8.822155
42738,8.751783
42759,8.756474
42780,8.721289
42801,8.716597
42822,8.721289
42843,8.756474
42864,8.6603
42885,8.721289
42906,8.728326
42927,8.618076
42948,8.56647
42969,8.538322
42990,8.524248
43011,8.585237
43032,8.594619
43053,8.582891
43074,8.64388
43095,8.620422
43116,8.622768
43137,8.56647
43158,8.493753
43179,8.535976
43200,8.697831
43221,8.615731
43242,8.56647
43263,8.486716
43284,8.425727
43305,8.6603
43326,8.810426
43347,8.390541
43368,8.493753
43389,8.381159
43410,8.751783
43431,8.831537
43452,8.786969
43473,8.683757
43494,8.585237
43515,8.653263
43536,8.690794
43557,8.747091
43578,8.948824
43599,8.883143
43620,8.854995
43641,8.923021
43662,9.155248
43683,8.969935
43704,9.188088
43725,8.986356
43746,9.181051
43767,9.012158
43788,9.427352
43809,9.478958
43830,9.455501
43851,9.476612
43872,9.643159
43893,9.622047
43914,9.765137
43935,9.751062
43956,9.708839
43977,9.797977
43998,9.919954
44019,9.908226
44040,9.938721
44061,10.01144
44082,9.971561
44103,9.931683
44124,9.945757
44145,10.03489
44166,10.13811
44187,10.21083
44208,10.26243
44229,10.16626
44250,10.34688
44271,10.39848
44292,10.5275
44313,10.57441
44334,10.6354
44355,10.6917
44376,10.65417
44397,10.75972
44418,10.748
44439,10.89578
44460,10.89109
44481,10.90751
44502,10.91689
44523,10.92627
44544,10.79022
44565,10.85824
44586,10.84886
44607,10.97084
44628,10.97319
44649,10.99899
44670,11.1022
44691,11.00837
44712,10.97084
44733,11.0459
44754,11.09985
44775,11.04825
44796,11.07171
44817,11.14208
44838,11.06467
44859,11.08578
44880,11.07171
44901,11.0764
44922,11.06232
44943,11.16319
44964,11.07874
44985,11.03887
45006,11.06232
45027,11.0201
45048,10.96849
45069,10.99664
45090,10.86059
45111,10.95207
45132,10.66824
45153,10.7738
45174,10.74565
45195,10.68701
45216,10.55565
45237,10.59318
45258,10.64713
45279,10.62367
45300,10.64713
45321,10.5838
45342,10.46885
45363,10.46885
45384,10.50639
45405,10.48997
45426,10.39379
45447,10.43132
45468,10.44071
45489,10.307
45510,10.307
45531,10.2812
45552,10.25305
45573,10.09354
45594,10.02551
45615,10.0302
45636,9.884768
45657,9.7581
45678,9.861312
45699,9.577478
45720,9.650196
45741,9.490686
45762,9.429698
45783,9.415624
45804,9.40624
45825,9.439081
45846,9.174014
45867,9.263151
45888,9.084876
45909,9.195126
45930,9.030925
45951,9.075493
45972,9.04969
45993,8.871415
46014,8.857341
46035,8.749437
46056,8.815118
46077,8.782278
46098,8.878452
46119,8.681411
46140,8.801044
46161,8.662645
46182,8.714252
46203,8.545359
46224,8.655608
46245,8.702522
46266,8.629806
46287,8.594619
46308,8.315477
46329,8.688448
46350,8.489061
46371,8.615731
46392,8.404615
46413,8.479678
46434,8.493753
46455,8.613385
46476,8.510174
46497,8.425727
46518,8.371776
46539,8.500791
46560,8.672029
46581,8.625113
46602,8.561779
46623,8.324861
46644,8.531285
46665,8.585237
46686,8.683757
46707,8.641534
46728,8.350664
46749,8.493753
46770,8.672029
46791,8.958207
46812,8.826846
46833,8.625113
46854,8.7424
46875,8.847958
46896,8.723634
46917,9.134136
46938,8.700177
46959,9.174014
46980,9.141173
47001,9.202163
47022,9.030925
47043,9.27488
47064,9.347597
47085,9.490686
47106,9.626739
47127,9.48834
47148,9.467229
47169,9.727605
47190,9.58217
47211,9.556367
47232,9.797977
47253,9.957487
47274,10.18502
47295,10.13107
47316,10.0865
47337,10.74096
47358,10.41256
47379,10.17329
47400,10.33984
47421,10.49935
47442,10.5533
47463,10.62133
47484,10.68701
47505,10.78553
47526,10.75738
47547,10.97084
47568,11.09282
47589,10.96146
47610,10.94269
47631,10.96146
47652,10.95442
47673,11.00837
47694,10.96146
47715,11.01541
47736,11.06936
47757,11.12566
47778,11.09751
47799,11.04825
47820,11.01775
47841,11.06936
47862,11.14208
47883,11.09985
47904,10.9943
47925,11.0506
47946,11.06936
47967,11.17726
47988,11.26171
48009,11.17257
48030,11.16319
48051,11.17961
48072,11.15381
48093,11.23356
48114,11.26406
48135,11.16319
48156,11.17492
48177,11.15146
48198,11.07171
48219,10.98961
48240,10.93096
48261,10.95911
48282,10.90281
48303,10.78318
48324,10.79726
48345,10.74565
48366,10.56268
48387,10.65182
48408,10.68466
48429,10.50404
48450,10.42663
48471,10.37268
48492,10.38441
48513,10.48528
48534,10.43836
48555,10.35861
48576,10.33515
48597,10.45947
48618,10.31404
48639,10.26478
48660,10.20848
48681,10.17329
48702,10.06305
48723,10.15687
48744,10.06539
48765,10.04428
48786,9.926992
48807,9.840199
48828,9.809706
48849,9.736988
48870,9.617355
48891,9.579824
48912,9.434389
48933,9.497724
48954,9.514144
48975,9.542293
48996,9.342906
49017,9.371055
49038,9.281918
49059,9.303029
49080,9.195126
49101,9.345251
49122,9.113025
49143,9.138828
49164,9.019196
49185,9.047344
49206,9.134136
49227,9.021542
49248,8.796351
49269,9.00043
49290,8.923021
49311,8.866723
49332,8.805735
49353,8.850304
49374,8.812772
49395,8.920675
49416,8.782278
49437,8.751783
49458,8.664991
49479,8.72598
49500,8.571162
49521,8.592274
49542,8.615731
49563,8.615731
49584,8.578199
49605,8.564125
49626,8.547705
49647,8.629806
49668,8.589928
49689,8.62746
49710,8.573507
49731,8.62746
49752,8.578199
49773,8.64388
49794,8.578199
49815,8.578199
49836,8.611039
49857,8.561779
49878,8.798697
49899,8.69314
49920,8.662645
49941,8.594619
49962,8.587582
49983,8.611039
50004,8.7424
50025,8.573507
50046,8.688448
50067,8.836229
50088,8.993393
50109,8.669683
50130,8.611039
50151,8.84092
50172,8.892527
50193,8.8245
50214,9.084876
50235,9.105988
50256,9.005121
50277,9.084876
50298,9.267843
50319,9.385129
50340,9.382783
50361,9.375746
50382,9.366363
50403,9.425007
50424,9.643159
50445,9.509453
50466,9.722914
50487,9.797977
50508,10.03724
50529,10.21786
50550,10.21552
50571,9.849584
50592,10.27181
50613,10.18268
50634,10.37737
50655,10.70343
50676,10.47589
50697,10.68466
50718,10.81602
50739,10.87467
50760,10.96615
50781,10.75972
50802,10.96849
50823,11.02479
50844,11.17961
50865,11.19134
50886,11.19603
50907,11.1843
50928,11.14208
50949,11.13973
50970,11.14677
50991,11.14208
51012,11.18665
51033,11.10455
51054,11.10455
51075,11.12331
51096,11.17726
51117,11.128
51138,11.03417
51159,11.05998
51180,11.05529
51201,11.11158
51222,11.11862
51243,11.09517
51264,10.98022
51285,11.01072
51306,11.15381
51327,11.03417
51348,11.0506
51369,11.03183
51390,10.89578
51411,10.85355
51432,10.9943
51453,10.95442
51474,10.97788
51495,10.84652
51516,10.82071
51537,10.77145
51558,10.63306
51579,10.65417
51600,10.64478
51621,10.51108
51642,10.51811
51663,10.37268
51684,10.32107
51705,10.39614
51726,10.35861
51747,10.31873
51768,10.29527
51789,10.21317
51810,10.23194
51831,10.31404
51855,10.23663
51880,10.18033
51901,10.14984
51922,10.03489
51944,10.21083
51965,10.02082
51986,10.04428
52007,10.01613
52028,9.891806
52049,9.85662
52070,9.912917
52091,9.814397
52112,9.776865
52133,9.612664
52154,9.455501
52175,9.507107
52196,9.38982
52217,9.314757
52238,9.220928
52259,9.124753
52280,9.195126
52301,9.056727
52322,8.925366
52343,9.01685
52364,9.005121
52385,8.972281
52406,8.786969
52427,8.805735
52448,8.808081
52469,8.782278
52490,8.543014
52511,8.606348
52532,8.620422
52553,8.578199
52574,8.486716
52595,8.449184
52616,8.439801
52637,8.374122
52658,8.404615
52679,8.404615
52700,8.460913
52721,8.486716
52742,8.425727
52763,8.322515
52784,8.254489
52805,8.453876
52826,8.453876
52847,8.460913
52868,8.371776
52889,8.292021
52910,8.381159
52931,8.479678
52952,8.524248
52973,8.40227
52994,8.399924
53015,8.514865
53036,8.812772
53057,8.679066
53078,8.498445
53099,8.320169
53120,8.463259
53141,8.413999
53162,8.432764
53183,8.43511
53204,8.498445
53225,8.552396
53246,8.625113
53267,8.573507
53288,8.36943
53309,8.535976
53330,8.596965
53351,8.765858
53372,8.836229
53393,8.991047
53414,9.044999
53435,8.878452
53456,9.19278
53477,9.281918
53498,9.490686
53520,9.61501
53541,9.694765
53562,9.868348
53583,10.00909
53604,10.20613
53625,10.30465
53646,10.3633
53667,10.37033
53688,10.64947
53709,10.68466
53730,10.6659
53751,10.84183
53772,10.92393
53793,10.95677
53814,11.09282
53835,11.12566
53856,11.20072
53877,11.26875
53898,11.18899
53919,11.40011
53940,11.4306
53961,11.40245
53982,11.49159
54003,11.47048
54024,11.46813
54045,11.56665
54066,11.40245
54087,11.40715
54108,11.3485
54129,11.38134
54150,11.37665
54171,11.24295
54192,11.20541
54213,11.34616
54234,11.07405
54255,11.04121
54276,10.95207
54297,11.08109
54318,10.99899
54339,10.89812
54360,10.89109
54381,10.94269
54402,10.86059
54423,10.91923
54444,10.96849
54465,10.91923
54486,10.99195
54507,10.89343
54528,10.83713
54549,10.92862
54570,10.94738
54591,10.94738
54612,10.98022
54633,10.98492
54654,10.95207
54675,10.96146
54696,11.00603
54717,10.88874
54738,10.92862
54759,10.8301
54780,10.83244
54801,10.78318
54822,10.72923
54843,10.68466
54864,10.58614
54885,10.50404
54906,10.5533
54927,10.48997
54948,10.30465
54969,10.18033
54990,10.30465
55011,10.21786
55032,9.957487
55053,9.990326
55074,9.805015
55095,9.765137
55116,9.654888
55137,9.511798
55158,9.671308
55179,9.413278
55200,9.324141
55221,9.371055
55242,9.25846
55263,9.115371
55284,9.197471
55305,9.164631
55326,9.091913
55347,9.044999
55368,9.007467
55389,9.084876
55410,8.962898
55431,8.979319
55452,9.005121
55473,8.808081
55494,8.864378
55515,8.669683
55536,8.751783
55557,8.871415
55578,8.704868
55599,8.655608
55620,8.702522
55641,8.545359
55662,8.641534
55683,8.62746
55704,8.578199
55725,8.38585
55746,8.345972
55767,8.399924
55788,8.336589
55809,8.524248
55830,8.41869
55851,8.409307
55872,8.390541
55893,8.353009
55914,8.395233
55935,8.371776
55956,8.235723
55977,8.221649
55998,8.775241
56019,8.453876
56040,8.519556
56061,8.587582
56082,8.421036
56103,8.390541
56124,8.521902
56145,8.554742
56166,8.383504
56187,8.409307
56208,8.409307
56229,8.667336
56250,8.754128
56271,8.664991
56292,8.587582
56313,8.754128
56334,8.664991
56355,8.737708
56376,9.009813
56397,8.946478
56418,9.115371
56439,8.974627
56460,9.115371
56481,9.204508
56502,9.331178
56523,9.279572
56544,9.48834
56565,9.509453
56586,9.671308
56607,9.736988
56628,10.09588
56649,9.87304
56670,9.936375
56691,10.12638
56712,10.29996
56733,10.35391
56754,10.49231
56775,10.54392
56796,10.76676
56817,10.79726
56838,10.90985
56859,10.84183
56880,11.0506
56901,11.21714
56922,11.24763
56943,11.42357
56964,11.47517
56985,11.37431
57006,11.48456
57027,11.34381
57048,11.36492
57069,11.38838
57090,11.65814
57111,11.55023
57132,11.66283
57153,11.54789
57174,11.80592
57195,11.62295
57216,11.61826
57237,11.56196
57258,11.6511
57279,11.59246
57300,11.57369
57321,11.6769
57342,11.47283
57363,11.53616
57384,11.39073
57405,11.47048
57426,11.33443
57447,11.2406
57468,11.11627
57489,11.14677
57510,11.12331
57531,11.10924
57552,11.00134
57573,10.98257
57594,10.84183
57615,10.84652
57636,10.8301
57657,10.71516
57678,10.71046
57699,10.61664
57720,10.76207
57741,10.63306
57762,10.66824
57783,10.6917
57804,10.64244
57825,10.54626
57846,10.47824
57867,10.51811
57888,10.30465
57909,10.307
57930,10.33515
57951,10.0044
57972,9.9223
57993,9.858966
58014,9.812052
58035,9.729951
58056,9.61501
58077,9.551676
58098,9.265497
58119,9.152903
58140,9.204508
58161,9.171668
58182,9.136482
58203,9.021542
58224,9.002776
58245,8.939441
58266,8.932404
58287,8.887836
58308,8.843266
58329,8.923021
58350,9.002776
58371,8.836229
58392,8.808081
58413,8.859686
58434,8.871415
58455,8.843266
58476,8.876106
58497,8.838574
58518,8.721289
58539,8.679066
58560,8.735363
58581,8.64388
58602,8.611039
58623,8.72598
58644,8.580544
58665,8.524248
58686,8.428073
58707,8.345972
58728,8.430418
58749,8.315477
58770,8.360046
58791,8.310786
58812,8.362392
58833,8.428073
58854,8.392887
58875,8.411653
58896,8.36943
58917,8.317823
58938,8.397578
58959,8.139548
58980,8.221649
59001,8.16066
59022,8.357701
59043,8.317823
59064,8.406961
59085,8.289675
59106,8.148932
59127,8.381159
59148,8.573507
59169,8.489061
59190,8.277946
59211,8.883143
59232,8.512519
59253,8.507828
59274,9.03327
59295,8.674374
59316,8.944133
59337,9.040307
59358,9.596244
59379,9.223273
59400,9.462538
59421,9.692419
59442,9.59859
59463,9.744025
59484,9.849584
59505,9.926992
59526,9.959831
59547,10.17564
59568,10.21786
59589,10.45947
59610,10.45947
59631,10.67293
59652,10.71281
59673,10.65182
59694,11.26875
59715,10.80664
59736,10.88639
59757,11.02479
59778,11.00134
59799,10.98257
59820,11.12566
59841,11.03183
59862,10.9122
59883,11.01072
59904,10.99195
59925,11.30628
59946,11.1843
59967,11.01072
59988,11.03887
60009,10.97788
60030,10.9638
60051,11.14912
60072,11.03887
60093,11.00603
60114,11.20072
60135,11.11627
60156,11.11393
60177,11.09282
60198,11.10689
60219,11.16554
60240,11.2664
60261,11.20776
60282,11.26171
60303,11.22887
60324,11.27109
60345,11.05763
60366,11.14208
60387,11.16319
60408,11.06936
60429,11.14677
60450,11.18665
60471,11.2922
60492,11.31566
60513,11.11627
60534,10.83244
60555,10.8301
60576,10.88405
60597,10.89109
60618,10.88874
60639,10.87467
60660,10.88874
60681,10.84886
60702,10.7738
60723,10.8301
60744,10.82306
60765,10.80664
60786,10.64947
60807,10.64478
60828,10.64713
60849,10.76207
60870,10.6096
60891,10.62367
60912,10.62602
60933,10.56738
60954,10.40317
60975,10.19675
60996,10.12169
61017,10.17329
61038,9.90588
61059,9.915263
61080,9.887115
61101,9.605627
61122,9.53291
61143,9.399203
61164,9.199817
61185,9.227965
61206,9.321795
61227,9.277225
61248,9.216236
61269,8.967589
61290,9.01685
61311,8.794006
61332,8.883143
61353,8.688448
61374,9.279572
61395,8.751783
61416,8.763512
61437,8.808081
61458,8.859686
61479,8.808081
61500,8.798697
61521,8.878452
61542,8.700177
61563,8.831537
61584,8.735363
61605,8.754128
61626,8.690794
61647,8.655608
61668,8.604002
61689,8.496099
61710,8.463259
61731,8.564125
61752,8.463259
61773,8.353009
61794,8.284984
61815,8.202883
61836,8.06214
61857,8.1114
61878,8.012879
61899,8.050411
61920,7.937816
61941,7.958928
61962,7.766578
61983,7.733737
62004,7.712626
62025,7.968311
62046,7.80411
62067,7.377188
62088,8.174734
62109,7.85337
62130,7.801764
62151,7.970656
62172,8.015225
62193,8.219303
62214,8.14424
62235,8.430418
62256,8.30844
62277,8.444492
62298,8.528939
62319,8.749437
62340,8.995738
62361,8.930058
62382,8.923021
62403,9.361671
62424,9.495378
62445,9.661925
62466,9.575133
62487,9.959831
62508,10.22255
62529,10.4712
62550,10.51811
62571,10.5838
62592,10.87467
62613,10.9122
62634,11.08578
62655,11.29455
62676,11.4611
62697,11.44702
62718,11.759
62739,11.85049
62760,11.79654
62781,11.89506
62802,11.89975
62823,12.03815
62844,12.16012
62865,12.04049
62886,12.09679
62907,12.12494
62928,11.77542
62949,11.93493
62970,12.07802
62991,12.11321
63012,12.01234
63033,12.08741
63054,11.83641
63075,11.77308
63096,11.93024
63117,11.67221
63138,11.54554
63159,11.63234
63180,11.47752
63201,11.25936
63222,11.19134
63243,11.15615
63264,10.96615
63285,11.02479
63306,10.88639
63327,10.83244
63348,10.79256
63369,10.70812
63390,10.48997
63411,10.54392
63432,10.25305
63453,10.50639
63474,10.30935
63495,10.23428
63516,10.31404
63537,10.05835
63558,10.18971
63579,10.02786
63600,9.903535
63621,9.901189
63642,9.736988
63663,9.692419
63684,9.600936
63705,9.448463
63726,9.183396
63747,9.199817
63768,9.005121
63789,9.037962
63810,8.883143
63831,8.786969
63852,8.876106
63873,8.704868
63894,8.768204
63915,8.899564
63936,8.707214
63957,8.674374
63978,8.634497
63999,8.641534
64020,8.801044
64041,8.653263
64062,8.503136
64083,8.557088
64104,8.482024
64125,8.594619
64146,8.503136
64167,8.493753
64188,8.364738
64209,8.514865
64230,8.320169
64251,8.341281
64272,8.329552
64293,8.41869
64314,8.442147
64335,8.409307
64356,8.282638
64377,8.470296
64398,8.367084
64419,8.411653
64440,8.392887
64461,8.296712
64482,8.322515
64503,8.463259
64524,8.428073
64545,8.303749
64566,8.292021
64587,8.338935
64608,8.205229
64629,8.158315
64650,8.202883
64671,8.672029
64692,8.130166
64713,8.636843
64734,8.498445
64755,8.474987
64776,8.472641
64797,8.496099
64818,8.247452
64839,8.411653
64860,8.303749
64881,8.289675
64902,8.322515
64923,8.238069
64944,8.233377
64965,8.080905
64986,8.294367
65007,8.245107
65028,8.360046
65049,8.458567
65070,8.503136
65091,8.575853
65112,8.582891
65133,8.749437
65154,8.913638
65175,8.890181
65196,9.084876
65217,9.087222
65238,9.220928
65259,9.312411
65280,9.551676
65301,9.671308
65322,9.849584
65343,9.741679
65364,10.06539
65385,10.07243
65406,10.16626
65427,10.25774
65448,10.34922
65469,10.42898
65490,10.5838
65511,10.81133
65532,10.90281
65553,10.87467
65574,11.1022
65595,11.16084
65616,11.45406
65637,11.38369
65658,11.42591
65679,11.63703
65700,11.58073
65721,11.24295
65742,11.25936
65763,11.15146
65784,11.15146
65805,11.47283
65826,11.17492
65847,11.11393
65868,11.0764
65889,11.14442
65910,10.99195
65931,10.87936
65952,10.938
65973,10.98022
65994,10.97319
66015,11.00837
66036,11.01072
66057,11.0506
66078,10.9943
66099,10.92393
66120,10.91454
66141,10.97084
66162,10.95911
66183,11.10455
66204,11.05998
66225,10.94035
66246,10.93331
66267,10.94973
66288,11.10924
66309,11.14677
66330,10.85355
66351,11.07171
66372,10.76207
66393,10.6917
66414,10.65182
66435,10.6659
66456,10.43132
66477,10.61664
66498,10.82306
66519,10.22959
66540,10.3633
66561,10.35391
66582,9.887115
66603,10.42429
66624,9.7581
66645,9.694765
66666,10.0607
66687,9.525873
66708,9.908226
66729,9.502416
66750,9.643159
66771,9.413278
66792,9.35698
66813,9.195126
66834,9.281918
66855,9.007467
66876,9.09895
66897,8.944133
66918,8.899564
66939,8.948824
66960,9.108333
66981,8.817463
67002,8.857341
67023,8.915984
67044,8.690794
67065,8.786969
67086,8.803389
67107,8.847958
67128,8.883143
67149,8.794006
67170,8.716597
67191,9.087222
67212,8.648571
67233,8.770549
67254,8.707214
67275,8.702522
67296,8.601656
67317,8.538322
67338,8.655608
67359,8.446838
67380,8.416345
67401,8.289675
67422,8.235723
67443,8.256835
67464,8.123129
67485,8.151278
67506,8.181771
67527,8.198192
67548,8.231031
67569,8.223994
67590,8.292021
67611,8.324861
67632,8.338935
67653,8.266218
67674,8.270909
67695,8.221649
67716,8.139548
67737,8.28733
67758,8.048065
67779,8.320169
67800,8.296712
67821,8.329552
67842,8.392887
67863,8.301403
67884,8.355355
67905,8.364738
67926,8.449184
67947,8.561779
67968,8.547705
67989,8.664991
68010,8.648571
68031,8.803389
68052,8.702522
68073,8.428073
68094,8.803389
68115,8.740054
68136,9.164631
68157,8.714252
68178,8.761166
68199,8.883143
68220,8.995738
68241,8.962898
68262,9.028579
68283,9.171668
68304,9.256114
68325,9.270188
68346,9.401549
68367,9.542293
68388,9.701802
68409,9.600936
68430,9.739333
68451,9.87304
68472,10.04662
68493,10.11465
68514,10.2765
68535,10.23897
68556,10.23897
68577,10.4454
68598,10.36799
68619,10.45478
68640,10.37972
68661,10.44774
68682,10.56503
68703,10.52515
68724,10.59552
68745,10.67059
68766,10.87936
68787,10.98492
68808,10.93096
68829,11.01072
68850,10.96146
68871,10.78318
68892,10.92627
68913,11.03887
68934,10.98257
68955,11.02714
68976,10.93331
68997,10.93331
69018,10.75269
69039,10.67997
69060,10.58849
69081,10.55565
69102,10.52281
69123,10.47355
69144,10.52281
69165,10.60022
69186,10.64947
69207,10.6354
69228,10.64713
69249,10.62602
69270,10.70343
69291,10.70108
69312,10.74096
69333,10.74565
69354,10.81133
69375,10.83479
69396,10.79022
69417,10.71516
69438,10.93565
69459,10.91454
69480,10.80429
69501,10.85824
69522,10.88405
69543,10.86528
69564,10.84183
69585,10.6917
69606,10.58145
69627,10.57441
69648,10.53923
69669,10.43132
69690,10.18971
69711,10.24366
69732,10.06773
69753,10.03959
69774,9.917608
69795,9.828471
69816,9.652542
69837,9.586862
69858,9.41797
69879,9.354634
69900,9.328832
69921,9.15994
69942,9.206854
69963,9.087222
69984,9.026234
70005,9.129445
70026,9.145865
70047,9.026234
70068,9.09895
70089,9.014504
70110,9.059073
70131,8.960552
70152,8.920675
70173,8.850304
70194,8.749437
70215,8.758821
70236,8.611039
70257,8.571162
70278,8.428073
70299,8.596965
70320,8.411653
70341,8.378813
70362,8.40227
70383,8.446838
70404,8.575853
70425,8.512519
70446,8.622768
70467,8.587582
70488,8.528939
70509,8.554742
70530,8.559433
70551,8.547705
70572,8.350664
70593,8.334244
70614,8.186462
70635,8.167697
70656,8.123129
70677,8.139548
70698,8.048065
70719,8.16066
70740,8.024608
70761,8.076214
70782,8.069177
70803,8.066831
70824,8.066831
70845,8.090288
70866,8.641534
70887,8.498445
70908,8.404615
70929,8.432764
70950,8.519556
70971,8.364738
70992,8.432764
71013,8.575853
71034,8.56647
71055,8.690794
71076,8.707214
71097,8.714252
71118,8.798697
71139,8.761166
71160,8.718943
71181,8.772895
71202,8.67672
71223,8.845612
71244,8.822155
71265,8.843266
71286,8.829192
71307,8.794006
71328,8.969935
71349,8.866723
71370,8.829192
71391,8.908947
71412,8.960552
71433,9.084876
71454,9.284263
71475,9.15994
71496,9.352288
71517,9.410933
71538,9.443772
71559,9.453156
71580,9.636122
71601,9.668962
71622,9.661925
71643,9.934029
71664,9.941067
71685,9.985635
71706,10.18971
71727,10.21786
71748,10.32576
71769,10.47589
71790,10.49935
71811,10.45713
71832,10.67059
71853,10.60491
71874,10.8817
71895,10.67059
71916,10.81133
71937,10.83479
71958,11.03417
71979,11.03652
72000,11.02948
72021,11.19368
72042,11.30862
72063,11.11158
72084,11.36023
72105,11.20307
72126,11.33912
72147,10.88874
72168,11.01541
72189,11.04825
72210,10.99195
72231,10.93331
72252,10.90047
72273,10.83244
72294,10.75269
72315,10.69404
72336,10.64713
72357,10.60491
72378,10.67528
72399,10.70577
72420,10.84652
72441,10.83479
72462,10.84417
72483,10.8817
72504,11.05529
72525,11.03183
72546,11.00603
72567,11.07874
72588,11.19368
72609,11.13035
72630,11.21714
72651,11.05294
72672,11.03183
72693,11.03652
72714,11.08343
72735,10.90985
72756,10.99899
72777,11.07874
72798,11.06936
72819,10.60256
72840,10.8301
72861,10.53453
72882,10.56972
72903,10.4149
72924,10.08416
72945,10.2507
72966,9.544639
72987,9.607973
73008,9.490686
73029,9.382783
73050,9.305374
73071,9.047344
73092,9.047344
73113,9.087222
73134,9.087222
73155,8.859686
73176,8.779932
73197,8.72598
73218,8.779932
73239,8.826846
73260,8.648571
73281,8.585237
73302,8.589928
73323,8.568816
73344,8.554742
73365,8.491407
73386,8.446838
73407,8.463259
73428,8.510174
73449,8.538322
73470,8.477333
73491,8.486716
73512,8.409307
73533,8.486716
73554,8.355355
73575,8.388196
73596,8.573507
73617,8.406961
73638,8.521902
73659,8.458567
73680,8.48437
73701,8.479678
73722,8.406961
73743,8.557088
73764,8.505482
73785,8.322515
73806,8.268563
73827,8.163006
73848,8.118437
73869,8.273255
73890,8.299058
73911,8.104362
73932,7.965965
73953,8.116092
73974,8.158315
73995,8.221649
74016,8.235723
74037,8.313132
74058,8.06214
74079,8.30844
74100,8.299058
74121,8.355355
74142,8.416345
74163,8.519556
74184,8.458567
74205,8.622768
74226,8.704868
74247,9.03327
74268,8.608693
74289,8.946478
74310,8.944133
74331,9.075493
74352,9.124753
74373,9.300683
74394,9.324141
74415,9.34056
74436,9.436735
74457,9.694765
74478,9.668962
74499,9.870694
74520,10.117
74541,9.957487
74562,10.13342
74583,10.31169
74604,10.52515
74625,10.31169
74646,10.49466
74667,10.52046
74688,10.65182
74709,10.47355
74730,10.57441
74751,10.43836
74772,10.88405
74793,10.80429
74814,10.95442
74835,11.03183
74856,11.14442
74877,11.22418
74898,11.2101
74919,11.16554
74940,11.01306
74961,10.98257
74982,11.09517
75003,10.96615
75024,11.26875
75045,11.25702
75066,11.01072
75087,11.09517
75108,11.17257
75129,11.24763
75150,11.37431
75171,11.27344
75192,11.49394
75213,11.24529
75234,11.46344
75255,11.40011
75276,11.21949
75297,11.30862
75318,11.07405
75339,10.98726
75360,10.92627
75381,10.7996
75402,10.86763
75423,10.66121
75444,10.61194
75465,10.48293
75486,10.5275
75507,10.42663
75528,10.39848
75549,10.47589
75570,10.41725
75591,10.36799
75612,10.37268
75633,10.49231
75654,10.4454
75675,10.40552
75696,10.47824
75717,10.37503
75738,10.42898
75759,10.31169
75780,10.20613
75801,10.18971
75822,10.00675
75843,10.02082
75864,9.912917
75885,9.85662
75906,9.539948
75927,9.359325
75948,9.267843
75969,9.338214
75990,9.014504
76011,9.13179
76032,9.00043
76053,8.829192
76074,8.681411
76095,8.768204
76116,8.718943
76137,8.808081
76158,8.84092
76179,8.695485
76200,8.758821
76221,8.664991
76242,8.650917
76263,8.56647
76284,8.606348
76305,8.45153
76326,8.423381
76347,8.500791
76368,8.399924
76389,8.486716
76410,8.463259
76431,8.456222
76452,8.486716
76473,8.458567
76494,8.486716
76515,8.45153
76536,8.524248
76557,8.679066
76578,8.554742
76599,8.517211
76620,8.524248
76641,8.561779
76662,8.575853
76683,8.512519
76704,8.430418
76725,8.575853
76746,8.559433
76767,8.543014
76788,8.514865
76809,8.611039
76830,8.470296
76851,8.474987
76872,8.613385
76893,8.714252
76914,8.69314
76935,8.636843
76956,8.573507
76977,8.655608
76998,8.6603
77019,8.622768
77040,8.6603
77061,8.568816
77082,8.662645
77103,8.573507
77124,8.618076
77145,8.601656
77166,8.632151
77187,8.528939
77208,8.669683
77229,8.93475
77250,8.711905
77271,8.826846
77292,9.211545
77313,8.873761
77334,9.08253
77355,9.143519
77376,9.145865
77397,9.425007
77418,9.544639
77439,9.51649
77460,9.525873
77481,9.610318
77502,9.661925
77523,9.727605
77544,9.729951
77565,9.699456
77586,9.718222
77607,9.704147
77628,9.898843
77649,9.980944
77670,9.924646
77691,9.884768
77712,10.01144
77733,10.20144
77754,10.03724
77775,10.06773
77796,10.14514
77817,10.32342
77838,10.19675
77859,10.37268
77880,10.41256
77901,10.34688
77922,10.32107
77943,10.37503
77964,10.31404
77985,10.45009
78006,10.13576
78027,10.26243
78048,10.35861
78069,10.24366
78090,10.497
78111,10.43601
78132,10.39848
78153,10.38206
78174,10.38675
78195,10.28589
78216,10.49231
78237,10.52046
78258,10.51108
78279,10.6354
78300,10.53688
78321,10.51342
78342,10.5275
78363,10.67528
78384,10.59787
78405,10.68701
78426,10.58849
78447,10.69404
78468,10.75503
78489,10.83713
78510,10.88405
78531,10.81602
78552,10.81368
78573,10.71516
78594,10.72219
78615,10.79491
78636,10.74096
78657,10.68232
78678,10.497
78699,10.49231
78720,10.56034
78741,10.51811
78762,10.38675
78783,10.33046
78804,10.38441
78825,10.16156
78846,10.32576
78867,10.54157
78888,10.40317
78909,10.33046
78930,10.46885
78951,10.39848
78972,10.40083
78993,10.32342
79014,10.49935
79035,10.52046
79056,10.44305
79077,10.54861
79098,10.48528
79119,10.52281
79140,10.54157
79161,10.4149
79182,10.44774
79203,10.39379
79224,10.31404
79245,10.26243
79266,10.04897
79287,10.12403
79308,9.887115
79329,9.762791
79350,9.626739
79371,9.591553
79392,9.469575
79413,9.349943
79434,9.354634
79455,9.195126
79476,9.166977
79497,9.117716
79518,9.087222
79539,9.105988
79560,9.007467
79581,9.00043
79602,8.974627
79623,8.927712
79644,8.913638
79665,8.941787
79686,8.878452
79707,8.812772
79728,8.927712
79749,8.948824
79770,8.918329
79791,8.866723
79812,8.925366
79833,8.845612
79854,8.796351
79875,8.871415
79896,8.815118
79917,8.857341
79938,8.775241
79959,8.770549
79980,8.641534
80001,8.721289
80022,8.749437
80043,8.763512
80064,8.711905
80085,8.662645
80106,8.69314
80127,8.805735
80148,8.730671
80169,8.744746
80190,8.819809
80211,8.786969
80232,8.833883
80253,9.056727
80274,8.657954
80295,8.62746
80316,8.740054
80337,8.716597
80358,8.622768
80379,8.632151
80400,8.53363
80421,8.601656
80442,8.653263
80463,8.648571
80484,8.754128
80505,8.568816
80526,8.728326
80547,8.878452
80568,8.925366
80589,8.803389
80610,8.897219
80631,8.944133
80652,9.023888
80673,9.127099
80694,9.09895
80715,9.185742
80736,9.089567
80757,9.089567
80778,9.359325
80799,9.403895
80820,9.354634
80841,9.303029
80862,9.310066
80883,9.35698
80904,9.239694
80925,9.537601
80946,9.568096
80967,9.514144
80988,9.556367
81009,9.408587
81030,9.528218
81051,9.66427
81072,9.619701
81093,9.546985
81114,9.51649
81135,9.546985
81156,9.652542
81177,9.518835
81198,9.629085
81219,9.678345
81240,9.645505
81261,9.741679
81282,9.755754
81303,9.9223
81324,9.809706
81345,9.891806
81366,10.0865
81387,10.09588
81408,10.23428
81429,10.26243
81450,10.24836
81471,10.31638
81492,10.39848
81513,10.37503
81534,10.4149
81555,10.48997
81576,10.62133
81597,10.72219
81618,10.75738
81639,10.84652
81660,10.89343
81681,10.92393
81702,10.9638
81723,10.88639
81744,10.97553
81765,11.25702
81786,11.09985
81807,11.09047
81828,11.24998
81849,11.35319
81870,11.24295
81891,11.1843
81912,11.22418
81933,11.17257
81954,11.25702
81975,11.26406
81996,11.14912
82017,11.13035
82038,11.08343
82059,11.00134
82080,11.0764
82101,11.10455
82122,10.96849
82143,10.92862
82164,10.8817
82185,10.91689
82206,10.96849
82227,10.95911
82248,11.03417
82269,11.00134
82290,10.9122
82311,11.07171
82332,10.98961
82353,10.97788
82374,11.15146
82395,11.02245
82416,11.01775
82437,11.03887
82458,10.89578
82479,10.97553
82500,10.95207
82521,10.90985
82542,10.71985
82563,10.54626
82584,10.68232
82605,10.497
82626,10.38675
82647,10.29058
82668,10.26243
82689,10.00675
82710,9.877731
82731,9.795631
82752,9.610318
82773,9.528218
82794,9.263151
82815,9.378092
82836,9.401549
82857,9.235003
82878,9.190434
82899,9.091913
82920,9.023888
82941,9.019196
82962,9.066111
82983,8.93475
83004,8.838574
83025,8.937096
83046,8.794006
83067,8.779932
83088,8.801044
83109,8.653263
83130,8.702522
83151,8.702522
83172,8.695485
83193,8.768204
83214,8.573507
83235,8.629806
83256,8.622768
83277,8.507828
83298,9.162285
83319,8.416345
83340,8.327207
83361,8.521902
83382,8.561779
83403,8.833883
83424,8.604002
83445,8.43511
83466,8.500791
83487,8.639189
83508,8.702522
83529,8.899564
83550,8.56647
83571,8.526593
83592,8.735363
83613,8.669683
83634,8.749437
83655,8.735363
83676,8.611039
83697,8.655608
83718,8.878452
83739,8.899564
83760,8.955861
83781,8.838574
83802,8.850304
83823,9.014504
83844,8.890181
83865,8.93475
83886,8.941787
83907,9.042653
83928,9.077839
83949,9.113025
83970,9.047344
83991,9.028579
84012,9.061419
84033,9.054381
84054,9.227965
84075,9.213891
84096,9.202163
84117,9.155248
84138,9.037962
84159,9.13179
84180,9.394512
84201,9.408587
84222,9.48834
84243,9.441426
84264,9.394512
84285,9.382783
84306,9.50007
84327,9.558713
84348,9.361671
84369,9.744025
84390,9.535255
84411,9.631431
84432,9.584516
84453,9.823779
84474,9.772174
84495,9.898843
84516,9.894152
84537,9.926992
84558,10.08416
84579,10.13811
84600,10.24132
84621,10.31638
84642,10.26478
84663,10.48997
84684,10.54157
84705,10.71281
84726,10.77849
84747,10.62836
84768,10.97788
84789,10.99195
84810,10.98022
84831,11.1022
84852,11.2101
84873,11.16788
84894,11.35319
84915,11.36727
84936,11.40245
84957,11.38369
84978,11.42826
84999,11.45171
85020,11.54789
85041,11.60184
85062,11.64172
85083,11.69802
85104,11.69098
85125,11.68863
85146,11.67925
85167,11.59949
85188,11.4611
85209,11.49394
85230,11.51505
85251,11.39542
85272,11.39073
85293,11.24998
85314,11.33443
85335,11.36492
85356,11.17961
85377,11.08109
85398,11.01072
85419,11.0201
85440,10.94973
85461,10.8817
85482,10.82071
85503,10.7175
85524,10.83713
85545,10.82071
85566,10.67528
85587,10.62133
85608,10.72454
85629,10.55096
85650,10.50404
85672,10.52281
85693,10.5275
85714,10.47589
85735,10.39848
85756,10.29996
85777,10.1686
85798,10.09823
85819,10.12169
85840,9.969215
85861,9.863657
85882,9.779211
85903,9.645505
85924,9.575133
85945,9.575133
85966,9.399203
85987,9.403895
86008,9.239694
86029,9.213891
86050,9.300683
86071,9.267843
86092,9.129445
86113,9.066111
86134,9.040307
86155,9.014504
86176,8.845612
86197,8.913638
86218,9.009813
86239,8.993393
86260,8.758821
86281,8.829192
86302,8.815118
86323,8.667336
86344,8.749437
86365,8.697831
86386,8.672029
86407,8.557088
86428,8.561779
86449,8.6603
86470,8.632151
86491,8.442147
86512,8.517211
86533,8.503136
86554,8.53363
86575,8.477333
86596,8.465604
86617,8.406961
86638,8.345972
86659,8.390541
86680,8.474987
86701,8.444492
86722,8.474987
86743,8.357701
86764,8.310786
86785,8.477333
86806,8.596965
86827,8.587582
86848,8.395233
86869,8.474987
86890,8.477333
86911,8.664991
86932,8.639189
86953,8.45153
86974,8.41869
86995,8.578199
87016,8.655608
87037,8.754128
87058,8.582891
87079,8.655608
87100,8.646226
87121,8.664991
87142,8.822155
87163,8.869069
87184,8.955861
87205,9.136482
87226,9.023888
87247,9.101295
87268,9.117716
87289,9.181051
87310,9.293646
87331,9.48834
87352,9.558713
87373,9.622047
87394,9.657233
87415,9.955141
87436,9.976252
87457,10.22021
87478,10.24601
87499,10.33984
87520,10.60022
87541,10.87232
87562,10.93331
87583,10.94504
87604,11.00837
87625,11.21714
87646,11.23356
87667,11.24295
87688,11.43295
87709,11.58073
87730,11.37665
87751,11.75197
87772,11.90913
87793,12.14136
87814,11.92086
87835,12.06864
87856,11.97012
87877,12.12728
87898,11.97481
87919,11.98185
87940,12.1179
87961,12.11321
87982,12.07099
88003,12.08506
88024,12.05691
88045,12.16716
88066,12.03111
88087,11.92321
88108,11.99592
88129,11.94666
88150,12.01703
88171,11.81296
88192,11.96543
88213,11.69567
88234,11.6511
88255,11.59246
88276,11.68629
88297,11.40715
88318,11.37665
88339,11.16788
88360,11.00134
88381,10.94504
88402,10.89578
88423,10.89343
88444,10.7996
88465,10.68232
88486,10.52984
88507,10.6096
88528,10.34922
88549,10.26947
88570,10.21786
88591,9.955141
88612,9.715877
88633,9.718222
88654,9.631431
88675,9.493032
88696,9.434389
88717,9.237348
88738,9.199817
88759,9.354634
88780,9.295992
88801,9.178705
88822,9.089567
88843,9.009813
88864,9.059073
88885,8.969935
88906,9.061419
88927,8.84092
88948,8.768204
88969,8.662645
88990,8.730671
89011,8.669683
89032,8.503136
89053,8.390541
89074,8.53363
89095,8.36943
89116,8.371776
89137,8.36943
89158,8.270909
89179,8.268563
89200,8.249798
89221,8.376467
89242,8.28733
89263,8.423381
89284,8.188808
89305,8.155969
89326,8.1114
89347,8.270909
89368,8.442147
89389,8.310786
89410,8.059793
89431,8.519556
89452,8.16066
89473,8.214611
89494,8.012879
89515,8.148932
89536,8.085596
89557,8.125474
89578,8.423381
89599,8.324861
89620,8.416345
89641,8.282638
89662,8.186462
89683,8.263872
89704,8.277946
89725,8.470296
89746,8.554742
89767,8.399924
89788,8.564125
89809,8.540668
89830,8.622768
89851,8.714252
89872,8.79166
89893,8.786969
89914,8.986356
89935,9.052036
89956,9.124753
89977,9.143519
89998,9.331178
90019,9.347597
90040,9.711185
90061,9.781557
90082,10.12872
90103,10.21786
90124,10.11934
90145,10.45478
90166,10.54861
90187,10.70812
90208,10.90281
90229,11.01306
90250,11.10455
90271,11.20541
90292,11.33208
90313,11.26875
90334,11.54085
90355,11.759
90376,11.77777
90397,11.89036
90418,11.8974
90439,12.02876
90460,12.14136
90481,12.17654
90502,12.20938
90523,12.24926
90544,12.31963
90565,12.21173
90586,12.20469
90607,12.26803
90628,12.15309
90649,12.28445
90670,12.2
90691,12.21642
90712,12.08975
90733,12.01469
90754,11.98185
90775,11.94197
90796,11.87864
90817,11.81765
90838,11.73789
90859,11.58542
90880,11.44937
90901,11.25467
90922,11.11158
90943,11.21245
90964,10.96146
90985,10.81837
91006,10.83948
91027,10.77145
91048,10.6354
91069,10.52046
91090,10.48293
91111,10.44305
91132,10.37033
91153,10.21317
91174,10.2765
91195,10.11465
91216,9.924646
91237,9.840199
91258,9.690074
91279,9.502416
91300,9.359325
91321,9.399203
91342,9.070802
91363,9.04969
91384,9.01685
91405,8.923021
91426,8.887836
91447,8.758821
91468,8.744746
91489,8.779932
91510,8.519556
91531,8.812772
91552,8.512519
91573,8.46795
91594,8.437455
91615,8.460913
91636,8.46795
91657,8.43511
91678,8.428073
91699,8.413999
91720,8.376467
91741,8.315477
91762,8.360046
91783,8.296712
91804,8.200537
91825,8.245107
91846,8.1935
91867,8.148932
91888,8.130166
91909,8.163006
91930,8.200537
91951,8.202883
91972,8.003496
91993,8.270909
92014,8.294367
92035,8.125474
92056,8.223994
92077,8.331898
92098,8.397578
92119,8.383504
92140,8.270909
92161,8.216957
92182,8.413999
92203,8.404615
92224,8.430418
92245,8.482024
92266,8.503136
92287,8.458567
92308,8.547705
92329,8.608693
92350,8.589928
92371,8.552396
92392,8.554742
92413,8.482024
92434,8.784623
92455,8.664991
92476,8.803389
92497,8.64388
92518,8.650917
92539,9.040307
92560,8.838574
92581,8.976973
92602,9.03327
92623,9.176359
92644,9.157594
92665,9.251423
92686,9.345251
92707,9.490686
92728,9.53291
92749,9.56575
92770,9.816743
92791,9.868348
92812,10.01613
92833,10.18971
