8822,8.632151
8843,8.747091
8864,8.740054
8885,8.756474
8906,8.869069
8927,8.866723
8948,8.930058
8969,8.981664
8990,9.002776
9011,9.105988
9032,9.110679
9053,9.136482
9074,9.2092
9095,9.042653
9116,9.244386
9137,9.113025
9158,9.272534
9179,9.105988
9200,9.150557
9221,9.075493
9242,9.232656
9263,9.009813
9284,8.974627
9305,9.124753
9326,9.080185
9347,9.13179
9368,9.24204
9389,9.225619
9410,9.267843
9431,9.375746
9452,9.408587
9473,9.399203
9494,9.483649
9515,9.464884
9536,9.61501
9557,9.708839
9578,9.626739
9599,9.699456
9620,9.720568
9641,9.694765
9662,9.699456
9683,9.607973
9704,9.521181
9725,9.48834
9746,9.568096
9767,9.629085
9788,9.715877
9809,9.692419
9830,9.772174
9851,9.739333
9872,9.997364
9893,10.1123
9914,10.38441
9935,10.48997
9956,10.59083
9977,10.68466
9998,10.67762
10019,10.71516
10040,10.40317
10061,10.26008
10082,10.2507
10103,10.09354
10124,9.948103
10145,9.90588
10166,9.884768
10187,9.858966
10208,9.781557
10229,9.9223
10250,9.962177
10271,10.10996
10292,10.13107
10313,10.13342
10334,10.11934
10355,10.33984
10376,10.37033
10397,10.34922
10418,10.22725
10439,10.18971
10460,10.15453
10481,10.15218
10502,10.24836
10523,10.16626
10544,10.16391
10565,10.12403
10586,10.32342
10607,10.37033
10628,10.21083
10649,10.22021
10670,10.04897
10691,9.931683
10712,9.950449
10733,9.98329
10754,9.53291
10775,9.605627
10796,9.518835
10817,9.185742
10838,9.138828
10859,9.148211
10880,9.021542
10901,8.95117
10922,8.904256
10943,8.960552
10964,8.906601
10985,8.880798
11006,8.803389
11027,8.831537
11048,8.862032
11069,8.833883
11090,8.777586
11111,8.873761
11132,8.998084
11153,8.967589
11174,9.012158
11195,8.979319
11216,8.939441
11237,8.972281
11258,8.946478
11279,8.958207
11300,8.878452
11321,8.843266
11342,8.892527
11363,8.829192
11384,8.845612
11405,8.847958
11426,8.948824
11447,8.883143
11468,8.8245
11489,8.854995
11510,8.98401
11532,9.007467
11553,8.892527
11574,8.969935
11595,9.110679
11616,8.953515
11637,8.993393
11658,8.890181
11679,8.854995
11700,8.679066
11721,8.758821
11742,8.554742
11763,8.528939
11784,8.535976
11805,8.507828
11826,8.482024
11847,8.367084
11868,8.547705
11889,8.601656
11910,8.650917
11931,8.632151
11952,8.639189
11973,8.667336
11994,8.697831
12015,8.67672
12036,8.550051
12057,8.664991
12078,8.608693
12099,8.543014
12120,8.465604
12141,8.507828
12162,8.500791
12183,8.334244
12204,8.519556
12225,8.48437
12246,8.543014
12267,8.770549
12288,8.669683
12309,8.711905
12330,8.845612
12351,8.674374
12372,8.700177
12393,8.615731
12414,8.667336
12435,8.528939
12456,8.411653
12477,8.334244
12498,8.207574
12519,8.165352
12540,8.191154
12561,8.024608
12582,7.862752
12603,7.944853
12624,7.994113
12645,8.078559
12666,7.994113
12687,8.06214
12708,8.16066
12729,8.341281
12750,8.463259
12771,8.406961
12792,8.442147
12813,8.554742
12834,8.7424
12855,8.704868
12876,8.744746
12897,8.93475
12918,8.906601
12939,8.962898
12960,8.944133
12981,9.185742
13002,9.115371
13023,9.342906
13044,9.244386
13065,9.310066
13086,9.396858
13107,9.361671
13128,9.460192
13149,9.64785
13170,9.593899
13191,9.441426
13212,9.469575
13233,9.478958
13254,9.633776
13275,9.38982
13296,9.450809
13317,9.568096
13338,9.436735
13359,9.643159
13380,9.554022
13401,9.542293
13422,9.378092
13443,9.483649
13464,9.497724
13485,9.474266
13506,9.443772
13527,9.657233
13548,9.629085
13569,9.66427
13590,9.788594
13611,9.868348
13632,9.980944
13653,9.98329
13674,9.955141
13695,10.08181
13716,10.03489
13737,9.934029
13758,10.02082
13779,9.941067
13800,9.903535
13821,9.882422
13842,9.948103
13863,9.912917
13884,10.04193
13905,10.06773
13926,10.14749
13947,10.13107
13968,10.14984
13989,10.29527
14010,10.497
14031,10.49935
14052,10.37737
14073,10.37737
14094,10.17798
14115,10.03959
14136,9.924646
14157,9.912917
14178,9.755754
14200,9.659579
14221,9.584516
14242,9.600936
14263,9.542293
14284,9.612664
14305,9.694765
14326,9.645505
14347,9.793285
14368,9.978598
14389,9.985635
14410,10.18268
14431,10.10292
14452,10.17798
14473,10.29058
14494,10.32811
14515,10.36564
14536,10.37268
14557,10.36799
14578,10.39379
14599,10.3633
14620,10.39379
14641,10.56503
14662,10.58614
14683,10.63071
14704,10.49935
14725,10.70812
14746,10.56503
14767,10.5275
14788,10.49466
14809,10.43836
14830,10.22725
14851,10.2812
14872,10.04193
14893,9.884768
14914,9.851928
14935,9.645505
14956,9.683037
14977,9.58217
14998,9.521181
15019,9.251423
15040,9.347597
15061,9.317103
15082,9.2092
15103,9.225619
15124,9.157594
15145,9.15994
15166,9.091913
15187,9.115371
15208,9.120062
15229,9.009813
15250,8.937096
15271,9.04969
15292,8.981664
15313,8.862032
15334,8.819809
15355,8.697831
15376,8.72598
15397,8.669683
15418,8.575853
15439,8.641534
15460,8.573507
15481,8.634497
15502,8.650917
15523,8.709559
15544,8.611039
15565,8.62746
15586,8.625113
15607,8.672029
15628,8.653263
15649,8.777586
15670,8.709559
15691,8.557088
15712,8.493753
15733,8.524248
15754,8.383504
15775,8.360046
15796,8.256835
15817,8.317823
15838,8.198192
15859,8.200537
15880,8.212266
15901,8.233377
15922,8.249798
15943,8.317823
15964,8.404615
15985,8.456222
16006,8.510174
16027,8.519556
16048,8.653263
16069,8.613385
16090,8.618076
16111,8.664991
16132,8.64388
16153,8.796351
16174,8.819809
16195,8.686103
16216,8.810426
16237,8.625113
16258,8.587582
16279,8.794006
16300,8.913638
16321,9.007467
16342,8.969935
16363,8.873761
16384,8.974627
16405,8.937096
16426,8.95117
16447,9.080185
16468,8.869069
16489,8.639189
16510,8.545359
16531,8.512519
16552,8.711905
16573,8.622768
16594,8.592274
16615,8.186462
16636,8.470296
16657,8.442147
16678,8.524248
16699,8.596965
16720,8.540668
16741,8.599311
16762,8.578199
16783,8.876106
16804,8.915984
16825,8.864378
16846,9.185742
16867,9.188088
16888,9.246731
16909,9.455501
16930,9.471921
16951,9.51649
16972,9.507107
16993,9.530564
17014,9.666616
17035,9.593899
17056,9.575133
17077,9.591553
17098,9.626739
17119,9.729951
17140,9.668962
17161,9.643159
17182,9.751062
17203,9.652542
17224,9.800323
17245,9.783903
17266,9.898843
17287,9.969215
17308,9.950449
17329,9.868348
17350,9.990326
17371,9.98798
17392,10.06305
17413,9.980944
17434,9.98329
17455,9.823779
17476,9.995018
17497,9.868348
17518,9.908226
17539,9.938721
17560,9.929338
17581,9.964523
17602,10.03489
17623,10.14045
17644,10.05132
17665,10.10058
17686,10.21786
17707,10.24836
17728,10.14045
17749,10.14749
17770,10.19206
17791,10.18268
17812,10.18737
17833,10.21317
17854,10.09823
17875,10.30231
17896,10.18268
17917,10.29292
17938,10.52046
17959,10.40787
17980,10.66355
18001,10.70577
18022,10.64244
18043,10.67997
18064,10.77145
18085,10.6354
18106,10.66121
18127,10.49466
18148,10.34453
18169,10.21083
18190,10.12169
18211,10.07712
18232,9.931683
18253,9.875386
18274,9.844892
18295,9.934029
18316,9.9223
18337,9.894152
18358,9.934029
18379,9.976252
18400,10.09823
18421,10.07477
18442,10.04897
18463,10.13342
18484,10.17564
18505,10.14984
18526,10.17798
18547,10.12638
18568,10.16626
18589,10.26712
18610,10.22959
18631,10.12872
18652,10.13342
18673,10.03255
18694,10.18971
18715,10.14514
18736,9.962177
18757,10.06773
18778,9.98798
18799,10.02082
18820,9.919954
18841,9.858966
18862,9.866002
18883,9.772174
18904,9.683037
18925,9.638468
18946,9.460192
18967,9.441426
18988,9.314757
19009,9.333523
19030,9.403895
19051,9.239694
19072,9.298337
19093,9.249077
19114,9.178705
19135,9.164631
19156,9.162285
19177,9.251423
19198,9.27488
19219,9.176359
19240,9.059073
19261,9.25846
19282,9.157594
19303,9.27488
19324,9.174014
19345,9.19278
19366,9.174014
19387,9.171668
19408,9.174014
19429,9.183396
19450,9.03327
19471,9.19278
19492,9.042653
19513,9.13179
19534,9.068456
19555,9.113025
19577,9.110679
19599,9.124753
19620,9.070802
19641,9.188088
19662,9.331178
19683,9.246731
19704,9.279572
19725,9.279572
19746,9.232656
19767,9.087222
19788,9.178705
19809,9.169322
19830,9.073148
19851,8.955861
19872,8.965244
19893,8.946478
19914,8.948824
19935,8.850304
19956,8.854995
19977,8.913638
19998,8.904256
20019,9.035616
20040,9.009813
20061,8.948824
20082,9.101295
20103,9.047344
20124,8.941787
20145,9.080185
20166,8.995738
20187,9.026234
20208,9.028579
20229,9.077839
20250,9.03327
20271,9.084876
20292,9.124753
20313,9.080185
20334,9.101295
20355,9.155248
20376,9.251423
20397,9.25846
20418,9.352288
20439,9.218582
20460,9.185742
20481,9.162285
20502,9.021542
20523,9.052036
20544,8.974627
20565,8.953515
20586,8.939441
20607,8.899564
20628,8.64388
20649,8.599311
20670,8.596965
20691,8.540668
20712,8.601656
20733,8.702522
20754,8.634497
20775,8.655608
20796,8.688448
20817,8.681411
20838,8.718943
20859,8.695485
20880,8.838574
20901,8.913638
20922,8.967589
20943,8.923021
20964,8.847958
20985,9.028579
21006,9.009813
21027,9.030925
21048,8.991047
21069,8.995738
21090,9.115371
21111,9.162285
21132,9.181051
21153,9.232656
21174,9.300683
21195,9.380438
21216,9.41797
21237,9.394512
21258,9.467229
21279,9.56575
21300,9.467229
21321,9.568096
21342,9.518835
21363,9.539948
21384,9.450809
21405,9.762791
21426,9.732296
21447,9.563404
21468,9.591553
21489,9.605627
21510,9.708839
21531,9.692419
21552,9.781557
21573,9.720568
21594,9.891806
21615,9.966869
21636,9.973906
21657,10.06305
21678,10.05835
21699,10.10527
21720,10.16156
21741,10.12872
21762,10.19206
21783,10.18502
21804,10.12872
21825,10.22959
21846,10.33046
21867,10.22959
21888,10.28589
21909,10.2249
21930,10.34688
21951,10.25539
21972,10.33046
21993,10.40083
22014,10.33515
22035,10.52046
22056,10.64244
22077,10.53688
22098,10.41256
22119,10.56503
22140,10.38206
22161,10.37972
22182,10.43367
22203,10.41021
22224,10.26243
22245,10.23194
22266,10.1428
22287,10.14514
22308,10.08181
22329,10.08416
22350,9.980944
22371,10.07008
22392,10.09119
22413,10.13811
22434,10.20379
22455,10.26243
22476,10.24836
22497,10.40083
22518,10.42194
22539,10.48293
22560,10.56034
22581,10.43836
22602,10.50169
22623,10.44071
22644,10.52984
22665,10.53219
22686,10.56034
22707,10.64947
22728,10.69874
22749,10.79491
22770,10.76442
22791,10.77614
22812,10.70812
22833,10.72454
22854,10.55799
22875,10.44305
22896,10.51342
22917,10.43601
22938,10.37268
22959,10.12638
22980,10.0302
23001,10.08181
23022,9.823779
23043,9.870694
23064,9.786248
23085,9.661925
23106,9.676
23127,9.654888
23148,9.629085
23169,9.718222
23190,9.666616
23211,9.443772
23232,9.471921
23253,9.331178
23274,9.251423
23295,9.176359
23316,9.188088
23337,9.129445
23358,9.117716
23379,9.202163
23400,9.188088
23421,9.164631
23442,9.176359
23463,9.24204
23484,9.253768
23505,9.223273
23526,9.286609
23547,9.204508
23568,9.2092
23589,9.279572
23610,9.371055
23631,9.321795
23652,9.267843
23673,9.2092
23694,9.281918
23715,9.197471
23736,9.094258
23757,9.174014
23778,9.007467
23799,9.03327
23820,8.976973
23841,8.817463
23862,8.8245
23883,8.784623
23904,8.648571
23925,8.662645
23946,8.587582
23967,8.629806
23988,8.615731
24009,8.613385
24030,8.568816
24051,8.613385
24072,8.690794
24093,8.655608
24114,8.69314
24135,8.648571
24156,8.589928
24177,8.599311
24198,8.634497
24219,8.632151
24240,8.761166
24261,8.704868
24282,8.810426
24303,8.822155
24324,8.862032
24345,8.890181
24366,8.876106
24387,8.95117
24408,8.915984
24429,8.993393
24450,9.037962
24471,8.908947
24492,8.955861
24513,8.873761
24534,8.908947
24555,8.864378
24576,8.704868
24597,8.578199
24618,8.479678
24639,8.571162
24660,8.517211
24681,8.507828
24702,8.503136
24723,8.486716
24744,8.514865
24765,8.62746
24786,8.601656
24807,8.606348
24828,8.786969
24849,8.714252
24870,8.894873
24891,9.021542
24912,9.075493
24933,9.164631
24954,9.298337
24975,9.239694
24996,9.436735
25017,9.427352
25038,9.460192
25059,9.546985
25080,9.713531
25101,9.741679
25122,9.673654
25143,9.748716
25164,9.551676
25185,9.760445
25206,9.741679
25227,9.955141
25248,9.776865
25269,9.903535
25290,9.793285
25311,9.783903
25332,9.950449
25353,9.877731
25374,10.00206
25395,9.966869
25416,10.03489
25437,9.971561
25458,9.995018
25479,9.992672
25500,9.995018
25521,10.01613
25542,9.971561
25563,10.01613
25584,10.0865
25605,10.12638
25626,10.12872
25647,10.14984
25668,10.31873
25689,10.27885
25710,10.24836
25732,10.24366
25753,10.33515
25774,10.35391
25795,10.3891
25816,10.31873
25837,10.40552
25858,10.37503
25879,10.37737
25900,10.42898
25921,10.35626
25942,10.49935
25963,10.47824
25984,10.59318
26005,10.75269
26026,10.64478
26047,10.58614
26068,10.63775
26089,10.80899
26110,10.59318
26131,10.60022
26152,10.59083
26173,10.52515
26194,10.497
26215,10.50169
26236,10.37503
26257,10.25539
26278,10.18033
26299,10.08181
26320,10.09354
26341,10.1428
26362,10.18971
26383,10.22959
26404,10.29292
26425,10.25539
26446,10.18971
26467,10.25774
26488,10.30465
26509,10.4454
26530,10.46416
26551,10.43836
26572,10.497
26593,10.51811
26614,10.36095
26635,10.48997
26656,10.46885
26677,10.43836
26698,10.60725
26719,10.48293
26740,10.43367
26761,10.33515
26782,10.37268
26803,10.29996
26824,10.2812
26845,10.18971
26866,10.08416
26887,10.0044
26908,9.849584
26929,9.809706
26950,9.718222
26971,9.687728
26992,9.720568
27013,9.58217
27034,9.58217
27055,9.676
27076,9.554022
27097,9.528218
27118,9.446118
27139,9.387475
27160,9.364017
27181,9.359325
27202,9.392166
27223,9.338214
27244,9.446118
27265,9.380438
27286,9.425007
27307,9.38982
27328,9.408587
27349,9.312411
27370,9.286609
27391,9.387475
27412,9.331178
27433,9.267843
27454,9.286609
27475,9.35698
27496,9.270188
27517,9.223273
27538,9.218582
27559,9.361671
27580,9.338214
27601,9.368709
27622,9.401549
27643,9.450809
27664,9.401549
27685,9.35698
27706,9.469575
27727,9.478958
27748,9.481303
27769,9.502416
27790,9.394512
27811,9.40624
27832,9.394512
27853,9.38982
27874,9.331178
27895,9.361671
27916,9.371055
27937,9.284263
27958,9.317103
27979,9.225619
28000,9.295992
28021,9.277225
28042,9.2913
28063,9.277225
28084,9.30772
28105,9.249077
28126,9.251423
28147,9.225619
28168,9.211545
28189,9.152903
28210,9.19278
28231,9.108333
28252,9.044999
28273,9.145865
28294,9.220928
28315,9.091913
28336,9.04969
28357,9.148211
28378,9.176359
28399,9.24204
28420,9.199817
28441,9.164631
28462,9.286609
28483,9.286609
28504,9.166977
28525,9.105988
28546,9.120062
28567,8.876106
28588,9.080185
28609,8.878452
28630,8.869069
28651,8.873761
28672,8.786969
28693,8.749437
28714,8.7424
28735,8.688448
28756,8.672029
28777,8.925366
28798,8.960552
28819,8.744746
28840,8.885489
28861,8.859686
28882,8.8245
28903,8.932404
28924,9.094258
28945,9.152903
28966,9.110679
28987,9.331178
29008,9.441426
29029,9.279572
29050,9.27488
29071,9.284263
29092,9.260805
29113,9.333523
29134,9.342906
29155,9.507107
29176,9.523527
29197,9.551676
29218,9.427352
29239,9.546985
29260,9.58217
29281,9.568096
29302,9.708839
29323,9.603281
29344,9.66427
29365,9.511798
29386,9.490686
29407,9.556367
29428,9.542293
29449,9.507107
29470,9.495378
29491,9.518835
29512,9.535255
29533,9.551676
29554,9.530564
29575,9.528218
29596,9.546985
29617,9.610318
29638,9.654888
29659,9.676
29680,9.748716
29701,9.823779
29722,9.826125
29743,9.934029
29764,9.915263
29785,10.0044
29806,9.992672
29827,10.00909
29848,9.948103
29869,9.969215
29890,10.07712
29911,10.11934
29932,10.07243
29953,10.13107
29974,10.21786
29995,10.10761
30016,10.14749
30037,10.2249
30058,10.28354
30079,10.26478
30100,10.34219
30121,10.47589
30142,10.45244
30163,10.48058
30184,10.41256
30205,10.39145
30226,10.43132
30247,10.39614
30268,10.43836
30289,10.42898
30310,10.38675
30332,10.4149
30355,10.56268
30376,10.45244
30397,10.42663
30418,10.47355
30439,10.42663
30460,10.5275
30481,10.58614
30502,10.64009
30523,10.66121
30544,10.72688
30565,10.61664
30586,10.68701
30607,10.77614
30628,10.75269
30649,10.7175
30670,10.71046
30691,10.78553
30712,10.72219
30733,10.83948
30754,10.86528
30775,10.9122
30796,10.91454
30817,10.86528
30838,10.79022
30859,10.748
30880,10.68466
30901,10.72219
30922,10.5791
30943,10.47824
30964,10.35861
30985,10.30465
31006,10.29058
31027,10.20379
31048,10.14045
31069,10.11465
31090,9.971561
31111,9.971561
31132,9.844892
31153,9.833163
31175,9.866002
31196,9.868348
31217,9.863657
31238,9.849584
31259,9.894152
31280,9.805015
31301,9.840199
31322,9.924646
31343,9.969215
31364,9.77452
31385,9.880077
31406,9.821435
31427,9.701802
31448,9.704147
31469,9.769828
31490,9.680691
31511,9.572787
31532,9.474266
31553,9.469575
31574,9.530564
31595,9.579824
31616,9.434389
31637,9.455501
31658,9.537601
31679,9.556367
31700,9.61501
31721,9.650196
31742,9.429698
31763,9.476612
31784,9.507107
31805,9.415624
31826,9.298337
31847,9.40624
31868,9.422661
31889,9.349943
31910,9.30772
31931,9.300683
31952,9.295992
31973,9.335869
31994,9.328832
32015,9.249077
32036,9.218582
32057,9.2092
32078,9.213891
32099,9.256114
32120,9.260805
32141,9.331178
32162,9.101295
32183,9.235003
32204,9.122408
32225,9.174014
32246,9.070802
32267,9.150557
32288,9.120062
32309,9.075493
32330,9.077839
32351,9.044999
32372,8.988701
32393,8.915984
32414,8.878452
32435,8.955861
32456,8.930058
32477,8.995738
32498,9.005121
32519,8.988701
32540,8.880798
32561,8.878452
32582,8.852649
32603,9.059073
32624,8.930058
32645,8.918329
32666,8.923021
32687,8.756474
32708,8.592274
32729,8.798697
32750,8.801044
32771,8.702522
32792,8.927712
32813,8.852649
32834,8.920675
32855,8.866723
32876,8.885489
32897,8.866723
32918,8.897219
32939,8.998084
32960,9.056727
32981,9.094258
33002,9.134136
33023,9.19278
33044,9.216236
33065,9.19278
33086,9.216236
33107,9.434389
33128,9.455501
33149,9.415624
33170,9.478958
33191,9.342906
33212,9.485995
33233,9.50007
33254,9.58217
33275,9.453156
33296,9.361671
33317,9.661925
33338,9.692419
33359,9.40624
33380,9.497724
33401,9.410933
33422,9.420315
33443,9.471921
33464,9.539948
33485,9.422661
33506,9.345251
33527,9.349943
33548,9.235003
33569,9.462538
33590,9.483649
33611,9.450809
33632,9.441426
33653,9.476612
33674,9.575133
33695,9.661925
33716,9.56575
33737,9.734642
33758,9.706493
33779,9.640813
33800,9.821435
33821,9.840199
33842,9.870694
33863,9.812052
33884,9.898843
33905,9.809706
33926,9.943413
33947,9.934029
33968,9.959831
33989,9.978598
34010,10.07712
34031,10.07477
34052,10.09588
34073,10.12638
34094,10.15453
34115,10.32811
34136,10.24132
34157,10.30231
34178,10.45009
34199,10.36799
34220,10.55096
34241,10.5791
34262,10.45713
34283,10.48528
34304,10.74565
34325,10.63775
34346,10.6354
34367,10.67997
34388,10.54392
34409,10.6096
34430,10.56503
34451,10.67997
34472,10.84417
34493,10.81368
34514,10.70108
34535,10.76676
34556,10.67059
34577,10.71281
34598,10.79022
34619,10.79022
34640,10.80195
34661,10.73861
34682,10.81602
34703,10.74096
34724,10.80429
34745,10.86059
34766,10.86528
34787,10.84417
34808,10.81368
34829,10.80429
34850,10.85824
34871,10.83244
34892,10.79726
34913,10.78787
34934,10.74565
34955,10.59552
34976,10.60022
34997,10.49466
35018,10.36799
35039,10.39614
35060,10.2507
35081,10.10761
35102,10.05835
35123,10.04662
35144,9.980944
35165,9.929338
35186,10.03724
35207,9.725259
35228,9.891806
35249,9.805015
35270,9.779211
35291,9.812052
35312,9.809706
35333,9.809706
35354,9.821435
35375,9.722914
35396,9.797977
35417,9.842546
35438,9.868348
35459,9.748716
35480,9.812052
35501,9.729951
35522,9.652542
35543,9.725259
35564,9.593899
35585,9.544639
35606,9.56575
35627,9.607973
35648,9.51649
35669,9.551676
35690,9.537601
35711,9.392166
35732,9.453156
35753,9.544639
35774,9.493032
35795,9.53291
35816,9.551676
35837,9.446118
35858,9.394512
35879,9.410933
35900,9.408587
35921,9.380438
35942,9.410933
35963,9.321795
35984,9.317103
36005,9.314757
36026,9.199817
36047,9.288955
36068,9.314757
36089,9.199817
36110,9.206854
36131,9.148211
36152,9.183396
36173,9.190434
36194,9.152903
36215,9.166977
36236,9.110679
36257,9.061419
36278,9.023888
36299,9.08253
36320,9.035616
36341,9.035616
36362,9.056727
36383,8.944133
36404,9.070802
36425,9.117716
36446,9.063765
36467,9.080185
36488,9.096604
36509,9.08253
36530,9.08253
36551,9.174014
36572,9.127099
36593,9.091913
36614,9.070802
36635,9.077839
36656,9.021542
36677,9.019196
36698,8.920675
36719,8.810426
36740,8.90191
36761,8.847958
36782,8.812772
36803,8.761166
36824,8.831537
36845,8.737708
36866,8.789314
36887,8.829192
36908,8.850304
36929,8.969935
36950,8.953515
36971,8.854995
36992,8.885489
37013,9.002776
37034,9.066111
37055,8.967589
37076,9.03327
37097,9.141173
37118,9.15994
37139,9.08253
37160,9.084876
37181,9.199817
37202,9.25846
37223,9.239694
37244,9.171668
37265,9.204508
37286,9.141173
37307,9.40624
37328,9.403895
37349,9.281918
37370,9.464884
37391,9.469575
37412,9.425007
37433,9.380438
37454,9.321795
37475,9.375746
37496,9.434389
37517,9.448463
37538,9.483649
37559,9.450809
37580,9.380438
37601,9.457847
37622,9.396858
37643,9.392166
37664,9.408587
37685,9.48834
37706,9.504761
37727,9.633776
37748,9.697111
37769,9.685382
37790,9.666616
37811,9.676
37832,9.77452
37853,9.786248
37874,9.840199
37895,9.880077
37916,9.978598
37937,9.861312
37958,9.941067
37979,9.955141
38000,10.0865
38021,10.04193
38042,10.04897
38063,10.0865
38084,10.11465
38105,10.13576
38126,10.12403
38147,10.18971
38168,10.21552
38189,10.50169
38210,10.51577
38231,10.51577
38252,10.43836
38273,10.43132
38294,10.35861
38315,10.32576
38336,10.46651
38357,10.56503
38378,10.65886
38399,10.56972
38420,10.43367
38441,10.40317
38462,10.43132
38483,10.29762
38504,10.43601
38525,10.56503
38546,10.57207
38567,10.497
38588,10.53219
38609,10.52984
38630,10.51577
38651,10.52046
38672,10.68935
38693,10.62367
38714,10.57676
38735,10.57441
38756,10.42429
38777,10.64478
38798,10.67528
38819,10.63306
38840,10.6096
38861,10.62836
38882,10.6917
38903,10.75034
38924,10.73861
38945,10.6917
38966,10.74096
38987,10.67762
39008,10.6354
39029,10.56738
39050,10.53453
39071,10.41021
39092,10.41959
39113,10.29292
39134,10.31169
39155,10.17564
39176,10.14045
39197,10.09823
39218,9.880077
39239,9.985635
39260,9.98798
39281,9.955141
39302,9.861312
39323,9.854274
39344,9.788594
39365,9.776865
39386,9.840199
39407,9.800323
39428,9.739333
39449,9.877731
39470,9.929338
39491,9.908226
39512,9.851928
39533,9.887115
39554,9.887115
39575,9.931683
39596,9.708839
39617,9.755754
39638,9.607973
39659,9.572787
39680,9.535255
39701,9.676
39722,9.554022
39743,9.509453
39764,9.51649
39785,9.471921
39806,9.504761
39827,9.385129
39848,9.415624
39869,9.375746
39890,9.546985
39911,9.326486
39932,9.305374
39953,9.422661
39974,9.312411
39995,9.366363
40016,9.394512
40037,9.371055
40058,9.450809
40079,9.305374
40100,9.286609
40121,9.380438
40142,9.333523
40163,9.281918
40184,9.164631
40205,9.225619
40226,9.169322
40247,9.101295
40268,9.089567
40289,9.129445
40310,9.136482
40331,9.077839
40352,8.939441
40373,8.93475
40394,8.892527
40415,8.796351
40436,8.768204
40457,8.847958
40478,8.822155
40499,8.887836
40520,8.913638
40541,9.054381
40562,9.063765
40583,9.03327
40604,9.037962
40625,8.993393
40646,9.080185
40667,9.113025
40688,9.012158
40709,8.904256
40730,8.927712
40751,8.885489
40772,8.864378
40793,8.817463
40814,8.608693
40835,8.608693
40856,8.460913
40877,8.535976
40898,8.564125
40919,8.526593
40940,8.573507
40961,8.552396
40982,8.594619
41003,8.582891
41024,8.681411
41045,8.500791
41066,8.765858
41087,8.854995
41108,8.775241
41129,8.723634
41150,8.798697
41171,8.679066
41192,8.721289
41213,8.704868
41234,8.883143
41255,8.817463
41276,8.948824
41297,9.00043
41318,8.972281
41339,9.068456
41360,8.981664
41381,8.962898
41402,9.005121
41423,9.110679
41444,9.239694
41465,9.019196
41486,9.27488
41507,9.164631
41528,9.239694
41549,9.295992
41570,9.295992
41591,9.303029
41612,9.394512
41633,9.321795
41654,9.361671
41675,9.317103
41696,9.206854
41717,9.366363
41738,9.462538
41759,9.561059
41780,9.589207
41801,9.537601
41822,9.551676
41843,9.619701
41864,9.699456
41885,9.699456
41906,9.711185
41927,9.734642
41948,9.797977
41969,9.734642
41990,9.725259
42011,9.725259
42032,9.80736
42053,9.767483
42074,9.884768
42095,9.854274
42116,9.98798
42137,9.966869
42158,10.06305
42179,10.06305
42200,10.23897
42221,10.35391
42242,10.51811
42263,10.56034
42284,10.748
42305,10.63071
42326,10.61194
42347,10.60491
42368,10.5533
42389,10.44071
42410,10.50639
42431,10.43601
42452,10.307
42473,10.31638
42494,10.22725
42515,9.969215
42536,10.46885
42557,10.30935
42578,10.37972
42599,10.41256
42620,10.48762
42641,10.5275
42662,10.51342
42683,10.59552
42704,10.56738
42725,10.5838
42746,10.58849
42767,10.6354
42788,10.65417
42809,10.60725
42830,10.65417
42851,10.65651
42872,10.66824
42893,10.69404
42914,10.69874
42935,10.82071
42956,10.93331
42977,11.00837
42998,10.75503
43019,10.75269
43040,10.65886
43061,10.48293
43082,10.307
43103,10.28823
43124,10.22725
43145,9.945757
43166,9.793285
43187,9.828471
43208,9.617355
43229,9.530564
43250,9.51649
43271,9.50007
43292,9.38982
43313,9.509453
43334,9.469575
43355,9.41797
43376,9.504761
43397,9.455501
43418,9.619701
43439,9.511798
43460,9.490686
43481,9.317103
43502,9.394512
43523,9.24204
43544,9.220928
43565,9.246731
43586,9.394512
43607,9.169322
43628,9.150557
43649,9.244386
43670,9.195126
43691,9.03327
43712,9.056727
43733,9.040307
43754,9.019196
43775,8.972281
43796,8.920675
43817,9.002776
43838,8.962898
43859,9.113025
43880,9.061419
43901,9.007467
43922,8.850304
43943,8.913638
43964,8.8245
43985,8.737708
44006,8.690794
44027,8.761166
44048,8.641534
44069,8.702522
44090,8.585237
44111,8.43511
44132,8.444492
44153,8.535976
44174,8.611039
44195,8.38585
44216,8.371776
44237,8.465604
44258,8.38585
44279,8.449184
44300,8.331898
44321,8.306095
44342,8.364738
44363,8.261526
44384,8.181771
44405,8.191154
44426,8.055102
44447,8.022263
44468,8.102016
44489,8.106709
44510,8.134857
44531,8.097325
44552,8.301403
44573,8.374122
44594,8.252144
44615,8.294367
44636,8.315477
44657,8.245107
44678,8.235723
44699,8.341281
44720,8.259181
44741,8.06214
44762,7.996459
44783,7.95189
44804,8.085596
44825,8.116092
44846,7.958928
44867,7.843987
44888,7.907322
44909,7.973002
44930,8.163006
44951,8.165352
44972,8.259181
44993,8.439801
45014,8.674374
45035,8.843266
45056,8.904256
45077,9.012158
45098,9.127099
45119,9.281918
45140,9.446118
45161,9.561059
45182,9.715877
45203,9.833163
45224,9.575133
45245,9.793285
45266,9.950449
45287,9.966869
45308,10.04428
45329,10.08181
45350,10.03959
45371,10.117
45392,10.25539
45413,10.32811
45434,10.40787
45455,10.31404
45476,10.39614
45497,10.50169
45518,10.73392
45539,10.64713
45560,10.69404
45581,10.78318
45602,10.79491
45623,10.73627
45644,10.62133
45665,10.50873
45686,10.29996
45707,10.31873
45728,10.22725
45749,10.20144
45770,10.19206
45791,10.18502
45812,10.27181
45833,10.24366
45854,10.28589
45875,10.23663
45896,10.23663
45917,10.2249
45938,10.31404
45959,10.29762
45980,10.18737
46001,10.31404
46022,10.10996
46043,10.12872
46064,10.19675
46085,10.17564
46106,10.09119
46127,10.1428
46148,10.29762
46169,10.27416
46190,10.31404
46211,10.34922
46232,10.56503
46253,10.39145
46274,10.39848
46295,10.50873
46316,10.47589
46337,10.26008
46358,10.18268
46379,10.10292
46400,9.924646
46421,9.887115
46442,9.80736
46463,9.720568
46484,9.645505
46505,9.751062
46526,9.697111
46547,9.751062
46568,9.80736
46589,9.715877
46610,9.795631
46631,9.875386
46652,9.87304
46673,9.924646
46694,9.945757
46715,10.10058
46736,10.0302
46757,10.08416
46778,10.00909
46799,10.25539
46820,9.992672
46841,9.957487
46862,10.06539
46883,9.948103
46904,10.0302
46925,9.9223
46946,9.957487
46967,9.950449
46988,9.992672
47009,9.85662
47030,9.74637
47051,9.631431
47072,9.539948
47093,9.432044
47114,9.317103
47135,9.171668
47156,9.265497
47177,9.152903
47198,9.101295
47219,9.061419
47240,8.988701
47261,9.023888
47282,8.962898
47303,8.923021
47324,8.915984
47345,8.988701
47366,8.946478
47387,8.98401
47408,8.95117
47429,9.059073
47450,9.09895
47471,9.009813
47492,9.089567
47513,8.988701
47534,9.007467
47555,9.091913
47576,9.103642
47597,8.988701
47618,8.880798
47639,8.930058
47660,8.906601
47681,8.927712
47702,8.897219
47723,8.871415
47744,8.805735
47765,8.782278
47786,8.784623
47807,8.955861
47828,8.988701
47849,9.066111
47870,8.939441
47891,8.920675
47912,9.047344
47933,9.052036
47954,9.042653
47975,9.115371
47996,8.927712
48017,8.822155
48038,8.847958
48059,8.866723
48080,8.711905
48101,8.589928
48122,8.596965
48143,8.564125
48164,8.479678
48185,8.482024
48206,8.458567
48227,8.474987
48248,8.503136
48269,8.543014
48290,8.683757
48311,8.674374
48332,8.662645
48353,8.7424
48374,8.777586
48395,8.819809
48416,8.789314
48437,8.756474
48458,8.862032
48479,8.958207
48500,9.068456
48521,9.00043
48542,8.913638
48563,9.052036
48584,9.143519
48605,9.244386
48626,9.204508
48647,9.188088
48668,9.267843
48689,9.305374
48710,9.270188
48731,9.030925
48752,9.310066
48773,9.216236
48794,9.164631
48815,9.166977
48836,8.915984
48857,9.070802
48878,9.105988
48899,9.096604
48920,8.873761
48941,9.037962
48962,9.220928
48983,9.223273
49004,9.124753
49025,9.047344
49046,9.091913
49067,9.061419
49088,9.23031
49109,9.270188
49130,9.314757
49151,9.342906
49172,9.324141
49193,9.359325
49214,9.448463
49235,9.485995
49256,9.422661
49277,9.425007
49298,9.483649
49319,9.537601
49340,9.589207
49361,9.546985
49382,9.584516
49403,9.50007
49424,9.600936
49445,9.727605
49466,9.603281
49487,9.732296
49508,9.701802
49529,9.685382
49550,9.744025
49571,9.85662
49592,9.823779
49613,9.809706
49634,9.877731
49655,9.924646
49676,10.06305
49697,10.12638
49718,10.14045
49739,10.06305
49760,10.02551
49781,9.941067
49802,9.866002
49823,10.0302
49844,10.00675
49865,10.07477
49886,10.29996
49907,10.27181
49928,10.21786
49949,10.32811
49970,10.39848
49991,10.39614
50012,10.54392
50033,10.60491
50054,10.5275
50075,10.56738
50096,10.65886
50117,10.51108
50138,10.39379
50159,10.53923
50180,10.8817
50201,10.68466
50222,10.71516
50243,10.65182
50264,10.70343
50285,10.70812
50306,10.90281
50327,10.77614
50348,10.62602
50369,10.7738
50390,10.52281
50411,10.5838
50432,10.33984
50453,10.26243
50474,10.17095
50495,10.06773
50516,9.934029
50537,9.924646
50558,9.870694
50579,9.800323
50600,9.690074
50621,9.741679
50642,9.751062
50663,9.753407
50684,9.80736
50705,9.762791
50726,9.912917
50747,9.875386
50768,9.896498
50789,9.966869
50810,9.938721
50831,9.945757
50852,9.997364
50873,9.884768
50894,9.835509
50915,9.950449
50936,9.863657
50957,9.980944
50978,9.844892
50999,9.896498
51020,9.797977
51041,9.797977
51062,9.636122
51083,9.593899
51104,9.577478
51125,9.600936
51146,9.530564
51167,9.347597
51188,9.382783
51209,9.40624
51230,9.342906
51251,9.324141
51272,9.227965
51293,9.087222
51314,9.148211
51335,9.08253
51356,9.171668
51377,9.15994
51398,9.138828
51419,9.035616
51440,9.080185
51461,9.096604
51482,9.012158
51503,9.054381
51524,9.061419
51545,9.105988
51566,9.063765
51587,9.091913
51608,9.009813
51629,9.009813
51650,8.986356
51671,8.946478
51692,8.890181
51713,8.8245
51734,8.8245
51755,8.808081
51776,8.873761
51797,8.754128
51818,8.754128
51842,8.69314
51867,8.857341
51888,8.913638
51909,8.815118
51930,8.866723
51951,8.958207
51972,8.84092
51993,8.883143
52014,8.833883
52035,8.718943
52056,8.686103
52077,8.711905
52098,8.7424
52119,8.587582
52140,8.707214
52161,8.510174
52182,8.404615
52203,8.355355
52224,8.343626
52245,8.493753
52266,8.585237
52287,8.301403
52308,8.479678
52329,8.571162
52350,8.728326
52371,8.817463
52392,8.730671
52413,8.716597
52434,8.805735
52455,8.904256
52476,9.037962
52497,8.988701
52518,8.939441
52539,8.911292
52560,9.115371
52581,9.237348
52602,9.338214
52623,9.272534
52644,9.2092
52665,9.27488
52686,9.410933
52707,9.441426
52728,9.366363
52749,9.392166
52770,9.483649
52791,9.528218
52812,9.441426
52833,9.303029
52854,9.490686
52875,9.53291
52896,9.453156
52917,9.272534
52938,9.284263
52959,9.554022
52980,9.48834
53001,9.410933
53022,9.352288
53043,9.319448
53064,9.319448
53085,9.382783
53106,9.544639
53127,9.476612
53148,9.420315
53169,9.542293
53190,9.561059
53211,9.563404
53232,9.701802
53253,9.676
53274,9.673654
53295,9.715877
53316,9.697111
53337,9.79094
53358,9.866002
53379,9.739333
53400,9.894152
53421,9.830817
53442,9.781557
53463,9.842546
53484,9.898843
53506,9.990326
53527,10.12638
53548,10.00206
53569,9.995018
53590,10.17329
53611,10.18971
53632,10.35626
53653,10.24366
53674,10.20848
53695,10.26947
53716,10.32811
53737,10.32342
53758,10.37503
53779,10.31169
53800,10.307
53821,10.28354
53842,10.15922
53863,10.16156
53884,10.12872
53905,10.23194
53926,10.19441
53947,10.19675
53968,10.26712
53989,10.33515
54010,10.33046
54031,10.28354
54052,10.23194
54073,10.31169
54094,10.33984
54115,10.37268
54136,10.35861
54157,10.26478
54178,10.29292
54199,10.30935
54220,10.31169
54241,10.38206
54262,10.45244
54283,10.45244
54304,10.4149
54325,10.38441
54346,10.57207
54367,10.52984
54388,10.44305
54409,10.47589
54430,10.44071
54451,10.39848
54472,10.27416
54493,10.24366
54514,10.23194
54535,10.18033
54556,10.0865
54577,9.997364
54598,10.03489
54619,9.826125
54640,9.901189
54661,9.812052
54682,9.877731
54703,9.79094
54724,9.837853
54745,9.858966
54766,9.882422
54787,9.969215
54808,10.03255
54829,9.966869
54850,10.04428
54871,10.07946
54892,10.15218
54913,10.1991
54934,10.20379
54955,10.18268
54976,10.2249
54997,10.15922
55018,10.10761
55039,10.07946
55060,10.19675
55081,10.13576
55102,10.08416
55123,10.12872
55144,10.10292
55165,9.999709
55186,9.891806
55207,9.880077
55228,9.866002
55249,9.727605
55270,9.729951
55291,9.680691
55312,9.497724
55333,9.50007
55354,9.570441
55375,9.415624
55396,9.462538
55417,9.467229
55438,9.371055
55459,9.415624
55480,9.448463
55501,9.432044
55522,9.359325
55543,9.415624
55564,9.319448
55585,9.324141
55606,9.359325
55627,9.385129
55648,9.342906
55669,9.244386
55690,9.284263
55711,9.145865
55732,9.150557
55753,9.195126
55774,9.101295
55795,9.087222
55816,9.009813
55837,8.953515
55858,8.953515
55879,8.993393
55900,8.899564
55921,8.894873
55942,9.009813
55963,9.080185
55984,8.937096
56005,8.913638
56026,8.972281
56047,9.007467
56068,9.089567
56089,8.937096
56110,8.953515
56131,8.833883
56152,9.012158
56173,8.885489
56194,8.862032
56215,8.707214
56236,8.733017
56257,8.653263
56278,8.761166
56299,8.594619
56320,8.528939
56341,8.547705
56362,8.580544
56383,8.622768
56404,8.737708
56425,8.735363
56446,8.681411
56467,8.629806
56488,8.683757
56509,8.838574
56530,8.962898
56551,8.892527
56572,8.876106
56593,8.953515
56614,8.95117
56635,9.01685
56656,9.030925
56677,9.012158
56698,8.995738
56719,9.068456
56740,9.145865
56761,9.260805
56782,9.256114
56803,9.185742
56824,9.298337
56845,9.382783
56866,9.352288
56887,9.295992
56908,9.164631
56929,9.25846
56950,9.342906
56971,9.333523
56992,9.366363
57013,9.216236
57034,9.352288
57055,9.347597
57076,9.2913
57097,9.359325
57118,9.434389
57139,9.403895
57160,9.420315
57181,9.537601
57202,9.441426
57223,9.483649
57244,9.563404
57265,9.600936
57286,9.692419
57307,9.678345
57328,9.643159
57349,9.661925
57370,9.7581
57391,9.692419
57412,9.741679
57433,9.732296
57454,9.645505
57475,9.668962
57496,9.650196
57517,9.638468
57538,9.676
57559,9.66427
57580,9.661925
57601,9.673654
57622,9.701802
57643,9.720568
57664,9.736988
57685,9.769828
57706,9.844892
57727,9.870694
57748,9.901189
57769,9.910572
57790,9.98329
57811,9.990326
57832,9.934029
57853,9.917608
57874,9.877731
57895,9.908226
57916,9.950449
57937,9.919954
57958,9.926992
57979,9.903535
58000,9.973906
58021,9.973906
58042,9.926992
58063,9.971561
58084,10.10996
58105,10.15687
58126,10.1991
58147,10.2507
58168,10.25539
58189,10.18033
58210,10.26947
58231,10.23428
58252,10.38206
58273,10.50404
58294,10.44305
58315,10.44071
58336,10.43601
58357,10.37972
58378,10.41959
58399,10.40552
58420,10.53923
58441,10.45713
58462,10.5838
58483,10.60491
58504,10.60256
58525,10.50169
58546,10.51577
58567,10.38675
58588,10.35391
58609,10.32576
58630,10.32811
58651,10.1686
58672,10.05132
58693,10.02551
58714,9.950449
58735,9.929338
58756,9.980944
58777,9.997364
58798,10.07243
58819,9.952795
58840,9.98798
58861,10.04897
58882,10.13342
58903,10.05132
58924,10.13576
58945,10.14514
58966,10.14984
58987,10.10058
59008,10.26008
59029,10.21083
59050,10.16391
59071,10.22021
59092,10.29058
59113,10.23897
59134,10.18268
59155,10.15218
59176,10.15922
59197,10.08416
59218,10.06305
59239,10.09823
59260,10.03489
59281,10.0607
59302,10.01144
59323,9.882422
59344,9.992672
59365,9.760445
59386,9.821435
59407,9.849584
59428,9.629085
59449,9.858966
59470,9.56575
59491,9.59859
59512,9.640813
59533,9.511798
59554,9.450809
59575,9.530564
59596,9.427352
59617,9.422661
59638,9.443772
59659,9.495378
59680,9.476612
59701,9.443772
59722,9.410933
59743,9.507107
59764,9.514144
59785,9.422661
59806,9.368709
59827,9.41797
59848,9.368709
59869,9.387475
59890,9.387475
59911,9.387475
59932,9.310066
59953,9.251423
59974,9.213891
59995,9.171668
60016,9.256114
60037,9.235003
60058,9.345251
60079,9.328832
60100,9.378092
60121,9.371055
60142,9.27488
60163,9.218582
60184,9.220928
60205,9.314757
60226,9.249077
60247,9.188088
60268,9.068456
60289,9.014504
60310,8.967589
60331,8.967589
60352,8.981664
60373,8.967589
60394,8.866723
60415,8.883143
60436,8.932404
60457,8.95117
60478,8.991047
60499,8.960552
60520,8.937096
60541,8.932404
60562,9.028579
60583,9.04969
60604,9.09895
60625,9.01685
60646,9.040307
60667,9.129445
60688,9.028579
60709,8.98401
60730,9.094258
60751,9.094258
60772,9.101295
60793,9.164631
60814,9.143519
60835,9.063765
60856,9.138828
60877,9.066111
60898,9.03327
60919,8.981664
60940,9.115371
60961,9.321795
60982,9.2092
61003,9.070802
61024,9.00043
61045,8.93475
61066,9.007467
61087,8.937096
61108,8.822155
61129,8.803389
61150,8.812772
61171,8.812772
61192,8.700177
61213,8.585237
61234,8.728326
61255,8.925366
61276,8.904256
61297,8.749437
61318,8.946478
61339,8.930058
61360,8.925366
61381,8.993393
61402,8.958207
61423,8.972281
61444,9.176359
61465,9.314757
61486,9.324141
61507,9.265497
61528,9.314757
61549,9.279572
61570,9.176359
61591,9.385129
61612,9.335869
61633,9.403895
61654,9.518835
61675,9.436735
61696,9.509453
61717,9.572787
61738,9.704147
61759,9.755754
61780,9.776865
61801,9.786248
61822,9.7581
61843,9.908226
61864,9.98329
61885,9.992672
61906,9.978598
61927,10.01144
61948,10.02082
61969,10.15453
61990,10.04662
62011,10.08416
62032,10.13811
62053,10.307
62074,10.22725
62095,10.29292
62116,10.44305
62137,10.39614
62158,10.50404
62179,10.58614
62200,10.62602
62221,10.70343
62242,10.68701
62263,10.73392
62284,10.67293
62305,10.74096
62326,10.74096
62347,10.76442
62368,10.82541
62389,10.90047
62410,10.84652
62431,11.03652
62452,11.05763
62473,10.89812
62494,11.0459
62515,11.03887
62536,11.2148
62557,11.10689
62578,11.11393
62599,10.9943
62620,11.0506
62641,11.03183
62662,10.86997
62683,10.80664
62704,10.67293
62725,10.71516
62746,10.56034
62767,10.59083
62788,10.41959
62809,10.39848
62830,10.39614
62851,10.31638
62872,10.39848
62893,10.34922
62914,10.26947
62935,10.307
62956,10.23663
62977,10.35626
62998,10.2249
63019,10.33749
63040,10.20144
63061,10.20379
63082,10.27885
63103,10.24132
63124,10.22725
63145,10.20379
63166,10.24601
63187,10.13576
63208,10.09354
63229,10.12638
63250,10.03255
63271,9.959831
63292,9.995018
63313,9.971561
63334,9.894152
63355,9.788594
63376,9.826125
63397,9.704147
63418,9.622047
63439,9.521181
63460,9.293646
63481,9.413278
63502,9.450809
63523,9.425007
63544,9.35698
63565,9.270188
63586,9.279572
63607,9.174014
63628,9.256114
63649,9.310066
63670,9.267843
63691,9.246731
63712,9.277225
63733,9.347597
63754,9.298337
63775,9.298337
63796,9.288955
63817,9.246731
63838,9.211545
63859,9.319448
63880,9.232656
63901,9.279572
63922,9.227965
63943,9.232656
63964,9.145865
63985,9.143519
64006,9.155248
64027,9.134136
64048,9.122408
64069,9.134136
64090,9.080185
64111,9.094258
64132,9.155248
64153,9.277225
64174,9.157594
64195,9.110679
64216,9.054381
64237,9.070802
64258,9.084876
64279,9.091913
64300,8.946478
64321,8.887836
64342,8.967589
64363,8.878452
64384,8.815118
64405,8.805735
64426,8.758821
64447,8.838574
64468,8.812772
64489,8.730671
64510,8.796351
64531,8.754128
64552,8.836229
64573,8.803389
64594,8.777586
64615,8.803389
64636,8.805735
64657,8.826846
64678,8.897219
64699,9.00043
64720,8.98401
64741,8.925366
64762,8.904256
64783,9.054381
64804,8.98401
64825,8.93475
64846,8.925366
64867,8.937096
64888,9.007467
64909,9.052036
64930,8.979319
64951,8.925366
64972,9.014504
64993,9.035616
65014,9.096604
65035,8.967589
65056,8.974627
65077,9.113025
65098,9.174014
65119,9.028579
65140,9.030925
65161,9.115371
65182,9.162285
65203,9.129445
65224,9.105988
65245,9.176359
65266,9.288955
65287,9.23031
65308,9.260805
65329,9.218582
65350,9.38982
65371,9.380438
65392,9.48834
65413,9.554022
65434,9.446118
65455,9.617355
65476,9.622047
65497,9.739333
65518,9.812052
65539,9.793285
65560,9.744025
65581,9.875386
65602,9.835509
65623,10.00206
65644,10.0302
65665,9.910572
65686,10.03724
65707,10.03255
65728,10.14984
65749,10.14045
65770,10.13342
65791,10.35157
65812,10.31169
65833,10.39145
65854,10.4149
65875,10.45713
65896,10.56972
65917,10.53453
65938,10.58145
65959,10.52046
65980,10.59552
66001,10.60491
66022,10.5533
66043,10.5533
66064,10.62602
66085,10.59552
66106,10.51811
66127,10.45713
66148,10.47589
66169,10.52984
66190,10.53453
66211,10.65886
66232,10.70812
66253,10.68466
66274,10.62602
66295,10.5838
66316,10.66824
66337,10.5838
66358,10.67293
66379,10.63775
66400,10.53923
66421,10.58145
66442,10.60491
66463,10.73861
66484,10.75503
66505,10.59083
66526,10.60022
66547,10.66355
66568,10.60256
66589,10.60022
66610,10.67059
66631,10.62602
66652,10.63306
66673,10.51811
66694,10.46182
66715,10.35157
66736,10.18268
66757,10.19206
66778,10.11465
66799,10.23428
66820,10.06305
66841,10.03959
66862,10.04897
66883,10.06539
66904,9.950449
66925,10.04662
66946,10.05132
66967,10.07946
66988,10.05132
67009,10.06773
67030,10.10058
67051,10.0607
67072,10.05601
67093,10.10761
67114,10.15687
67135,10.1428
67156,10.20144
67177,10.14514
67198,10.22959
67219,10.19206
67240,10.21083
67261,10.12403
67282,10.12169
67303,10.04897
67324,10.0607
67345,9.98798
67366,9.964523
67387,9.851928
67408,9.718222
67429,9.805015
67450,9.729951
67471,9.795631
67492,9.673654
67513,9.633776
67534,9.572787
67555,9.568096
67576,9.563404
67597,9.546985
67618,9.410933
67639,9.319448
67660,9.394512
67681,9.345251
67702,9.218582
67723,9.300683
67744,9.178705
67765,9.061419
67786,8.998084
67807,8.998084
67828,9.134136
67849,9.152903
67870,9.070802
67891,8.894873
67912,9.075493
67933,8.937096
67954,8.845612
67975,8.927712
67996,8.932404
68017,8.751783
68038,8.862032
68059,8.711905
68080,8.747091
68101,8.709559
68122,8.765858
68143,8.737708
68164,8.765858
68185,8.930058
68206,8.779932
68227,8.789314
68248,8.90191
68269,8.859686
68290,8.871415
68311,8.904256
68332,8.831537
68353,8.836229
68374,8.772895
68395,8.674374
68416,8.817463
68437,8.740054
68458,8.615731
68479,8.6603
68500,8.472641
68521,8.655608
68542,8.486716
68563,8.592274
68584,8.688448
68605,8.69314
68626,8.53363
68647,8.552396
68668,8.681411
68689,8.716597
68710,8.758821
68731,8.775241
68752,8.969935
68773,9.103642
68794,9.185742
68815,9.080185
68836,8.955861
68857,9.012158
68878,9.239694
68899,9.375746
68920,9.342906
68941,9.34056
68962,9.483649
68983,9.556367
69004,9.469575
69025,9.493032
69046,9.570441
69067,9.622047
69088,9.561059
69109,9.446118
69130,9.619701
69151,9.783903
69172,9.633776
69193,9.535255
69214,9.591553
69235,9.74637
69256,9.934029
69277,9.959831
69298,9.718222
69319,9.85662
69340,9.788594
69361,9.90588
69382,10.04193
69403,10.14514
69424,10.15922
69445,10.02551
69466,10.04193
69487,10.15687
69508,10.20613
69529,10.10058
69550,10.17798
69571,10.1991
69592,10.32811
69613,10.27885
69634,10.29292
69655,10.32107
69676,10.30935
69697,10.25305
69718,10.27416
69739,10.26478
69760,10.28354
69781,10.38441
69802,10.33984
69823,10.33046
69844,10.45478
69865,10.36799
69886,10.44305
69907,10.53688
69928,10.58614
69949,10.66121
69970,10.35861
69991,10.21552
70012,10.34922
70033,10.29527
70054,10.32107
70075,10.37737
70096,10.27181
70117,10.15922
70138,10.06539
70159,10.06773
70180,10.20144
70201,10.21083
70222,10.17329
70243,10.10527
70264,10.13576
70285,10.1686
70306,10.21317
70327,10.31169
70348,10.20144
70369,10.21786
70390,10.22255
70411,10.29996
70432,10.33749
70453,10.38441
70474,10.29292
70495,10.23428
70516,10.17564
70537,10.21552
70558,10.39379
70579,10.49935
70600,10.39848
70621,10.34688
70642,10.29996
70663,10.2249
70684,10.40317
70705,10.32342
70726,10.29762
70747,10.18033
70768,10.16391
70789,10.1991
70810,10.13811
70831,10.05366
70852,9.919954
70873,9.997364
70894,9.962177
70915,9.926992
70936,9.812052
70957,9.90588
70978,9.964523
70999,9.976252
71020,9.903535
71041,10.0044
71062,10.117
71083,9.910572
71104,10.04193
71125,10.0607
71146,10.09119
71167,10.03255
71188,10.09354
71209,10.06539
71230,10.19675
71251,10.10058
71272,10.1123
71293,10.10527
71314,10.10058
71335,10.01144
71356,10.07008
71377,10.05366
71398,9.952795
71419,9.969215
71440,9.858966
71461,9.769828
71482,9.80736
71503,9.74637
71524,9.631431
71545,9.612664
71566,9.577478
71587,9.607973
71608,9.563404
71629,9.535255
71650,9.469575
71671,9.380438
71692,9.361671
71713,9.347597
71734,9.385129
71755,9.40624
71776,9.373401
71797,9.413278
71818,9.556367
71839,9.392166
71860,9.453156
71881,9.267843
71902,9.265497
71923,9.455501
71944,9.485995
71965,9.382783
71986,9.27488
72007,9.432044
72028,9.35698
72049,9.364017
72070,9.382783
72091,9.267843
72112,9.27488
72133,9.24204
72154,9.328832
72175,9.385129
72196,9.178705
72217,9.227965
72238,9.380438
72259,9.237348
72280,9.364017
72301,9.366363
72322,9.328832
72343,9.206854
72364,9.253768
72385,9.263151
72406,9.148211
72427,9.115371
72448,9.174014
72469,9.204508
72490,9.047344
72511,9.145865
72532,9.002776
72553,8.960552
72574,8.946478
72595,8.962898
72616,8.822155
72637,8.887836
72658,8.871415
72679,8.878452
72700,8.908947
72721,8.845612
72742,8.918329
72763,8.918329
72784,8.838574
72805,8.838574
72826,9.042653
72847,9.101295
72868,9.059073
72889,9.202163
72910,9.152903
72931,9.220928
72952,9.110679
72973,9.056727
72994,9.152903
73015,9.113025
73036,9.030925
73057,9.115371
73078,9.211545
73099,9.385129
73120,9.138828
73141,8.998084
73162,9.103642
73183,9.256114
73204,9.328832
73225,9.115371
73246,9.026234
73267,9.113025
73288,9.162285
73309,9.061419
73330,9.15994
73351,9.328832
73372,9.24204
73393,9.239694
73414,9.239694
73435,9.164631
73456,9.321795
73477,9.441426
73498,9.434389
73519,9.495378
73540,9.446118
73561,9.744025
73582,9.732296
73603,9.765137
73624,9.805015
73645,9.77452
73666,9.835509
73687,9.809706
73708,9.833163
73729,9.952795
73750,9.98798
73771,9.959831
73792,9.924646
73813,9.969215
73834,9.828471
73855,9.847238
73876,9.995018
73897,10.16391
73918,10.16391
73939,10.02082
73960,10.02551
73981,10.00206
74002,9.997364
74023,10.10292
74044,9.999709
74065,10.13576
74086,10.18971
74107,10.16626
74128,10.22725
74149,10.1123
74170,10.09823
74191,10.13811
74212,10.25774
74233,10.29292
74254,10.21552
74275,10.35157
74296,10.23194
74317,10.20144
74338,10.29527
74359,10.21552
74380,10.33749
74401,10.307
74422,10.35626
74443,10.4149
74464,10.26008
74485,10.30935
74506,10.27885
74527,10.2249
74548,10.41021
74569,10.38206
74590,10.39848
74611,10.33749
74632,10.307
74653,10.32576
74674,10.48528
74695,10.5838
74716,10.61898
74737,10.59787
74758,10.64244
74779,10.56503
74800,10.59083
74821,10.50169
74842,10.51342
74863,10.49935
74884,10.32576
74905,10.27885
74926,10.41725
74947,10.43132
74968,10.41256
74989,10.27885
75010,10.14749
75031,10.117
75052,10.13342
75073,10.14749
75094,10.21786
75115,10.22021
75136,10.21552
75157,10.11934
75178,10.2507
75199,10.2812
75220,10.34453
75241,10.34922
75262,10.35157
75283,10.39145
75304,10.34219
75325,10.37737
75346,10.45947
75367,10.42429
75388,10.38675
75409,10.2765
75430,10.3891
75451,10.39145
75472,10.39379
75493,10.30465
75514,10.25305
75535,10.24132
75556,10.18033
75577,10.20848
75598,10.09823
75619,9.98798
75640,10.0302
75661,10.05835
75682,10.08181
75703,9.889461
75724,9.943413
75745,9.85662
75766,9.877731
75787,9.9223
75808,9.814397
75829,9.842546
75850,9.751062
75871,9.741679
75892,9.605627
75913,9.769828
75934,9.802669
75955,9.725259
75976,9.654888
75997,9.736988
76018,9.725259
76039,9.683037
76060,9.64785
76081,9.671308
76102,9.66427
76123,9.603281
76144,9.631431
76165,9.631431
76186,9.542293
76207,9.295992
76228,9.41797
76249,9.425007
76270,9.335869
76291,9.310066
76312,9.220928
76333,9.188088
76354,9.150557
76375,8.953515
76396,9.120062
76417,9.089567
76438,9.162285
76459,9.044999
76480,9.01685
76501,9.014504
76522,8.988701
76543,8.911292
76564,8.890181
76585,8.960552
76606,8.838574
76627,8.955861
76648,8.953515
76669,8.925366
76690,8.887836
76711,8.894873
76732,8.908947
76753,8.98401
76774,8.986356
76795,8.925366
76816,8.995738
76837,9.037962
76858,9.042653
76879,8.981664
76900,8.958207
76921,8.95117
76942,9.091913
76963,9.09895
76984,9.042653
77005,8.915984
77026,8.960552
77047,8.972281
77068,9.059073
77089,9.091913
77110,8.939441
77131,8.960552
77152,9.129445
77173,8.883143
77194,8.967589
77215,8.908947
77236,8.944133
77257,8.937096
77278,8.95117
77299,8.988701
77320,8.979319
77341,8.993393
77362,8.920675
77383,8.7424
77404,8.819809
77425,8.939441
77446,8.988701
77467,9.019196
77488,8.930058
77509,8.955861
77530,9.08253
77551,9.246731
77572,9.27488
77593,9.202163
77614,9.267843
77635,9.378092
77656,9.502416
77677,9.493032
77698,9.476612
77719,9.537601
77740,9.593899
77761,9.704147
77782,9.690074
77803,9.652542
77824,9.678345
77845,9.722914
77866,9.840199
77887,9.779211
77908,9.833163
77929,9.793285
77950,9.80736
77971,9.898843
77992,9.955141
78013,9.823779
78034,9.866002
78055,9.821435
78076,9.837853
78097,9.945757
78118,9.945757
78139,9.945757
78160,10.0607
78181,10.04662
78202,10.14749
78223,10.20144
78244,10.33749
78265,10.22021
78286,10.23897
78307,10.27885
78328,10.29527
78349,10.40083
78370,10.31404
78391,10.41725
78412,10.43601
78433,10.40787
78454,10.53688
78475,10.52281
78496,10.5838
78517,10.64009
78538,10.66824
78559,10.78318
78580,10.65886
78601,10.64478
78622,10.62133
78643,10.59083
78664,10.60256
78685,10.60725
78706,10.72923
78727,10.79491
78748,10.60725
78769,10.62367
78790,10.71985
78811,10.86059
78832,10.85824
78853,10.68232
78874,10.64478
78895,10.71516
78916,10.65886
78937,10.67059
78958,10.63775
78979,10.56503
79000,10.48997
79021,10.42663
79042,10.43836
79063,10.38441
79084,10.38441
79105,10.29762
79126,10.33046
79147,10.45947
79168,10.34922
79189,10.27416
79210,10.34453
79231,10.42898
79252,10.33515
79273,10.3633
79294,10.37737
79315,10.28354
79336,10.3328
79357,10.39145
79378,10.31873
79399,10.40083
79420,10.45478
79441,10.40787
79462,10.32576
79483,10.48293
79504,10.32342
79525,10.31638
79546,10.33046
79567,10.27416
79588,10.25774
79609,10.17798
79630,10.21083
79651,10.20379
79672,10.05601
79693,10.02786
79714,10.07946
79735,9.980944
79756,9.934029
79777,9.880077
79798,9.765137
79819,9.657233
79840,9.678345
79861,9.898843
79882,9.610318
79903,9.380438
79924,9.413278
79945,9.607973
79966,9.687728
79987,9.54933
80008,9.432044
80029,9.457847
80050,9.441426
80071,9.507107
80092,9.441426
80113,9.467229
80134,9.441426
80155,9.439081
80176,9.521181
80197,9.427352
80218,9.441426
80239,9.457847
80260,9.382783
80281,9.380438
80302,9.347597
80323,9.335869
80344,9.253768
80365,9.260805
80386,9.342906
80407,9.206854
80428,9.251423
80449,9.256114
80470,9.120062
80491,9.244386
80512,9.30772
80533,9.216236
80554,9.101295
80575,9.134136
80596,9.148211
80617,9.213891
80638,9.096604
80659,9.084876
80680,9.028579
80701,8.993393
80722,9.014504
80743,8.993393
80764,9.014504
80785,8.991047
80806,8.948824
80827,9.040307
80848,8.988701
80869,9.014504
80890,8.95117
80911,8.911292
80932,8.960552
80953,8.974627
80974,9.157594
80995,9.094258
81016,9.042653
81037,9.08253
81058,9.009813
81079,9.09895
81100,9.148211
81121,9.096604
81142,9.09895
81163,9.124753
81184,9.171668
81205,9.319448
81226,9.331178
81247,9.270188
81268,9.225619
81289,9.223273
81310,9.213891
81331,9.27488
81352,9.342906
81373,9.279572
81394,9.19278
81415,9.188088
81436,9.272534
81457,9.319448
81478,9.2092
81499,9.181051
81520,9.103642
81541,9.27488
81562,9.227965
81583,9.136482
81604,9.136482
81625,9.199817
81646,9.305374
81667,9.265497
81688,9.235003
81709,9.373401
81730,9.462538
81751,9.481303
81772,9.457847
81793,9.371055
81814,9.535255
81835,9.659579
81856,9.59859
81877,9.596244
81898,9.610318
81919,9.551676
81940,9.626739
81961,9.697111
81982,9.645505
82003,9.636122
82024,9.678345
82045,9.748716
82066,9.729951
82087,9.821435
82108,9.619701
82129,9.741679
82150,9.85662
82171,9.830817
82192,9.844892
82213,9.821435
82234,9.833163
82255,9.910572
82276,9.9223
82297,9.997364
82318,10.09588
82339,10.03255
82360,10.07477
82381,10.14514
82402,10.19675
82423,10.29762
82444,10.20613
82465,10.32576
82486,10.30465
82507,10.39145
82528,10.46885
82549,10.46416
82570,10.54861
82591,10.54157
82612,10.64009
82633,10.68232
82654,10.66121
82675,10.54392
82696,10.62602
82717,10.60725
82738,10.6917
82759,10.76676
82780,10.70812
82801,10.67528
82822,10.71985
82843,10.63071
82864,10.68701
82885,10.67997
82906,10.74096
82927,10.75269
82948,10.67059
82969,10.6096
82990,10.73861
83011,10.73861
83032,10.75034
83053,10.60256
83074,10.497
83095,10.4712
83116,10.44774
83137,10.42429
83158,10.43367
83179,10.37268
83200,10.47589
83221,10.46651
83242,10.37737
83263,10.40787
83284,10.46416
83305,10.3328
83326,10.37972
83347,10.43132
83368,10.41959
83389,10.40083
83410,10.42194
83431,10.48997
83452,10.42429
83473,10.49466
83494,10.48058
83515,10.23428
83536,10.37268
83557,10.50169
83578,10.38206
83599,10.34219
83620,10.48058
83641,10.307
83662,10.28823
83683,10.2812
83704,10.29058
83725,10.18268
83746,10.23428
83767,10.31404
83788,10.25774
83809,10.15687
83830,10.01378
83851,10.04428
83872,9.926992
83893,9.955141
83914,9.870694
83935,9.866002
83956,9.767483
83977,9.713531
83998,9.626739
84019,9.629085
84040,9.617355
84061,9.474266
84082,9.509453
84103,9.469575
84124,9.514144
84145,9.605627
84166,9.509453
84187,9.622047
84208,9.514144
84229,9.471921
84250,9.490686
84271,9.563404
84292,9.50007
84313,9.448463
84334,9.441426
84355,9.352288
84376,9.338214
84397,9.392166
84418,9.295992
84439,9.314757
84460,9.281918
84481,9.237348
84502,9.326486
84523,9.380438
84544,9.249077
84565,9.103642
84586,9.129445
84607,9.265497
84628,9.145865
84649,9.096604
84670,8.960552
84691,9.052036
84712,9.009813
84733,9.028579
84754,8.965244
84775,8.955861
84796,8.960552
84817,8.93475
84838,8.869069
84859,8.852649
84880,8.869069
84901,8.822155
84922,8.714252
84943,8.803389
84964,8.920675
84985,8.84092
85006,8.817463
85027,8.735363
85048,8.794006
85069,8.721289
85090,8.683757
85111,8.798697
85132,8.819809
85153,8.805735
85174,8.772895
85195,8.639189
85216,8.733017
85237,8.843266
85258,8.79166
85279,8.829192
85300,8.779932
85321,8.711905
85342,8.784623
85363,8.8245
85384,8.761166
85405,8.716597
85426,8.871415
85447,9.002776
85468,8.890181
85489,9.042653
85510,8.986356
85531,8.998084
85552,9.052036
85573,9.113025
85594,9.202163
85615,9.117716
85636,9.361671
85657,9.199817
85678,9.396858
85699,9.481303
85720,9.235003
85741,9.455501
85762,9.542293
85783,9.690074
85804,9.751062
85825,9.805015
85846,9.816743
85867,9.840199
85888,9.941067
85909,9.997364
85930,10.04662
85951,10.16626
85972,10.14045
85993,10.0607
86014,10.18502
86035,10.14514
86056,10.09119
86077,10.20144
86098,10.32342
86119,10.26008
86140,10.35157
86161,10.41959
86182,10.47355
86203,10.5275
86224,10.52984
86245,10.66121
86266,10.8301
86287,10.80429
86308,10.90751
86329,10.73392
86350,10.77849
86371,10.74096
86392,10.76442
86413,10.82071
86434,10.8817
86455,10.66355
86476,10.69404
86497,10.5533
86518,10.70812
86539,10.58614
86560,10.67762
86581,10.64713
86602,10.54861
86623,10.61429
86644,10.68466
86665,10.72219
86686,10.67059
86707,10.65886
86728,10.65417
86749,10.59318
86770,10.70108
86791,10.6659
86812,10.60725
86833,10.62602
86854,10.60256
86875,10.63306
86896,10.61664
86917,10.65417
86938,10.80899
86959,10.70577
86980,10.69404
87001,10.5838
87022,10.64244
87043,10.58849
87064,10.73158
87085,10.78084
87106,10.9943
87127,10.34219
87148,10.48997
87169,10.53923
87190,10.47355
87211,10.23663
87232,10.18737
87253,10.0865
87274,10.03255
87295,10.19206
87316,10.00675
87337,10.0044
87358,10.01378
87379,9.966869
87400,10.03255
87421,10.01144
87442,9.997364
87463,10.03489
87484,10.04193
87505,10.12872
87526,10.02786
87547,10.0865
87568,10.15922
87589,9.894152
87610,9.765137
87631,9.884768
87652,9.786248
87673,9.568096
87694,9.607973
87715,9.497724
87736,9.441426
87757,9.375746
87778,9.380438
87799,9.335869
87820,9.314757
87841,9.155248
87862,9.223273
87883,9.279572
87904,9.267843
87925,9.27488
87946,9.342906
87967,9.23031
87988,9.319448
88009,9.237348
88030,9.185742
88051,9.150557
88072,9.087222
88093,9.096604
88114,9.054381
88135,8.930058
88156,8.958207
88177,9.026234
88198,8.913638
88219,8.845612
88240,8.775241
88261,8.808081
88282,8.822155
88303,8.880798
88324,8.871415
88345,8.864378
88366,8.763512
88387,8.869069
88408,8.871415
88429,8.815118
88450,8.723634
88471,8.674374
88492,8.672029
88513,8.805735
88534,8.953515
88555,8.948824
88576,8.878452
88597,8.744746
88618,8.894873
88639,8.98401
88660,9.019196
88681,8.873761
88702,8.932404
88723,8.95117
88744,8.981664
88765,8.794006
88786,8.554742
88807,8.690794
88828,8.730671
88849,8.756474
88870,8.786969
88891,8.784623
88912,8.674374
88933,8.657954
88954,8.528939
88975,8.538322
88996,8.611039
89017,8.751783
89038,8.899564
89059,8.862032
89080,8.779932
89101,8.826846
89122,9.04969
89143,9.070802
89164,8.979319
89185,9.094258
89206,9.087222
89227,9.138828
89248,9.197471
89269,9.195126
89290,9.150557
89311,9.279572
89332,9.455501
89353,9.420315
89374,9.413278
89395,9.279572
89416,9.378092
89437,9.436735
89458,9.48834
89479,9.535255
89500,9.392166
89521,9.425007
89542,9.415624
89563,9.476612
89584,9.551676
89605,9.59859
89626,9.579824
89647,9.704147
89668,9.622047
89689,9.697111
89710,9.77452
89731,9.992672
89752,9.795631
89773,9.863657
89794,9.931683
89815,9.995018
89836,10.07712
89857,10.03255
89878,10.08181
89899,10.1686
89920,10.15687
89941,10.32576
89962,10.26947
89983,10.37737
90004,10.39145
90025,10.38675
90046,10.49466
90067,10.54861
90088,10.53219
90109,10.62602
90130,10.64947
90151,10.56503
90172,10.73627
90193,10.71046
90214,10.87232
90235,10.93565
90256,10.92158
90277,11.01072
90298,11.07874
90319,10.91454
90340,10.93096
90361,10.94269
90382,10.92862
90403,10.86294
90424,10.86294
90445,10.7738
90466,10.80429
90487,10.71046
90508,10.54861
90529,10.62367
90550,10.74096
90571,10.5838
90592,10.46182
90613,10.50404
90634,10.57441
90655,10.40083
90676,10.40787
90697,10.54626
90718,10.46416
90739,10.40317
90760,10.61898
90781,10.61898
90802,10.59787
90823,10.56034
90844,10.53453
90865,10.61898
90886,10.69639
90907,10.69874
90928,10.57207
90949,10.53688
90970,10.50169
90991,10.61429
91012,10.65651
91033,10.54392
91054,10.50169
91075,10.28354
91096,10.47589
91117,10.10527
91138,10.19441
91159,10.16391
91180,10.07008
91201,9.915263
91222,9.938721
91243,10.01378
91264,9.830817
91285,9.788594
91306,9.776865
91327,9.617355
91348,9.53291
91369,9.535255
91390,9.392166
91411,9.34056
91432,9.317103
91453,9.373401
91474,9.265497
91495,9.218582
91516,9.239694
91537,9.270188
91558,9.176359
91579,9.150557
91600,9.091913
91621,9.08253
91642,9.089567
91663,9.138828
91684,9.143519
91705,9.256114
91726,9.183396
91747,9.141173
91768,9.117716
91789,9.141173
91810,9.235003
91831,9.166977
91852,9.239694
91873,9.270188
91894,9.317103
91915,9.425007
91936,9.260805
91957,9.267843
91978,9.185742
91999,9.052036
92020,9.162285
92041,9.141173
92062,9.035616
92083,8.967589
92104,8.90191
92125,8.871415
92146,8.854995
92167,8.972281
92188,8.899564
92209,8.796351
92230,8.765858
92251,8.72598
92272,8.880798
92293,8.812772
92314,8.817463
92335,8.709559
92356,8.681411
92377,8.826846
92398,8.707214
92419,8.859686
92440,8.768204
92461,8.735363
92482,8.747091
92503,8.669683
92524,8.789314
92545,9.134136
92566,8.911292
92587,8.946478
92608,8.915984
92629,9.068456
92650,8.904256
92671,8.90191
92692,8.897219
92713,9.04969
92734,9.152903
92755,9.061419
92776,8.925366
92797,9.014504
92818,9.134136
