8822,9.638468
8843,9.556367
8864,9.554022
8885,9.683037
8906,9.659579
8927,9.528218
8948,9.586862
8969,9.633776
8990,9.680691
9011,9.77452
9032,9.633776
9053,9.643159
9074,9.575133
9095,9.678345
9116,9.661925
9137,9.654888
9158,9.706493
9179,9.490686
9200,9.600936
9221,9.650196
9242,9.537601
9263,9.561059
9284,9.593899
9305,9.385129
9326,9.422661
9347,9.41797
9368,9.413278
9389,9.460192
9410,9.338214
9431,9.312411
9452,9.387475
9473,9.324141
9494,9.408587
9515,9.331178
9536,9.232656
9557,9.303029
9578,9.324141
9599,9.30772
9620,9.385129
9641,9.263151
9662,9.267843
9683,9.364017
9704,9.335869
9725,9.2913
9746,9.25846
9767,9.263151
9788,9.333523
9809,9.288955
9830,9.27488
9851,9.328832
9872,9.342906
9893,9.335869
9914,9.385129
9935,9.277225
9956,9.314757
9977,9.303029
9998,9.352288
10019,9.38982
10040,9.267843
10061,9.295992
10082,9.237348
10103,9.24204
10124,9.303029
10145,9.331178
10166,9.326486
10187,9.206854
10208,9.265497
10229,9.2913
10250,9.338214
10271,9.319448
10292,9.317103
10313,9.2913
10334,9.300683
10355,9.375746
10376,9.429698
10397,9.429698
10418,9.401549
10439,9.507107
10460,9.396858
10481,9.413278
10502,9.589207
10523,9.514144
10544,9.507107
10565,9.523527
10586,9.607973
10607,9.671308
10628,9.572787
10649,9.579824
10670,9.593899
10691,9.643159
10712,9.605627
10733,9.633776
10754,9.626739
10775,9.61501
10796,9.61501
10817,9.607973
10838,9.744025
10859,9.718222
10880,9.652542
10901,9.58217
10922,9.525873
10943,9.626739
10964,9.654888
10985,9.636122
11006,9.741679
11027,9.668962
11048,9.725259
11069,9.779211
11090,9.783903
11111,9.800323
11132,9.715877
11153,9.734642
11174,9.680691
11195,9.851928
11216,9.898843
11237,9.849584
11258,9.786248
11279,9.795631
11300,9.786248
11321,9.823779
11342,9.823779
11363,9.833163
11384,9.884768
11405,9.929338
11426,9.847238
11447,9.85662
11468,9.769828
11489,10.03255
11510,9.955141
11532,9.945757
11553,9.992672
11574,9.90588
11595,10.00206
11616,9.976252
11637,10.01378
11658,10.03959
11679,10.11934
11700,10.00675
11721,10.08885
11742,10.00206
11763,10.07712
11784,9.995018
11805,9.950449
11826,9.950449
11847,9.980944
11868,10.01613
11889,10.14514
11910,10.11934
11931,10.16626
11952,10.13342
11973,10.117
11994,10.12872
12015,10.16156
12036,10.17329
12057,10.24836
12078,10.16391
12099,10.07946
12120,10.18971
12141,10.10761
12162,10.15218
12183,10.18033
12204,10.24836
12225,10.24836
12246,10.24132
12267,10.24366
12288,10.30465
12309,10.30935
12330,10.3328
12351,10.31404
12372,10.22255
12393,10.26947
12414,10.20144
12435,10.27416
12456,10.17095
12477,10.12169
12498,10.09119
12519,10.15922
12540,10.06773
12561,10.01378
12582,10.07712
12603,10.04193
12624,9.950449
12645,9.990326
12666,10.02786
12687,9.985635
12708,9.962177
12729,10.10058
12750,10.18971
12771,10.18971
12792,10.17329
12813,10.26947
12834,10.31873
12855,10.24366
12876,10.22021
12897,10.2812
12918,10.24836
12939,10.26243
12960,10.20848
12981,10.15687
13002,10.12872
13023,10.21317
13044,10.24601
13065,10.28823
13086,10.1686
13107,10.0865
13128,10.1123
13149,10.14749
13170,10.03489
13191,9.973906
13212,10.04193
13233,10.05132
13254,9.985635
13275,9.9223
13296,9.919954
13317,9.884768
13338,9.887115
13359,9.898843
13380,10.00909
13401,9.875386
13422,9.880077
13443,9.868348
13464,9.908226
13485,9.941067
13506,9.898843
13527,9.950449
13548,10.00909
13569,9.957487
13590,9.976252
13611,10.05366
13632,9.90588
13653,9.966869
13674,9.903535
13695,9.847238
13716,9.884768
13737,9.842546
13758,9.844892
13779,9.748716
13800,9.734642
13821,9.802669
13842,9.638468
13863,9.544639
13884,9.654888
13905,9.589207
13926,9.626739
13947,9.546985
13968,9.568096
13989,9.382783
14010,9.469575
14031,9.408587
14052,9.474266
14073,9.495378
14094,9.436735
14115,9.436735
14136,9.471921
14157,9.399203
14178,9.413278
14199,9.427352
14221,9.354634
14242,9.324141
14263,9.403895
14284,9.378092
14305,9.403895
14326,9.34056
14347,9.197471
14368,9.178705
14389,9.34056
14410,9.347597
14431,9.270188
14452,9.23031
14473,9.333523
14494,9.281918
14515,9.319448
14536,9.2913
14557,9.279572
14578,9.352288
14599,9.277225
14620,9.314757
14641,9.335869
14662,9.300683
14683,9.312411
14704,9.380438
14725,9.359325
14746,9.471921
14767,9.368709
14788,9.387475
14809,9.481303
14830,9.396858
14851,9.342906
14872,9.218582
14893,9.375746
14914,9.387475
14935,9.378092
14956,9.422661
14977,9.335869
14998,9.227965
15019,9.251423
15040,9.265497
15061,9.202163
15082,9.204508
15103,9.155248
15124,9.176359
15145,9.338214
15166,9.260805
15187,9.190434
15208,9.206854
15229,9.246731
15250,9.443772
15271,9.504761
15292,9.392166
15313,9.422661
15334,9.375746
15355,9.378092
15376,9.345251
15397,9.528218
15418,9.542293
15439,9.521181
15460,9.525873
15481,9.483649
15502,9.490686
15523,9.544639
15544,9.394512
15565,9.403895
15586,9.495378
15607,9.556367
15628,9.577478
15649,9.415624
15670,9.507107
15691,9.410933
15712,9.441426
15733,9.504761
15754,9.455501
15775,9.392166
15796,9.467229
15817,9.385129
15838,9.284263
15859,9.455501
15880,9.493032
15901,9.446118
15922,9.490686
15943,9.471921
15964,9.457847
15985,9.558713
16006,9.525873
16027,9.577478
16048,9.556367
16069,9.59859
16090,9.741679
16111,9.685382
16132,9.812052
16153,9.577478
16174,9.324141
16195,9.851928
16216,9.636122
16237,9.690074
16258,9.652542
16279,9.727605
16300,9.736988
16321,9.840199
16342,9.739333
16363,9.685382
16384,9.631431
16405,9.636122
16426,9.64785
16447,9.744025
16468,9.633776
16489,9.661925
16510,9.575133
16531,9.554022
16552,9.593899
16573,9.554022
16594,9.59859
16615,9.561059
16636,9.607973
16657,9.683037
16678,9.736988
16699,9.58217
16720,9.692419
16741,9.753407
16762,9.727605
16783,9.783903
16804,9.80736
16825,9.821435
16846,9.819089
16867,9.877731
16888,9.934029
16909,9.934029
16930,9.936375
16951,9.971561
16972,10.08181
16993,10.01378
17014,10.07008
17035,10.07712
17056,10.10292
17077,10.12872
17098,10.09354
17119,10.13811
17140,10.20144
17161,10.25305
17182,10.12638
17203,10.21317
17224,10.22959
17245,10.29058
17266,10.27416
17287,10.29762
17308,10.36095
17329,10.30231
17350,10.30231
17371,10.34219
17392,10.33749
17413,10.29996
17434,10.32576
17455,10.24132
17476,10.25305
17497,10.25774
17518,10.34922
17539,10.41725
17560,10.35391
17581,10.34688
17602,10.19206
17623,10.16391
17644,10.29527
17665,10.33046
17686,10.32576
17707,10.39379
17728,10.34219
17749,10.32576
17770,10.37972
17791,10.37503
17812,10.40787
17833,10.41725
17854,10.40787
17875,10.38206
17896,10.4454
17917,10.46885
17938,10.41256
17959,10.46885
17980,10.47355
18001,10.52515
18022,10.37737
18043,10.46885
18064,10.34922
18085,10.37737
18106,10.46182
18127,10.34688
18148,10.26947
18169,10.21552
18190,10.22959
18211,10.14045
18232,10.16626
18253,10.14984
18274,10.18502
18295,10.16156
18316,10.36564
18337,10.19206
18358,10.07477
18379,10.19675
18400,10.19206
18421,10.21552
18442,10.18737
18463,10.17329
18484,10.24132
18505,10.30231
18526,10.25305
18547,10.26478
18568,10.27416
18589,10.25305
18610,10.26478
18631,10.3633
18652,10.34453
18673,10.33749
18694,10.28589
18715,10.29996
18736,10.29292
18757,10.34219
18778,10.20144
18799,10.19675
18820,10.03489
18841,10.07712
18862,10.07008
18883,9.887115
18904,9.931683
18925,9.722914
18946,9.645505
18967,9.589207
18988,9.539948
19009,9.511798
19030,9.53291
19051,9.415624
19072,9.382783
19093,9.422661
19114,9.446118
19135,9.34056
19156,9.195126
19177,9.371055
19198,9.40624
19219,9.364017
19240,9.279572
19261,9.352288
19282,9.333523
19303,9.347597
19324,9.281918
19345,9.502416
19366,9.392166
19387,9.326486
19408,9.260805
19429,9.443772
19450,9.354634
19471,9.331178
19492,9.227965
19513,9.364017
19534,9.478958
19555,9.298337
19577,9.331178
19599,9.284263
19620,9.24204
19641,9.202163
19662,9.354634
19683,9.246731
19704,9.253768
19725,9.277225
19746,9.244386
19767,9.206854
19788,9.293646
19809,9.314757
19830,9.40624
19851,9.382783
19872,9.288955
19893,9.331178
19914,9.286609
19935,9.293646
19956,9.30772
19977,9.216236
19998,9.34056
20019,9.410933
20040,9.396858
20061,9.253768
20082,9.220928
20103,9.319448
20124,9.342906
20145,9.347597
20166,9.310066
20187,9.244386
20208,9.342906
20229,9.335869
20250,9.333523
20271,9.218582
20292,9.216236
20313,9.249077
20334,9.213891
20355,9.321795
20376,9.265497
20397,9.227965
20418,9.190434
20439,9.197471
20460,9.225619
20481,9.298337
20502,9.197471
20523,9.25846
20544,9.232656
20565,9.281918
20586,9.260805
20607,9.148211
20628,9.19278
20649,9.155248
20670,9.246731
20691,9.293646
20712,9.321795
20733,9.256114
20754,9.134136
20775,9.171668
20796,9.35698
20817,9.474266
20838,9.408587
20859,9.314757
20880,9.333523
20901,9.523527
20922,9.521181
20943,9.361671
20964,9.523527
20985,9.676
21006,9.622047
21027,9.666616
21048,9.645505
21069,9.715877
21090,9.671308
21111,9.741679
21132,9.739333
21153,9.833163
21174,9.835509
21195,9.74637
21216,9.605627
21237,9.56575
21258,9.511798
21279,9.711185
21300,9.706493
21321,9.668962
21342,9.671308
21363,9.544639
21384,9.561059
21405,9.626739
21426,9.61501
21447,9.535255
21468,9.596244
21489,9.544639
21510,9.673654
21531,9.74637
21552,9.760445
21573,9.706493
21594,9.837853
21615,9.866002
21636,10.0302
21657,10.03489
21678,10.06305
21699,10.02551
21720,10.12403
21741,10.18268
21762,10.26947
21783,10.32107
21804,10.3328
21825,10.4149
21846,10.41725
21867,10.44774
21888,10.49935
21909,10.6096
21930,10.64009
21951,10.70577
21972,10.72454
21993,10.748
22014,10.71985
22035,10.62602
22056,10.71985
22077,10.84417
22098,10.7738
22119,10.84652
22140,10.84886
22161,10.81368
22182,10.90281
22203,10.96146
22224,10.91454
22245,10.83244
22266,10.75034
22287,10.77614
22308,10.80195
22329,10.63775
22350,10.71985
22371,10.56268
22392,10.71516
22413,10.57207
22434,10.47824
22455,10.42898
22476,10.36564
22497,10.39614
22518,10.34453
22539,10.36799
22560,10.21083
22581,10.25305
22602,10.13107
22623,10.13576
22644,10.1428
22665,10.14045
22686,10.24601
22707,10.24132
22728,10.1686
22749,10.09119
22770,10.13576
22791,10.12638
22812,10.21786
22833,10.20848
22854,10.21552
22875,10.18737
22896,10.12638
22917,10.17329
22938,10.14749
22959,10.21786
22980,10.04428
23001,10.09354
23022,10.07712
23043,10.10761
23064,10.10761
23085,10.0044
23106,10.05132
23127,10.06305
23148,10.00675
23169,9.849584
23190,9.938721
23211,9.90588
23232,9.800323
23253,9.901189
23274,9.849584
23295,9.760445
23316,9.833163
23337,9.858966
23358,9.715877
23379,9.795631
23400,9.690074
23421,9.626739
23442,9.61501
23463,9.720568
23484,9.640813
23505,9.490686
23526,9.514144
23547,9.50007
23568,9.507107
23589,9.485995
23610,9.453156
23631,9.478958
23652,9.603281
23673,9.493032
23694,9.441426
23715,9.455501
23736,9.523527
23757,9.481303
23778,9.40624
23799,9.591553
23820,9.626739
23841,9.58217
23862,9.589207
23883,9.685382
23904,9.54933
23925,9.535255
23946,9.657233
23967,9.589207
23988,9.619701
24009,9.671308
24030,9.744025
24051,9.645505
24072,9.687728
24093,9.722914
24114,9.706493
24135,9.680691
24156,9.66427
24177,9.797977
24198,9.755754
24219,9.741679
24240,9.617355
24261,9.692419
24282,9.734642
24303,9.800323
24324,9.697111
24345,9.683037
24366,9.539948
24387,9.558713
24408,9.579824
24429,9.586862
24450,9.537601
24471,9.521181
24492,9.507107
24513,9.394512
24534,9.385129
24555,9.443772
24576,9.429698
24597,9.415624
24618,9.394512
24639,9.373401
24660,9.399203
24681,9.349943
24702,9.312411
24723,9.34056
24744,9.25846
24765,9.267843
24786,9.2913
24807,9.335869
24828,9.284263
24849,9.27488
24870,9.2913
24891,9.246731
24912,9.150557
24933,9.063765
24954,9.237348
24975,9.178705
24996,9.108333
25017,9.059073
25038,9.094258
25059,9.044999
25080,9.183396
25101,9.164631
25122,9.239694
25143,9.115371
25164,9.15994
25185,9.127099
25206,9.206854
25227,9.199817
25248,9.270188
25269,9.347597
25290,9.314757
25311,9.35698
25332,9.392166
25353,9.303029
25374,9.326486
25395,9.342906
25416,9.368709
25437,9.345251
25458,9.317103
25479,9.40624
25500,9.410933
25521,9.408587
25542,9.30772
25563,9.303029
25584,9.35698
25605,9.450809
25626,9.41797
25647,9.317103
25668,9.218582
25689,9.349943
25710,9.295992
25731,9.361671
25752,9.317103
25773,9.385129
25794,9.272534
25815,9.441426
25836,9.439081
25857,9.420315
25878,9.535255
25899,9.497724
25920,9.607973
25941,9.671308
25962,9.788594
25983,9.66427
26004,9.727605
26025,9.769828
26046,9.765137
26067,9.875386
26088,9.9223
26109,9.767483
26130,9.760445
26151,9.875386
26172,9.844892
26193,9.938721
26214,10.01613
26235,9.80736
26256,9.943413
26277,9.969215
26298,9.9223
26319,9.919954
26340,10.0044
26361,9.959831
26382,10.05132
26403,9.985635
26424,9.957487
26445,9.945757
26466,10.07712
26487,9.969215
26508,9.985635
26529,9.964523
26550,9.990326
26571,9.966869
26592,10.16391
26613,10.05366
26634,10.05601
26655,9.938721
26676,9.973906
26697,9.966869
26718,9.980944
26739,10.06773
26760,10.04662
26781,10.06539
26802,10.13576
26823,10.15453
26844,10.18268
26865,10.12169
26886,10.17095
26907,10.117
26928,10.11934
26949,10.18502
26970,10.23194
26991,10.24132
27012,10.2249
27033,10.23663
27054,10.24132
27075,10.2507
27096,10.27416
27117,10.23428
27138,10.25305
27159,10.19441
27180,10.23194
27201,10.24132
27222,10.3633
27243,10.29762
27264,10.29762
27285,10.17798
27306,10.17329
27327,10.12872
27348,10.17564
27369,10.26947
27390,10.2507
27411,10.12638
27432,10.20144
27453,10.16626
27474,10.29527
27495,10.1428
27516,10.11465
27537,10.13576
27558,10.15453
27579,10.1991
27600,10.22255
27621,10.22021
27642,10.1686
27663,10.16391
27684,10.14514
27705,10.17798
27726,10.21552
27747,10.19675
27768,10.23897
27789,10.17329
27810,10.19441
27831,10.27181
27852,10.20379
27873,10.18268
27894,10.12638
27915,10.17095
27936,10.16391
27957,10.23194
27978,10.14749
27999,10.10761
28020,10.15218
28041,10.09823
28062,10.14045
28083,10.07477
28104,10.0607
28125,9.997364
28146,9.955141
28167,9.997364
28188,10.00675
28209,9.934029
28230,10.00675
28251,9.941067
28272,9.924646
28293,9.976252
28314,9.990326
28335,9.915263
28356,9.995018
28377,10.00206
28398,9.98798
28419,9.934029
28440,10.09823
28461,9.971561
28482,9.997364
28503,10.0302
28524,10.02786
28545,10.01144
28566,10.04428
28587,10.0044
28608,10.02082
28629,10.09823
28650,9.997364
28671,10.06305
28692,10.0865
28713,9.945757
28734,9.943413
28755,9.992672
28776,10.00909
28797,9.980944
28818,9.884768
28839,9.969215
28860,10.01144
28881,9.976252
28902,9.800323
28923,9.924646
28944,9.87304
28965,9.870694
28986,9.736988
29007,9.814397
29028,9.718222
29049,9.711185
29070,9.725259
29091,9.718222
29112,9.673654
29133,9.671308
29154,9.668962
29175,9.638468
29196,9.563404
29217,9.711185
29238,9.715877
29259,9.612664
29280,9.66427
29301,9.666616
29322,9.720568
29343,9.779211
29364,9.687728
29385,9.699456
29406,9.643159
29427,9.692419
29448,9.708839
29469,9.699456
29490,9.61501
29511,9.760445
29532,9.59859
29553,9.629085
29574,9.661925
29595,9.624393
29616,9.633776
29637,9.605627
29658,9.521181
29679,9.668962
29700,9.678345
29721,9.61501
29742,9.617355
29763,9.544639
29784,9.568096
29805,9.514144
29826,9.528218
29847,9.58217
29868,9.572787
29889,9.495378
29910,9.476612
29931,9.434389
29952,9.542293
29973,9.631431
29994,9.558713
30015,9.471921
30036,9.544639
30057,9.502416
30078,9.464884
30099,9.537601
30120,9.443772
30141,9.483649
30162,9.568096
30183,9.460192
30204,9.413278
30225,9.51649
30246,9.572787
30267,9.525873
30288,9.474266
30309,9.51649
30331,9.434389
30355,9.544639
30376,9.525873
30397,9.610318
30418,9.514144
30439,9.572787
30460,9.490686
30481,9.471921
30502,9.481303
30523,9.523527
30544,9.436735
30565,9.40624
30586,9.382783
30607,9.551676
30628,9.509453
30649,9.380438
30670,9.364017
30691,9.364017
30712,9.380438
30733,9.483649
30754,9.490686
30775,9.436735
30796,9.453156
30817,9.525873
30838,9.427352
30859,9.408587
30880,9.544639
30901,9.462538
30922,9.570441
30943,9.481303
30964,9.422661
30985,9.53291
31006,9.607973
31027,9.56575
31048,9.518835
31069,9.624393
31090,9.591553
31111,9.619701
31132,9.694765
31153,9.685382
31175,9.586862
31196,9.511798
31217,9.502416
31238,9.504761
31259,9.600936
31280,9.495378
31301,9.335869
31322,9.295992
31343,9.382783
31364,9.396858
31385,9.317103
31406,9.324141
31427,9.303029
31448,9.185742
31469,9.305374
31490,9.328832
31511,9.281918
31532,9.2913
31553,9.328832
31574,9.326486
31595,9.284263
31616,9.331178
31637,9.303029
31658,9.324141
31679,9.244386
31700,9.490686
31721,9.324141
31742,9.368709
31763,9.352288
31784,9.338214
31805,9.378092
31826,9.30772
31847,9.190434
31868,9.401549
31889,9.134136
31910,9.422661
31931,9.462538
31952,9.511798
31973,9.38982
31994,9.570441
32015,9.584516
32036,9.58217
32057,9.577478
32078,9.638468
32099,9.760445
32120,9.739333
32141,9.729951
32162,9.835509
32183,9.887115
32204,10.00675
32225,9.98329
32246,9.919954
32267,9.985635
32288,10.05601
32309,10.0865
32330,10.21083
32351,10.15687
32372,10.36564
32393,10.27416
32414,10.2507
32435,10.18268
32456,10.2812
32477,10.26243
32498,10.27885
32519,10.32811
32540,10.33984
32561,10.33515
32582,10.34922
32603,10.3633
32624,10.37268
32645,10.40787
32666,10.3891
32687,10.38206
32708,10.40552
32729,10.39379
32750,10.50169
32771,10.4149
32792,10.43132
32813,10.39848
32834,10.48762
32855,10.41256
32876,10.48762
32897,10.60725
32918,10.45009
32939,10.43132
32960,10.34219
32981,10.45947
33002,10.45009
33023,10.3633
33044,10.42898
33065,10.44305
33086,10.42429
33107,10.41959
33128,10.42429
33149,10.54861
33170,10.48762
33191,10.46416
33212,10.47355
33233,10.46885
33254,10.51577
33275,10.46651
33296,10.60256
33317,10.62602
33338,10.52046
33359,10.54392
33380,10.50169
33401,10.53688
33422,10.51577
33443,10.5275
33464,10.60725
33485,10.61664
33506,10.60725
33527,10.5838
33548,10.52281
33569,10.51342
33590,10.65417
33611,10.57441
33632,10.51811
33653,10.50873
33674,10.49231
33695,10.45478
33716,10.43836
33737,10.25774
33758,10.48762
33779,10.44774
33800,10.33749
33821,10.24836
33842,10.14749
33863,10.40552
33884,10.2765
33905,10.1991
33926,10.1123
33947,10.03724
33968,9.934029
33989,10.06539
34010,9.952795
34031,9.948103
34052,9.926992
34073,9.884768
34094,9.868348
34115,9.833163
34136,9.793285
34157,9.720568
34178,9.725259
34199,9.732296
34220,9.673654
34241,9.718222
34262,9.589207
34283,9.535255
34304,9.612664
34325,9.556367
34346,9.570441
34367,9.537601
34388,9.53291
34409,9.54933
34430,9.568096
34451,9.570441
34472,9.537601
34493,9.493032
34514,9.54933
34535,9.41797
34556,9.495378
34577,9.525873
34598,9.502416
34619,9.502416
34640,9.467229
34661,9.504761
34682,9.521181
34703,9.521181
34724,9.464884
34745,9.490686
34766,9.441426
34787,9.436735
34808,9.507107
34829,9.455501
34850,9.518835
34871,9.53291
34892,9.476612
34913,9.511798
34934,9.441426
34955,9.485995
34976,9.448463
34997,9.493032
35018,9.434389
35039,9.422661
35060,9.495378
35081,9.434389
35102,9.415624
35123,9.40624
35144,9.403895
35165,9.481303
35186,9.448463
35207,9.467229
35228,9.41797
35249,9.429698
35270,9.474266
35291,9.331178
35312,9.368709
35333,9.335869
35354,9.373401
35375,9.319448
35396,9.368709
35417,9.335869
35438,9.328832
35459,9.303029
35480,9.244386
35501,9.265497
35522,9.270188
35543,9.286609
35564,9.267843
35585,9.218582
35606,9.195126
35627,9.183396
35648,9.117716
35669,9.181051
35690,9.303029
35711,9.148211
35732,9.096604
35753,9.138828
35774,9.157594
35795,9.249077
35816,9.220928
35837,9.169322
35858,9.220928
35879,9.190434
35900,9.25846
35921,9.157594
35942,9.223273
35963,9.244386
35984,9.185742
36005,9.239694
36026,9.256114
36047,9.298337
36068,9.244386
36089,9.094258
36110,9.113025
36131,9.319448
36152,9.312411
36173,9.249077
36194,9.23031
36215,9.138828
36236,9.223273
36257,9.223273
36278,9.354634
36299,9.256114
36320,9.176359
36341,9.120062
36362,9.246731
36383,9.354634
36404,9.324141
36425,9.30772
36446,9.288955
36467,9.328832
36488,9.455501
36509,9.561059
36530,9.420315
36551,9.483649
36572,9.610318
36593,9.622047
36614,9.767483
36635,9.783903
36656,9.701802
36677,9.866002
36698,9.814397
36719,9.98329
36740,9.929338
36761,9.934029
36782,10.03255
36803,10.02082
36824,10.21083
36845,10.19675
36866,10.2507
36887,10.18268
36908,10.28589
36929,10.39848
36950,10.42898
36971,10.36799
36992,10.42429
37013,10.56268
37034,10.67293
37055,10.59318
37076,10.58145
37097,10.58849
37118,10.58849
37139,10.62367
37160,10.68935
37181,10.55799
37202,10.54392
37223,10.49231
37244,10.63071
37265,10.56503
37286,10.67293
37307,10.4712
37328,10.62602
37349,10.52046
37370,10.4712
37391,10.54392
37412,10.53219
37433,10.5838
37454,10.58145
37475,10.6917
37496,10.64947
37517,10.64478
37538,10.52281
37559,10.52515
37580,10.67762
37601,10.62836
37622,10.59787
37643,10.59552
37664,10.58849
37685,10.62836
37706,10.56268
37727,10.62367
37748,10.62367
37769,10.56034
37790,10.56738
37811,10.55799
37832,10.51811
37853,10.44071
37874,10.51577
37895,10.4712
37916,10.48762
37937,10.45713
37958,10.41725
37979,10.41959
38000,10.51577
38021,10.48293
38042,10.33984
38063,10.33515
38084,10.46416
38105,10.497
38126,10.45244
38147,10.45478
38168,10.43836
38189,10.32342
38210,10.28823
38231,10.3633
38252,10.30465
38273,10.31638
38294,10.34219
38315,10.42663
38336,10.43836
38357,10.29762
38378,10.33749
38399,10.33984
38420,10.40317
38441,10.24836
38462,10.25539
38483,10.17095
38504,10.12403
38525,10.14514
38546,10.07712
38567,9.957487
38588,9.990326
38609,9.734642
38630,9.826125
38651,9.779211
38672,9.708839
38693,9.683037
38714,9.514144
38735,9.481303
38756,9.455501
38777,9.457847
38798,9.455501
38819,9.490686
38840,9.321795
38861,9.474266
38882,9.246731
38903,9.448463
38924,9.361671
38945,9.232656
38966,9.34056
38987,9.352288
39008,9.328832
39029,9.338214
39050,9.298337
39071,9.281918
39092,9.30772
39113,9.279572
39134,9.345251
39155,9.403895
39176,9.446118
39197,9.319448
39218,9.375746
39239,9.399203
39260,9.436735
39281,9.366363
39302,9.366363
39323,9.345251
39344,9.368709
39365,9.373401
39386,9.331178
39407,9.295992
39428,9.225619
39449,9.195126
39470,9.235003
39491,9.326486
39512,9.148211
39533,9.195126
39554,9.162285
39575,9.15994
39596,9.127099
39617,9.204508
39638,9.124753
39659,9.195126
39680,9.150557
39701,9.096604
39722,9.096604
39743,9.080185
39764,9.087222
39785,9.019196
39806,9.166977
39827,9.220928
39848,9.152903
39869,9.117716
39890,9.174014
39911,9.174014
39932,9.199817
39953,9.246731
39974,9.108333
39995,9.223273
40016,9.298337
40037,9.295992
40058,9.345251
40079,9.295992
40100,9.335869
40121,9.319448
40142,9.2913
40163,9.392166
40184,9.300683
40205,9.260805
40226,9.300683
40247,9.453156
40268,9.493032
40289,9.427352
40310,9.347597
40331,9.368709
40352,9.58217
40373,9.636122
40394,9.617355
40415,9.593899
40436,9.66427
40457,9.619701
40478,9.617355
40499,9.673654
40520,9.666616
40541,9.727605
40562,9.633776
40583,9.645505
40604,9.66427
40625,9.584516
40646,9.629085
40667,9.668962
40688,9.694765
40709,9.66427
40730,9.572787
40751,9.629085
40772,9.612664
40793,9.671308
40814,9.676
40835,9.683037
40856,9.683037
40877,9.523527
40898,9.629085
40919,9.570441
40940,9.694765
40961,9.58217
40982,9.58217
41003,9.619701
41024,9.556367
41045,9.661925
41066,9.593899
41087,9.643159
41108,9.612664
41129,9.650196
41150,9.678345
41171,9.692419
41192,9.797977
41213,9.631431
41234,9.575133
41255,9.79094
41276,9.736988
41297,9.683037
41318,9.830817
41339,9.776865
41360,9.725259
41381,9.720568
41402,9.788594
41423,9.762791
41444,9.877731
41465,9.903535
41486,9.938721
41507,9.978598
41528,9.941067
41549,10.03489
41570,10.09354
41591,10.13107
41612,10.2249
41633,10.23194
41654,10.23663
41675,10.26008
41696,10.35157
41717,10.39848
41738,10.40317
41759,10.49935
41780,10.42663
41801,10.4454
41822,10.54861
41843,10.53688
41864,10.53219
41885,10.60256
41906,10.51342
41927,10.6096
41948,10.62602
41969,10.63071
41990,10.62133
42011,10.70343
42032,10.76442
42053,10.66355
42074,10.73861
42095,10.70343
42116,10.71985
42137,10.69639
42158,10.82775
42179,10.74565
42200,10.84417
42221,10.84886
42242,10.84417
42263,10.75269
42284,10.72454
42305,10.76442
42326,10.75269
42347,10.70343
42368,10.75503
42389,10.76442
42410,10.64947
42431,10.5791
42452,10.47824
42473,10.48528
42494,10.53688
42515,10.41256
42536,10.4454
42557,10.38441
42578,10.40317
42599,10.31169
42620,10.20144
42641,10.24132
42662,10.10996
42683,10.16626
42704,10.09354
42725,10.02317
42746,9.959831
42767,9.973906
42788,10.04428
42809,9.948103
42830,10.02551
42851,9.964523
42872,9.934029
42893,9.896498
42914,10.03255
42935,9.952795
42956,9.863657
42977,9.917608
42998,9.938721
43019,9.948103
43040,9.875386
43061,9.884768
43082,9.926992
43103,9.795631
43124,9.772174
43145,9.847238
43166,9.793285
43187,9.596244
43208,9.835509
43229,9.699456
43250,9.596244
43271,9.680691
43292,9.570441
43313,9.654888
43334,9.654888
43355,9.659579
43376,9.668962
43397,9.666616
43418,9.563404
43439,9.631431
43460,9.706493
43481,9.704147
43502,9.626739
43523,9.636122
43544,9.610318
43565,9.589207
43586,9.539948
43607,9.570441
43628,9.554022
43649,9.607973
43670,9.544639
43691,9.403895
43712,9.535255
43733,9.441426
43754,9.408587
43775,9.518835
43796,9.471921
43817,9.469575
43838,9.392166
43859,9.394512
43880,9.413278
43901,9.371055
43922,9.345251
43943,9.359325
43964,9.375746
43985,9.333523
44006,9.338214
44027,9.281918
44048,9.300683
44069,9.267843
44090,9.333523
44111,9.25846
44132,9.199817
44153,9.237348
44174,9.251423
44195,9.225619
44216,9.227965
44237,9.155248
44258,9.164631
44279,9.08253
44300,9.127099
44321,9.110679
44342,9.080185
44363,9.073148
44384,9.073148
44405,9.117716
44426,9.089567
44447,8.974627
44468,9.080185
44489,9.113025
44510,9.150557
44531,9.056727
44552,9.157594
44573,9.195126
44594,9.174014
44615,9.174014
44636,9.202163
44657,9.270188
44678,9.312411
44699,9.253768
44720,9.312411
44741,9.455501
44762,9.396858
44783,9.354634
44804,9.427352
44825,9.474266
44846,9.408587
44867,9.399203
44888,9.453156
44909,9.568096
44930,9.523527
44951,9.436735
44972,9.471921
44993,9.403895
45014,9.518835
45035,9.38982
45056,9.427352
45077,9.53291
45098,9.61501
45119,9.622047
45140,9.478958
45161,9.40624
45182,9.413278
45203,9.483649
45224,9.56575
45245,9.530564
45266,9.605627
45287,9.528218
45308,9.596244
45329,9.523527
45350,9.568096
45371,9.652542
45392,9.626739
45413,9.626739
45434,9.776865
45455,9.676
45476,9.673654
45497,9.718222
45518,9.584516
45539,9.753407
45560,9.762791
45581,9.734642
45602,9.690074
45623,9.708839
45644,9.657233
45665,9.739333
45686,9.718222
45707,9.744025
45728,9.671308
45749,9.732296
45770,9.868348
45791,9.776865
45812,9.819089
45833,9.800323
45854,9.858966
45875,9.9223
45896,9.842546
45917,9.903535
45938,9.863657
45959,10.03959
45980,10.03255
46001,9.98329
46022,9.980944
46043,10.04193
46064,10.10292
46085,10.07477
46106,10.17798
46127,10.18737
46148,10.18033
46169,10.17564
46190,10.21083
46211,10.27181
46232,10.30465
46253,10.3328
46274,10.30231
46295,10.26008
46316,10.30935
46337,10.30465
46358,10.2507
46379,10.34453
46400,10.37972
46421,10.29996
46442,10.29996
46463,10.36564
46484,10.39379
46505,10.28354
46526,10.26008
46547,10.12638
46568,10.10058
46589,10.21317
46610,10.23663
46631,10.23663
46652,10.20613
46673,10.15218
46694,10.21786
46715,10.14514
46736,10.08885
46757,10.12872
46778,10.24132
46799,10.13342
46820,10.12638
46841,10.11465
46862,10.06305
46883,10.12872
46904,10.07477
46925,10.08181
46946,10.15687
46967,10.10292
46988,10.08885
47009,10.2765
47030,10.117
47051,10.15687
47072,10.17798
47093,10.12403
47114,10.117
47135,10.32811
47156,10.28354
47177,10.27885
47198,10.29527
47219,10.29996
47240,10.26712
47261,10.37737
47282,10.25539
47303,10.32342
47324,10.31404
47345,10.25539
47366,10.34453
47387,10.33984
47408,10.32342
47429,10.33984
47450,10.29527
47471,10.31873
47492,10.29996
47513,10.24601
47534,10.29527
47555,10.19206
47576,10.24366
47597,10.26243
47618,10.307
47639,10.2812
47660,10.24366
47681,10.18268
47702,10.21083
47723,10.20144
47744,10.17564
47765,10.14045
47786,10.18502
47807,10.26008
47828,10.25305
47849,10.2249
47870,10.31638
47891,10.29292
47912,10.14984
47933,10.14514
47954,10.17798
47975,10.13342
47996,10.19206
48017,10.1991
48038,10.04428
48059,10.1991
48080,10.08181
48101,10.1123
48122,10.07008
48143,10.06773
48164,10.06539
48185,9.931683
48206,9.952795
48227,9.854274
48248,9.753407
48269,9.673654
48290,9.657233
48311,9.744025
48332,9.699456
48353,9.736988
48374,9.697111
48395,9.676
48416,9.638468
48437,9.638468
48458,9.638468
48479,9.523527
48500,9.539948
48521,9.697111
48542,9.612664
48563,9.556367
48584,9.399203
48605,9.495378
48626,9.530564
48647,9.41797
48668,9.349943
48689,9.385129
48710,9.410933
48731,9.326486
48752,9.380438
48773,9.342906
48794,9.338214
48815,9.403895
48836,9.364017
48857,9.227965
48878,9.235003
48899,9.267843
48920,9.235003
48941,9.312411
48962,9.30772
48983,9.277225
49004,9.317103
49025,9.277225
49046,9.256114
49067,9.197471
49088,9.178705
49109,9.298337
49130,9.13179
49151,9.24204
49172,9.2092
49193,9.190434
49214,9.272534
49235,9.152903
49256,9.164631
49277,9.061419
49298,9.150557
49319,9.188088
49340,9.204508
49361,9.277225
49382,9.094258
49403,9.068456
49424,9.115371
49445,9.249077
49466,9.124753
49487,9.115371
49508,9.218582
49529,9.24204
49550,9.272534
49571,9.295992
49592,9.246731
49613,9.162285
49634,9.232656
49655,9.364017
49676,9.347597
49697,9.469575
49718,9.342906
49739,9.312411
49760,9.312411
49781,9.41797
49802,9.436735
49823,9.481303
49844,9.410933
49865,9.359325
49886,9.443772
49907,9.483649
49928,9.528218
49949,9.495378
49970,9.446118
49991,9.410933
50012,9.551676
50033,9.561059
50054,9.556367
50075,9.436735
50096,9.352288
50117,9.497724
50138,9.570441
50159,9.612664
50180,9.546985
50201,9.462538
50222,9.485995
50243,9.612664
50264,9.59859
50285,9.624393
50306,9.607973
50327,9.659579
50348,9.59859
50369,9.584516
50390,9.638468
50411,9.671308
50432,9.661925
50453,9.802669
50474,9.652542
50495,9.605627
50516,9.704147
50537,9.600936
50558,9.673654
50579,9.605627
50600,9.676
50621,9.706493
50642,9.734642
50663,9.692419
50684,9.711185
50705,9.800323
50726,9.800323
50747,9.760445
50768,9.760445
50789,9.772174
50810,9.772174
50831,9.80736
50852,9.908226
50873,9.915263
50894,9.802669
50915,9.976252
50936,9.901189
50957,9.948103
50978,10.01848
50999,10.07946
51020,9.948103
51041,9.985635
51062,10.05132
51083,10.05835
51104,10.10292
51125,10.09823
51146,10.1428
51167,10.17329
51188,10.18502
51209,10.20613
51230,10.22255
51251,10.1686
51272,10.21552
51293,10.24836
51314,10.18971
51335,10.26008
51356,10.32576
51377,10.2765
51398,10.30231
51419,10.307
51440,10.30231
51461,10.42898
51482,10.35391
51503,10.41256
51524,10.27416
51545,10.27885
51566,10.38675
51587,10.44071
51608,10.34453
51629,10.39848
51650,10.35157
51671,10.29762
51692,10.34688
51713,10.35861
51734,10.34453
51755,10.25774
51776,10.29996
51797,10.34688
51818,10.32342
51842,10.30935
51867,10.25539
51888,10.29996
51909,10.27885
51930,10.23428
51951,10.22021
51972,10.29292
51993,10.26947
52014,10.26712
52035,10.32576
52056,10.2249
52077,10.29527
52098,10.32576
52119,10.30935
52140,10.34688
52161,10.27416
52182,10.28354
52203,10.39145
52224,10.43601
52245,10.3891
52266,10.23663
52287,10.29996
52308,10.21786
52329,10.30231
52350,10.35157
52371,10.26947
52392,10.307
52413,10.24601
52434,10.24836
52455,10.19206
52476,10.19675
52497,10.23428
52518,10.23663
52539,10.17798
52560,10.20848
52581,10.10761
52602,10.14749
52623,10.10996
52644,10.117
52665,10.15218
52686,10.20848
52707,10.1428
52728,10.07008
52749,10.07712
52770,10.18268
52791,10.08885
52812,10.04193
52833,10.03959
52854,10.02551
52875,10.07008
52896,10.00206
52917,10.01848
52938,9.976252
52959,9.98329
52980,9.9223
53001,9.98798
53022,9.917608
53043,9.891806
53064,9.891806
53085,9.9223
53106,9.931683
53127,9.66427
53148,9.652542
53169,9.683037
53190,9.633776
53211,9.66427
53232,9.720568
53253,9.556367
53274,9.645505
53295,9.638468
53316,9.586862
53337,9.626739
53358,9.530564
53379,9.626739
53400,9.619701
53421,9.654888
53442,9.575133
53463,9.659579
53484,9.697111
53506,9.61501
53527,9.680691
53548,9.645505
53569,9.544639
53590,9.690074
53611,9.678345
53632,9.678345
53653,9.633776
53674,9.568096
53695,9.596244
53716,9.678345
53737,9.657233
53758,9.650196
53779,9.633776
53800,9.678345
53821,9.66427
53842,9.539948
53863,9.56575
53884,9.619701
53905,9.502416
53926,9.495378
53947,9.485995
53968,9.554022
53989,9.544639
54010,9.469575
54031,9.556367
54052,9.495378
54073,9.434389
54094,9.441426
54115,9.457847
54136,9.40624
54157,9.415624
54178,9.467229
54199,9.469575
54220,9.446118
54241,9.354634
54262,9.408587
54283,9.387475
54304,9.342906
54325,9.425007
54346,9.399203
54367,9.34056
54388,9.317103
54409,9.483649
54430,9.471921
54451,9.443772
54472,9.295992
54493,9.284263
54514,9.199817
54535,9.354634
54556,9.312411
54577,9.352288
54598,9.359325
54619,9.371055
54640,9.38982
54661,9.347597
54682,9.375746
54703,9.249077
54724,9.425007
54745,9.359325
54766,9.420315
54787,9.401549
54808,9.364017
54829,9.25846
54850,9.335869
54871,9.408587
54892,9.312411
54913,9.392166
54934,9.450809
54955,9.385129
54976,9.366363
54997,9.399203
55018,9.34056
55039,9.324141
55060,9.237348
55081,9.293646
55102,9.371055
55123,9.380438
55144,9.321795
55165,9.25846
55186,9.24204
55207,9.319448
55228,9.35698
55249,9.364017
55270,9.331178
55291,9.436735
55312,9.422661
55333,9.434389
55354,9.38982
55375,9.375746
55396,9.305374
55417,9.457847
55438,9.558713
55459,9.511798
55480,9.415624
55501,9.436735
55522,9.485995
55543,9.53291
55564,9.638468
55585,9.638468
55606,9.61501
55627,9.575133
55648,9.546985
55669,9.668962
55690,9.685382
55711,9.636122
55732,9.652542
55753,9.720568
55774,9.753407
55795,9.727605
55816,9.678345
55837,9.636122
55858,9.690074
55879,9.736988
55900,9.772174
55921,9.762791
55942,9.788594
55963,9.729951
55984,9.814397
56005,9.786248
56026,9.800323
56047,9.816743
56068,9.833163
56089,9.941067
56110,9.936375
56131,9.908226
56152,10.02317
56173,10.00675
56194,9.840199
56215,9.969215
56236,9.992672
56257,9.98798
56278,10.20613
56299,10.00675
56320,9.973906
56341,10.03724
56362,10.13107
56383,10.06773
56404,10.07712
56425,10.1123
56446,10.2249
56467,10.14984
56488,10.18737
56509,10.21317
56530,10.18502
56551,10.17564
56572,10.32811
56593,10.24601
56614,10.22725
56635,10.20848
56656,10.23428
56677,10.15218
56698,10.14749
56719,10.2812
56740,10.32576
56761,10.27885
56782,10.22725
56803,10.21786
56824,10.23663
56845,10.22255
56866,10.32342
56887,10.28589
56908,10.37033
56929,10.29527
56950,10.42194
56971,10.29762
56992,10.27416
57013,10.27181
57034,10.25774
57055,10.33749
57076,10.33749
57097,10.36564
57118,10.37737
57139,10.34219
57160,10.31169
57181,10.24132
57202,10.32107
57223,10.33749
57244,10.41725
57265,10.33046
57286,10.29527
57307,10.23897
57328,10.19675
57349,10.27181
57370,10.24366
57391,10.17798
57412,10.23194
57433,10.21552
57454,10.07712
57475,10.15687
57496,10.14514
57517,10.14514
57538,10.13811
57559,10.07712
57580,10.13576
57601,10.17095
57622,10.117
57643,10.10996
57664,10.13811
57685,10.17798
57706,10.13342
57727,10.09823
57748,10.18268
57769,10.26243
57790,10.22021
57811,10.18502
57832,10.20379
57853,10.18502
57874,10.21786
57895,10.23897
57916,10.20848
57937,10.09823
57958,10.13107
57979,10.08181
58000,9.973906
58021,10.08416
58042,10.07712
58063,9.945757
58084,9.915263
58105,10.0044
58126,9.903535
58147,9.90588
58168,9.870694
58189,9.926992
58210,9.877731
58231,9.809706
58252,9.941067
58273,9.851928
58294,9.828471
58315,9.887115
58336,9.943413
58357,9.910572
58378,9.898843
58399,9.866002
58420,9.903535
58441,9.896498
58462,9.868348
58483,9.9223
58504,9.866002
58525,9.781557
58546,9.842546
58567,9.826125
58588,9.734642
58609,9.748716
58630,9.77452
58651,9.729951
58672,9.739333
58693,9.680691
58714,9.699456
58735,9.654888
58756,9.680691
58777,9.765137
58798,9.701802
58819,9.645505
58840,9.690074
58861,9.711185
58882,9.765137
58903,9.683037
58924,9.706493
58945,9.687728
58966,9.704147
58987,9.657233
59008,9.66427
59029,9.680691
59050,9.725259
59071,9.626739
59092,9.722914
59113,9.711185
59134,9.673654
59155,9.673654
59176,9.650196
59197,9.577478
59218,9.631431
59239,9.690074
59260,9.678345
59281,9.645505
59302,9.502416
59323,9.483649
59344,9.542293
59365,9.502416
59386,9.554022
59407,9.584516
59428,9.589207
59449,9.589207
59470,9.544639
59491,9.439081
59512,9.518835
59533,9.422661
59554,9.448463
59575,9.387475
59596,9.382783
59617,9.328832
59638,9.331178
59659,9.457847
59680,9.317103
59701,9.321795
59722,9.30772
59743,9.19278
59764,9.298337
59785,9.249077
59806,9.293646
59827,9.441426
59848,9.401549
59869,9.223273
59890,9.202163
59911,9.277225
59932,9.277225
59953,9.310066
59974,9.2913
59995,9.157594
60016,9.227965
60037,9.213891
60058,9.246731
60079,9.213891
60100,9.251423
60121,9.347597
60142,9.305374
60163,9.310066
60184,9.373401
60205,9.338214
60226,9.35698
60247,9.469575
60268,9.443772
60289,9.493032
60310,9.504761
60331,9.544639
60352,9.551676
60373,9.577478
60394,9.568096
60415,9.586862
60436,9.683037
60457,9.652542
60478,9.694765
60499,9.692419
60520,9.624393
60541,9.450809
60562,9.493032
60583,9.579824
60604,9.591553
60625,9.570441
60646,9.399203
60667,9.385129
60688,9.385129
60709,9.319448
60730,9.371055
60751,9.326486
60772,9.354634
60793,9.352288
60814,9.368709
60835,9.251423
60856,9.25846
60877,9.380438
60898,9.237348
60919,9.183396
60940,9.235003
60961,9.303029
60982,9.359325
61003,9.310066
61024,9.425007
61045,9.371055
61066,9.425007
61087,9.326486
61108,9.382783
61129,9.420315
61150,9.446118
61171,9.481303
61192,9.467229
61213,9.476612
61234,9.446118
61255,9.577478
61276,9.378092
61297,9.481303
61318,9.544639
61339,9.50007
61360,9.439081
61381,9.544639
61402,9.446118
61423,9.51649
61444,9.577478
61465,9.577478
61486,9.607973
61507,9.629085
61528,9.704147
61549,9.762791
61570,9.917608
61591,9.868348
61612,9.823779
61633,10.00675
61654,10.07946
61675,10.12403
61696,10.19206
61717,10.21317
61738,10.22255
61759,10.30465
61780,10.31404
61801,10.43836
61822,10.39145
61843,10.51811
61864,10.48762
61885,10.51577
61906,10.53923
61927,10.54626
61948,10.60725
61969,10.68701
61990,10.68466
62011,10.76676
62032,10.81133
62053,10.61898
62074,10.59787
62095,10.6917
62116,10.7175
62137,10.7175
62158,10.73158
62179,10.7175
62200,10.70343
62221,10.71281
62242,10.68935
62263,10.82541
62284,10.72454
62305,10.76442
62326,10.62133
62347,10.64713
62368,10.60256
62389,10.63071
62410,10.56503
62431,10.57441
62452,10.50639
62473,10.46651
62494,10.47824
62515,10.44774
62536,10.49231
62557,10.51342
62578,10.45244
62599,10.35626
62620,10.4149
62641,10.3633
62662,10.34453
62683,10.39614
62704,10.37972
62725,10.38441
62746,10.37503
62767,10.41256
62788,10.3328
62809,10.30465
62830,10.27885
62851,10.2765
62872,10.28589
62893,10.42663
62914,10.32342
62935,10.23897
62956,10.23194
62977,10.18737
62998,10.12872
63019,10.10292
63040,10.13342
63061,10.05835
63082,10.09823
63103,10.05132
63124,10.02551
63145,10.01848
63166,9.999709
63187,9.995018
63208,10.01613
63229,9.903535
63250,9.912917
63271,9.934029
63292,9.969215
63313,9.950449
63334,9.969215
63355,9.898843
63376,9.945757
63397,9.837853
63418,9.842546
63439,9.772174
63460,9.772174
63481,9.748716
63502,9.751062
63523,9.697111
63544,9.727605
63565,9.673654
63586,9.612664
63607,9.772174
63628,9.692419
63649,9.671308
63670,9.600936
63691,9.593899
63712,9.636122
63733,9.58217
63754,9.563404
63775,9.678345
63796,9.596244
63817,9.54933
63838,9.509453
63859,9.546985
63880,9.593899
63901,9.478958
63922,9.380438
63943,9.457847
63964,9.48834
63985,9.504761
64006,9.378092
64027,9.345251
64048,9.399203
64069,9.34056
64090,9.324141
64111,9.267843
64132,9.352288
64153,9.30772
64174,9.335869
64195,9.277225
64216,9.206854
64237,9.213891
64258,9.183396
64279,9.251423
64300,9.23031
64321,9.148211
64342,9.211545
64363,9.204508
64384,9.225619
64405,9.145865
64426,9.157594
64447,9.166977
64468,9.145865
64489,9.425007
64510,9.321795
64531,9.246731
64552,9.030925
64573,9.321795
64594,9.300683
64615,9.298337
64636,9.19278
64657,9.25846
64678,9.286609
64699,9.286609
64720,9.338214
64741,9.23031
64762,9.206854
64783,9.220928
64804,9.239694
64825,9.155248
64846,9.295992
64867,9.38982
64888,9.295992
64909,9.293646
64930,9.256114
64951,9.281918
64972,9.338214
64993,9.319448
65014,9.380438
65035,9.481303
65056,9.35698
65077,9.467229
65098,9.460192
65119,9.446118
65140,9.361671
65161,9.460192
65182,9.544639
65203,9.51649
65224,9.450809
65245,9.352288
65266,9.401549
65287,9.464884
65308,9.551676
65329,9.471921
65350,9.457847
65371,9.427352
65392,9.392166
65413,9.415624
65434,9.352288
65455,9.392166
65476,9.35698
65497,9.382783
65518,9.34056
65539,9.227965
65560,9.349943
65581,9.361671
65602,9.326486
65623,9.314757
65644,9.443772
65665,9.432044
65686,9.429698
65707,9.464884
65728,9.511798
65749,9.485995
65770,9.544639
65791,9.511798
65812,9.561059
65833,9.561059
65854,9.640813
65875,9.600936
65896,9.7581
65917,9.661925
65938,9.678345
65959,9.762791
65980,9.767483
66001,9.797977
66022,9.840199
66043,9.861312
66064,9.969215
66085,9.929338
66106,9.903535
66127,10.0302
66148,9.980944
66169,9.999709
66190,10.08416
66211,10.08885
66232,10.20379
66253,10.18971
66274,10.17095
66295,10.11465
66316,10.25539
66337,10.24366
66358,10.16626
66379,10.25539
66400,10.31638
66421,10.2765
66442,10.28354
66463,10.32576
66484,10.35157
66505,10.30935
66526,10.2765
66547,10.34922
66568,10.32107
66589,10.16626
66610,10.27181
66631,10.30935
66652,10.29058
66673,10.32342
66694,10.32811
66715,10.30465
66736,10.25305
66757,10.19206
66778,10.22959
66799,10.27181
66820,10.30231
66841,10.24366
66862,10.18033
66883,10.1686
66904,10.18033
66925,10.20848
66946,10.22021
66967,10.24366
66988,10.22021
67009,10.21786
67030,10.13811
67051,10.2249
67072,10.08181
67093,10.13576
67114,10.19206
67135,10.05366
67156,10.117
67177,10.09588
67198,10.15922
67219,10.1123
67240,10.0865
67261,10.11934
67282,10.09823
67303,10.0044
67324,10.07243
67345,10.07243
67366,10.10996
67387,10.09588
67408,10.04193
67429,10.02786
67450,10.09823
67471,10.12872
67492,10.13342
67513,10.1428
67534,10.11465
67555,10.07243
67576,10.10761
67597,10.1991
67618,10.16391
67639,10.19206
67660,10.21317
67681,10.26243
67702,10.23194
67723,10.19441
67744,10.29292
67765,10.2249
67786,10.24601
67807,10.24366
67828,10.24836
67849,10.29996
67870,10.26478
67891,10.24132
67912,10.21317
67933,10.19441
67954,10.37033
67975,10.26712
67996,10.20613
68017,10.28354
68038,10.23428
68059,10.19206
68080,10.14984
68101,10.24366
68122,10.18502
68143,10.16626
68164,10.2249
68185,10.12638
68206,10.07008
68227,10.18033
68248,10.05132
68269,10.14045
68290,10.25305
68311,10.16626
68332,10.14045
68353,10.09823
68374,10.14984
68395,10.14514
68416,10.05132
68437,10.08181
68458,10.06305
68479,10.12169
68500,10.00675
68521,10.03724
68542,10.04897
68563,10.02786
68584,9.812052
68605,9.772174
68626,9.877731
68647,9.814397
68668,9.706493
68689,9.66427
68710,9.736988
68731,9.502416
68752,9.507107
68773,9.568096
68794,9.570441
68815,9.53291
68836,9.683037
68857,9.612664
68878,9.636122
68899,9.54933
68920,9.626739
68941,9.66427
68962,9.546985
68983,9.535255
69004,9.600936
69025,9.59859
69046,9.561059
69067,9.467229
69088,9.518835
69109,9.59859
69130,9.493032
69151,9.577478
69172,9.612664
69193,9.612664
69214,9.521181
69235,9.443772
69256,9.401549
69277,9.535255
69298,9.514144
69319,9.415624
69340,9.392166
69361,9.460192
69382,9.434389
69403,9.35698
69424,9.392166
69445,9.347597
69466,9.25846
69487,9.249077
69508,9.237348
69529,9.319448
69550,9.256114
69571,9.345251
69592,9.138828
69613,9.075493
69634,9.401549
69655,9.403895
69676,9.213891
69697,9.24204
69718,9.068456
69739,9.056727
69760,9.030925
69781,9.04969
69802,8.976973
69823,9.028579
69844,8.871415
69865,8.941787
69886,8.883143
69907,8.904256
69928,8.854995
69949,8.906601
69970,9.009813
69991,8.988701
70012,8.930058
70033,9.08253
70054,8.995738
70075,9.103642
70096,9.204508
70117,9.09895
70138,9.190434
70159,9.298337
70180,9.326486
70201,9.450809
70222,9.434389
70243,9.279572
70264,9.324141
70285,9.476612
70306,9.537601
70327,9.403895
70348,9.387475
70369,9.460192
70390,9.563404
70411,9.558713
70432,9.460192
70453,9.385129
70474,9.546985
70495,9.622047
70516,9.619701
70537,9.523527
70558,9.600936
70579,9.66427
70600,9.725259
70621,9.748716
70642,9.575133
70663,9.685382
70684,9.793285
70705,9.678345
70726,9.755754
70747,9.690074
70768,9.619701
70789,9.563404
70810,9.687728
70831,9.751062
70852,9.652542
70873,9.617355
70894,9.692419
70915,9.725259
70936,9.666616
70957,9.715877
70978,9.622047
70999,9.699456
71020,9.617355
71041,9.640813
71062,9.722914
71083,9.671308
71104,9.769828
71125,9.697111
71146,9.816743
71167,9.701802
71188,9.760445
71209,9.908226
71230,9.964523
71251,9.901189
71272,9.868348
71293,9.833163
71314,9.976252
71335,10.0865
71356,9.98329
71377,10.08885
71398,10.01613
71419,10.00206
71440,10.07946
71461,10.15453
71482,10.12403
71503,10.10527
71524,10.23663
71545,10.23194
71566,10.3328
71587,10.24601
71608,10.29527
71629,10.21083
71650,10.24601
71671,10.29762
71692,10.45009
71713,10.37268
71734,10.43367
71755,10.37033
71776,10.33515
71797,10.28589
71818,10.38441
71839,10.48762
71860,10.64009
71881,10.53688
71902,10.42429
71923,10.53923
71944,10.49466
71965,10.55096
71986,10.56034
72007,10.5275
72028,10.57676
72049,10.51577
72070,10.52984
72091,10.59083
72112,10.55096
72133,10.51811
72154,10.4712
72175,10.49466
72196,10.52281
72217,10.4712
72238,10.42429
72259,10.38206
72280,10.31873
72301,10.32342
72322,10.31638
72343,10.40083
72364,10.40083
72385,10.26712
72406,10.30231
72427,10.34219
72448,10.35391
72469,10.37737
72490,10.28823
72511,10.32811
72532,10.28823
72553,10.36799
72574,10.3328
72595,10.31873
72616,10.307
72637,10.29996
72658,10.30231
72679,10.28354
72700,10.47355
72721,10.33984
72742,10.30465
72763,10.35157
72784,10.29292
72805,10.26008
72826,10.25774
72847,10.1123
72868,10.07243
72889,10.13342
72910,10.10058
72931,10.03724
72952,10.05366
72973,10.02786
72994,10.01144
73015,9.980944
73036,9.936375
73057,10.04897
73078,9.924646
73099,9.877731
73120,9.969215
73141,9.938721
73162,9.9223
73183,10.00675
73204,9.995018
73225,9.959831
73246,9.842546
73267,9.952795
73288,9.854274
73309,9.868348
73330,9.812052
73351,9.844892
73372,9.814397
73393,9.779211
73414,9.654888
73435,9.66427
73456,9.66427
73477,9.586862
73498,9.603281
73519,9.722914
73540,9.537601
73561,9.457847
73582,9.485995
73603,9.518835
73624,9.478958
73645,9.535255
73666,9.457847
73687,9.483649
73708,9.476612
73729,9.50007
73750,9.490686
73771,9.410933
73792,9.422661
73813,9.387475
73834,9.504761
73855,9.476612
73876,9.298337
73897,9.34056
73918,9.368709
73939,9.439081
73960,9.347597
73981,9.375746
74002,9.263151
74023,9.202163
74044,9.335869
74065,9.298337
74086,9.328832
74107,9.256114
74128,9.279572
74149,9.373401
74170,9.277225
74191,9.310066
74212,9.298337
74233,9.249077
74254,9.174014
74275,9.225619
74296,9.270188
74317,9.303029
74338,9.267843
74359,9.204508
74380,9.298337
74401,9.361671
74422,9.385129
74443,9.317103
74464,9.335869
74485,9.457847
74506,9.439081
74527,9.333523
74548,9.253768
74569,9.333523
74590,9.354634
74611,9.312411
74632,9.277225
74653,9.23031
74674,9.204508
74695,9.19278
74716,9.253768
74737,9.35698
74758,9.251423
74779,9.288955
74800,9.2092
74821,9.371055
74842,9.352288
74863,9.415624
74884,9.298337
74905,9.333523
74926,9.342906
74947,9.40624
74968,9.448463
74989,9.471921
75010,9.429698
75031,9.408587
75052,9.394512
75073,9.48834
75094,9.450809
75115,9.476612
75136,9.436735
75157,9.387475
75178,9.420315
75199,9.422661
75220,9.364017
75241,9.375746
75262,9.38982
75283,9.420315
75304,9.373401
75325,9.420315
75346,9.467229
75367,9.478958
75388,9.504761
75409,9.429698
75430,9.420315
75451,9.509453
75472,9.584516
75493,9.551676
75514,9.464884
75535,9.511798
75556,9.58217
75577,9.626739
75598,9.610318
75619,9.554022
75640,9.666616
75661,9.706493
75682,9.631431
75703,9.786248
75724,9.816743
75745,9.823779
75766,9.830817
75787,9.90588
75808,9.830817
75829,9.894152
75850,9.800323
75871,9.779211
75892,9.812052
75913,9.727605
75934,9.793285
75955,9.882422
75976,9.833163
75997,9.85662
76018,9.828471
76039,9.767483
76060,9.795631
76081,9.729951
76102,9.884768
76123,9.87304
76144,9.823779
76165,9.793285
76186,9.795631
76207,9.884768
76228,9.844892
76249,9.776865
76270,9.929338
76291,9.887115
76312,9.948103
76333,9.828471
76354,9.915263
76375,9.959831
76396,9.978598
76417,10.04428
76438,9.917608
76459,9.971561
76480,9.980944
76501,10.07946
76522,10.14749
76543,10.11934
76564,10.0607
76585,10.09119
76606,10.07477
76627,10.09119
76648,10.06773
76669,10.09354
76690,10.0865
76711,10.11465
76732,10.11465
76753,10.08885
76774,10.18033
76795,10.06305
76816,10.02082
76837,10.21552
76858,10.11934
76879,10.21317
76900,10.15687
76921,10.17329
76942,10.15453
76963,10.22959
76984,10.20613
77005,10.14514
77026,10.17564
77047,10.17798
77068,10.21083
77089,10.16156
77110,10.08885
77131,10.01848
77152,10.03255
77173,10.07712
77194,10.07946
77215,10.05835
77236,10.02082
77257,10.03724
77278,10.01378
77299,10.09354
77320,10.18033
77341,10.14749
77362,10.17329
77383,10.07008
77404,10.02082
77425,10.11934
77446,10.07946
77467,10.22959
77488,10.09823
77509,10.18971
77530,10.22959
77551,10.15687
77572,10.10292
77593,10.17798
77614,10.117
77635,10.18268
77656,10.24132
77677,10.14514
77698,10.23194
77719,10.17564
77740,10.15218
77761,10.12169
77782,10.12638
77803,10.05835
77824,10.16626
77845,10.12638
77866,10.117
77887,10.05132
77908,10.00675
77929,9.98329
77950,10.04428
77971,10.0607
77992,9.971561
78013,10.06539
78034,9.915263
78055,10.05132
78076,9.950449
78097,10.07008
78118,10.04662
78139,10.06539
78160,10.05601
78181,10.1123
78202,10.117
78223,10.10058
78244,10.05132
78265,10.05835
78286,10.13342
78307,10.07243
78328,10.20144
78349,10.06773
78370,10.06305
78391,10.07008
78412,10.07243
78433,10.05132
78454,9.985635
78475,10.05601
78496,10.09588
78517,10.03724
78538,9.861312
78559,9.894152
78580,9.847238
78601,9.828471
78622,9.816743
78643,9.887115
78664,9.919954
78685,9.816743
78706,9.7581
78727,9.861312
78748,9.915263
78769,9.938721
78790,9.931683
78811,9.748716
78832,9.809706
78853,9.849584
78874,9.809706
78895,9.980944
78916,9.837853
78937,9.779211
78958,9.772174
78979,9.866002
79000,9.725259
79021,9.762791
79042,9.58217
79063,9.622047
79084,9.718222
79105,9.692419
79126,9.699456
79147,9.657233
79168,9.74637
79189,9.678345
79210,9.659579
79231,9.77452
79252,9.633776
79273,9.607973
79294,9.607973
79315,9.535255
79336,9.636122
79357,9.539948
79378,9.607973
79399,9.579824
79420,9.61501
79441,9.666616
79462,9.591553
79483,9.502416
79504,9.59859
79525,9.485995
79546,9.535255
79567,9.462538
79588,9.50007
79609,9.471921
79630,9.453156
79651,9.50007
79672,9.504761
79693,9.481303
79714,9.507107
79735,9.378092
79756,9.354634
79777,9.425007
79798,9.338214
79819,9.317103
79840,9.392166
79861,9.441426
79882,9.382783
79903,9.183396
79924,9.432044
79945,9.392166
79966,9.331178
79987,9.317103
80008,9.382783
80029,9.375746
80050,9.265497
80071,9.265497
80092,9.385129
80113,9.448463
80134,9.310066
80155,9.328832
80176,9.455501
80197,9.361671
80218,9.354634
80239,9.392166
80260,9.331178
80281,9.223273
80302,9.2913
80323,9.38982
80344,9.326486
80365,9.305374
80386,9.206854
80407,9.237348
80428,9.211545
80449,9.204508
80470,9.197471
80491,9.249077
80512,9.216236
80533,9.218582
80554,9.293646
80575,9.288955
80596,9.361671
80617,9.30772
80638,9.288955
80659,9.375746
80680,9.326486
80701,9.284263
80722,9.380438
80743,9.429698
80764,9.335869
80785,9.293646
80806,9.237348
80827,9.24204
80848,9.286609
80869,9.295992
80890,9.281918
80911,9.293646
80932,9.213891
80953,9.202163
80974,9.166977
80995,9.218582
81016,9.206854
81037,9.141173
81058,9.089567
81079,9.077839
81100,9.155248
81121,9.185742
81142,9.138828
81163,9.105988
81184,9.223273
81205,9.277225
81226,9.281918
81247,9.342906
81268,9.460192
81289,9.493032
81310,9.408587
81331,9.396858
81352,9.50007
81373,9.586862
81394,9.607973
81415,9.619701
81436,9.66427
81457,9.59859
81478,9.692419
81499,9.816743
81520,9.823779
81541,9.830817
81562,9.793285
81583,9.823779
81604,9.884768
81625,9.917608
81646,10.01613
81667,10.06305
81688,10.05132
81709,10.03255
81730,9.999709
81751,10.11465
81772,10.19675
81793,10.14045
81814,10.14749
81835,10.16626
81856,10.05366
81877,10.12638
81898,10.07008
81919,10.07243
81940,10.13811
81961,10.10761
81982,10.1123
82003,10.10058
82024,10.10761
82045,10.04428
82066,10.05835
82087,10.11465
82108,10.06305
82129,10.08181
82150,10.19675
82171,10.26712
82192,10.21083
82213,10.13107
82234,10.21317
82255,10.22725
82276,10.15218
82297,10.10996
82318,10.19206
82339,10.2249
82360,10.30465
82381,10.20613
82402,10.24366
82423,10.26947
82444,10.33515
82465,10.24601
82486,10.34453
82507,10.37737
82528,10.30231
82549,10.26243
82570,10.37033
82591,10.38206
82612,10.37972
82633,10.34453
82654,10.29058
82675,10.2812
82696,10.30465
82717,10.27416
82738,10.2765
82759,10.32576
82780,10.18737
82801,10.1991
82822,10.19441
82843,10.14045
82864,10.21317
82885,10.0865
82906,10.11465
82927,10.11465
82948,10.14749
82969,10.11465
82990,10.15218
83011,10.18033
83032,10.10292
83053,10.14514
83074,10.21786
83095,10.13342
83116,10.18737
83137,10.24836
83158,10.29292
83179,10.31404
83200,10.2765
83221,10.26008
83242,10.21317
83263,10.2507
83284,10.18268
83305,10.23428
83326,10.28354
83347,10.27416
83368,10.28589
83389,10.21083
83410,10.09823
83431,10.17564
83452,10.23428
83473,10.26478
83494,10.26712
83515,10.25305
83536,10.10761
83557,10.15218
83578,10.27885
83599,10.12403
83620,10.30231
83641,10.09588
83662,9.999709
83683,10.14045
83704,10.17329
83725,10.14984
83746,10.1686
83767,10.18737
83788,10.20613
83809,10.18268
83830,10.21317
83851,10.21552
83872,10.33749
83893,10.20144
83914,10.21786
83935,10.19675
83956,10.25305
83977,10.1428
83998,10.21317
84019,10.24836
84040,10.09119
84061,10.18737
84082,9.889461
84103,9.903535
84124,9.950449
84145,9.851928
84166,9.603281
84187,9.561059
84208,9.59859
84229,9.612664
84250,9.600936
84271,9.471921
84292,9.481303
84313,9.502416
84334,9.422661
84355,9.378092
84376,9.434389
84397,9.429698
84418,9.476612
84439,9.558713
84460,9.53291
84481,9.354634
84502,9.432044
84523,9.490686
84544,9.371055
84565,9.331178
84586,9.40624
84607,9.328832
84628,9.364017
84649,9.422661
84670,9.439081
84691,9.373401
84712,9.319448
84733,9.2913
84754,9.295992
84775,9.298337
84796,9.293646
84817,9.347597
84838,9.312411
84859,9.260805
84880,9.354634
84901,9.371055
84922,9.279572
84943,9.2913
84964,9.450809
84985,9.249077
85006,9.373401
85027,9.326486
85048,9.267843
85069,9.265497
85090,9.249077
85111,9.213891
85132,9.399203
85153,9.284263
85174,9.256114
85195,9.141173
85216,9.279572
85237,9.246731
85258,9.265497
85279,9.197471
85300,9.190434
85321,9.084876
85342,9.171668
85363,9.169322
85384,9.232656
85405,9.202163
85426,9.124753
85447,9.277225
85468,9.225619
85489,9.267843
85510,9.30772
85531,9.347597
85552,9.328832
85573,9.415624
85594,9.385129
85615,9.366363
85636,9.572787
85657,9.359325
85678,9.345251
85699,9.525873
85720,9.708839
85741,9.645505
85762,9.593899
85783,9.368709
85804,9.53291
85825,9.600936
85846,9.657233
85867,9.490686
85888,9.460192
85909,9.41797
85930,9.425007
85951,9.394512
85972,9.361671
85993,9.429698
86014,9.497724
86035,9.455501
86056,9.48834
86077,9.443772
86098,9.253768
86119,9.188088
86140,9.235003
86161,9.25846
86182,9.331178
86203,9.279572
86224,9.349943
86245,9.427352
86266,9.399203
86287,9.347597
86308,9.270188
86329,9.352288
86350,9.511798
86371,9.483649
86392,9.462538
86413,9.474266
86434,9.537601
86455,9.485995
86476,9.579824
86497,9.570441
86518,9.544639
86539,9.575133
86560,9.683037
86581,9.736988
86602,9.629085
86623,9.699456
86644,9.694765
86665,9.772174
86686,9.631431
86707,9.835509
86728,9.938721
86749,9.809706
86770,9.971561
86791,9.903535
86812,9.85662
86833,9.952795
86854,10.00675
86875,10.0302
86896,10.23194
86917,10.24132
86938,10.37737
86959,10.22021
86980,10.117
87001,10.25774
87022,10.37737
87043,10.24836
87064,10.33749
87085,10.38675
87106,10.37737
87127,10.31169
87148,10.44071
87169,10.51811
87190,10.38206
87211,10.37268
87232,10.36095
87253,10.25539
87274,10.26008
87295,10.32576
87316,10.37737
87337,10.41021
87358,10.33749
87379,10.39614
87400,10.37972
87421,10.37503
87442,10.4149
87463,10.42194
87484,10.50404
87505,10.35626
87526,10.42194
87547,10.40083
87568,10.41725
87589,10.39614
87610,10.44774
87631,10.39379
87652,10.48762
87673,10.35157
87694,10.33515
87715,10.43132
87736,10.37972
87757,10.46651
87778,10.45713
87799,10.32576
87820,10.28823
87841,10.38675
87862,10.4149
87883,10.39614
87904,10.48528
87925,10.497
87946,10.41021
87967,10.43367
87988,10.4149
88009,10.44305
88030,10.41959
88051,10.41021
88072,10.3891
88093,10.4454
88114,10.41021
88135,10.39379
88156,10.31169
88177,10.40787
88198,10.36095
88219,10.43601
88240,10.30231
88261,10.2249
88282,10.26947
88303,10.31169
88324,10.26243
88345,10.31169
88366,10.37268
88387,10.26712
88408,10.18268
88429,10.21317
88450,10.16156
88471,10.12403
88492,10.10527
88513,10.13576
88534,10.14749
88555,10.1123
88576,10.11465
88597,10.16156
88618,10.08416
88639,10.07946
88660,10.1428
88681,10.05132
88702,9.957487
88723,9.957487
88744,10.04428
88765,10.03255
88786,10.03255
88807,10.04428
88828,9.976252
88849,9.917608
88870,10.03489
88891,10.02317
88912,9.868348
88933,9.77452
88954,9.851928
88975,9.701802
88996,9.701802
89017,9.61501
89038,9.622047
89059,9.51649
89080,9.603281
89101,9.58217
89122,9.622047
89143,9.554022
89164,9.568096
89185,9.436735
89206,9.345251
89227,9.436735
89248,9.422661
89269,9.429698
89290,9.439081
89311,9.427352
89332,9.427352
89353,9.378092
89374,9.415624
89395,9.40624
89416,9.35698
89437,9.324141
89458,9.300683
89479,9.361671
89500,9.448463
89521,9.41797
89542,9.270188
89563,9.295992
89584,9.202163
89605,9.303029
89626,9.347597
89647,9.293646
89668,9.127099
89689,9.251423
89710,9.277225
89731,9.380438
89752,9.366363
89773,9.2913
89794,9.277225
89815,9.237348
89836,9.375746
89857,9.460192
89878,9.312411
89899,9.176359
89920,9.218582
89941,9.338214
89962,9.41797
89983,9.213891
90004,9.127099
90025,9.202163
90046,9.335869
90067,9.293646
90088,9.34056
90109,9.218582
90130,9.206854
90151,9.305374
90172,9.2092
90193,9.24204
90214,9.195126
90235,9.152903
90256,9.13179
90277,9.223273
90298,9.331178
90319,9.237348
90340,9.176359
90361,9.169322
90382,9.251423
90403,9.310066
90424,9.347597
90445,9.317103
90466,9.293646
90487,9.35698
90508,9.335869
90529,9.352288
90550,9.288955
90571,9.368709
90592,9.359325
90613,9.331178
90634,9.359325
90655,9.359325
90676,9.352288
90697,9.324141
90718,9.293646
90739,9.439081
90760,9.38982
90781,9.453156
90802,9.478958
90823,9.429698
90844,9.422661
90865,9.345251
90886,9.460192
90907,9.619701
90928,9.586862
90949,9.589207
90970,9.636122
90991,9.521181
91012,9.490686
91033,9.432044
91054,9.514144
91075,9.631431
91096,9.666616
91117,9.509453
91138,9.483649
91159,9.680691
91180,9.760445
91201,9.56575
91222,9.607973
91243,9.706493
91264,9.819089
91285,9.779211
91306,9.739333
91327,9.760445
91348,9.727605
91369,9.812052
91390,9.802669
91411,9.842546
91432,9.809706
91453,9.800323
91474,9.837853
91495,9.90588
91516,9.919954
91537,9.882422
91558,9.938721
91579,9.901189
91600,9.812052
91621,9.896498
91642,9.924646
91663,9.924646
91684,9.87304
91705,9.908226
91726,10.03489
91747,10.00909
91768,9.985635
91789,10.05132
91810,9.992672
91831,10.0044
91852,10.11934
91873,10.01613
91894,10.13811
91915,10.10292
91936,10.20144
91957,10.17329
91978,10.1991
91999,10.23194
92020,10.21083
92041,10.18971
92062,10.31169
92083,10.34922
92104,10.38441
92125,10.34688
92146,10.3633
92167,10.37503
92188,10.40552
92209,10.34453
92230,10.45009
92251,10.45009
92272,10.50873
92293,10.46182
92314,10.44305
92335,10.60256
92356,10.58614
92377,10.56972
92398,10.56503
92419,10.6917
92440,10.70343
92461,10.56034
92482,10.56503
92503,10.56972
92524,10.60725
92545,10.67528
92566,10.58614
92587,10.54626
92608,10.55096
92629,10.48997
92650,10.45947
92671,10.46416
92692,10.48293
92713,10.40317
92734,10.43836
92755,10.33046
92776,10.41959
92797,10.35861
92818,10.32107
