8822,11.27578
8843,10.88639
8864,10.70812
8885,10.54392
8906,10.18971
8927,10.0865
8948,9.870694
8969,9.840199
8990,9.694765
9011,9.666616
9032,9.638468
9053,9.539948
9074,9.633776
9095,9.751062
9116,9.734642
9137,9.699456
9158,9.816743
9179,9.539948
9200,9.450809
9221,9.762791
9242,9.542293
9263,9.514144
9284,9.25846
9305,9.23031
9326,8.962898
9347,9.030925
9368,8.798697
9389,8.751783
9410,8.592274
9431,8.486716
9452,8.472641
9473,8.066831
9494,8.1935
9515,8.052756
9536,7.989422
9557,8.092634
9578,7.780652
9599,7.90263
9620,7.874481
9641,7.973002
9662,8.078559
9683,7.900285
9704,7.729046
9725,7.90263
9746,7.632872
9767,7.466325
9788,7.412374
9809,7.33731
9830,7.377188
9851,7.349039
9872,7.421756
9893,7.334964
9914,7.414719
9935,7.456942
9956,7.553117
9977,7.510894
9998,7.553117
10019,7.539042
10040,7.637563
10061,7.494474
10082,7.456942
10103,7.421756
10124,7.346693
10145,7.278666
10166,7.28805
10187,7.23879
10208,7.302124
10229,7.30447
10250,7.173109
10271,7.440522
10292,7.557808
10313,7.381879
10334,7.51324
10355,7.686823
10376,7.736084
10397,7.651637
10418,7.618797
10439,7.623489
10460,7.435831
10481,7.35373
10502,7.177801
10523,7.156689
10544,7.170763
10565,7.184838
10586,7.227061
10607,7.290396
10628,7.271629
10649,7.22237
10670,7.656329
10691,8.12782
10712,7.980039
10733,7.766578
10754,8.16066
10775,8.338935
10796,8.449184
10817,8.601656
10838,8.899564
10859,9.087222
10880,9.300683
10901,9.394512
10922,9.542293
10943,9.819089
10964,9.819089
10985,10.04897
11006,10.31404
11027,10.45478
11048,10.56268
11069,10.73158
11090,10.98257
11111,11.12566
11132,11.14442
11153,11.19134
11174,11.57604
11195,11.72382
11216,11.80592
11237,11.86456
11258,12.10383
11279,11.92086
11300,11.91617
11321,12.00061
11342,11.63703
11363,11.40715
11384,11.01775
11405,10.66824
11426,10.59787
11447,10.65886
11468,10.54157
11489,10.46416
11510,10.45478
11531,10.36564
11552,10.42194
11573,10.40317
11594,10.38441
11615,10.54392
11636,10.49231
11657,10.57207
11678,10.50169
11699,10.48058
11720,10.51577
11741,10.42194
11762,10.5275
11783,10.53923
11804,10.45947
11825,10.56268
11846,10.58145
11867,10.67293
11888,10.71046
11909,10.57207
11930,10.69404
11951,10.5791
11972,10.49935
11993,10.43367
12014,10.41959
12035,10.35157
12056,10.26008
12077,10.15453
12098,10.04897
12119,9.896498
12140,9.870694
12161,9.903535
12182,10.02551
12203,9.971561
12224,9.884768
12245,9.938721
12266,9.957487
12287,9.868348
12308,10.14984
12329,10.1123
12350,10.05366
12371,10.01848
12392,10.23897
12413,9.840199
12434,10.13576
12455,9.912917
12476,9.814397
12497,9.617355
12518,9.706493
12539,9.659579
12560,9.399203
12581,9.293646
12602,9.204508
12623,9.122408
12644,8.904256
12665,9.01685
12686,9.040307
12707,8.810426
12728,8.857341
12749,8.561779
12770,8.857341
12791,8.662645
12812,8.664991
12833,8.718943
12854,8.657954
12875,8.444492
12896,8.64388
12917,8.620422
12938,8.503136
12959,8.538322
12980,8.336589
13001,8.320169
13022,8.277946
13043,8.20992
13064,8.104362
13085,8.155969
13106,8.045719
13127,8.071522
13148,8.059793
13169,8.010533
13190,7.989422
13211,8.064485
13232,8.048065
13253,8.125474
13274,8.06214
13295,7.933125
13316,8.057447
13337,8.116092
13358,8.01757
13379,8.010533
13400,8.036337
13421,8.141894
13442,8.012879
13463,8.104362
13484,8.207574
13505,8.277946
13526,8.296712
13547,8.338935
13568,8.437455
13589,8.503136
13610,8.582891
13631,8.681411
13652,8.594619
13673,8.360046
13694,8.423381
13715,8.524248
13736,8.28733
13757,8.242761
13778,8.343626
13799,8.430418
13820,8.378813
13841,8.214611
13862,8.256835
13883,8.371776
13904,8.489061
13925,8.568816
13946,8.632151
13967,8.608693
13988,8.531285
14009,9.19278
14030,9.136482
14051,9.195126
14072,9.181051
14093,9.265497
14114,9.399203
14135,9.373401
14156,9.518835
14177,9.678345
14198,9.626739
14220,9.603281
14241,9.697111
14262,9.816743
14283,9.90588
14305,9.783903
14326,9.767483
14347,9.863657
14368,9.858966
14389,10.12169
14410,10.05835
14431,10.04428
14452,10.01613
14473,10.05601
14494,10.18737
14515,10.17564
14536,10.33046
14557,10.27885
14578,10.26243
14599,10.24601
14620,10.30465
14641,10.32811
14662,10.25774
14683,10.20144
14704,10.12403
14725,10.24366
14746,10.15922
14767,10.1991
14788,10.19206
14809,10.3328
14830,10.31873
14851,10.21552
14872,10.41959
14893,10.45947
14914,10.41959
14935,10.32342
14956,10.31404
14977,10.37033
14998,10.39848
15019,10.38206
15040,10.36095
15061,10.44774
15082,10.5275
15103,10.54392
15124,10.51811
15145,10.62133
15166,10.69639
15187,10.73861
15208,10.76911
15229,10.72688
15250,10.68232
15271,10.72688
15292,10.68232
15313,10.60022
15334,10.44071
15355,10.09354
15376,10.01144
15397,9.90588
15418,9.915263
15439,9.870694
15460,9.870694
15481,9.826125
15502,9.891806
15523,9.969215
15544,9.908226
15565,9.821435
15586,10.06773
15607,10.2249
15628,10.12872
15649,10.14984
15670,10.24132
15691,10.14984
15712,10.25305
15733,10.23897
15754,10.25774
15775,10.19206
15796,10.24366
15817,10.27885
15838,10.30465
15859,10.1428
15880,10.09354
15901,10.14749
15922,10.12403
15943,10.1428
15964,9.964523
15985,9.783903
16006,9.631431
16027,9.589207
16048,9.542293
16069,9.354634
16090,9.345251
16111,9.220928
16132,9.335869
16153,9.232656
16174,9.155248
16195,9.04969
16216,8.95117
16237,9.070802
16258,9.042653
16279,9.026234
16300,8.852649
16321,8.915984
16342,8.878452
16363,8.878452
16384,8.826846
16405,8.826846
16426,8.789314
16447,8.812772
16468,8.702522
16489,8.611039
16510,8.557088
16531,8.592274
16552,8.482024
16573,8.453876
16594,8.381159
16615,8.30844
16636,8.292021
16657,8.221649
16678,8.261526
16699,8.151278
16720,8.109054
16741,8.148932
16762,8.132511
16783,8.132511
16804,8.031645
16825,8.22634
16846,8.273255
16867,8.249798
16888,8.313132
16909,8.273255
16930,8.158315
16951,8.148932
16972,8.010533
16993,8.057447
17014,7.778307
17035,7.77127
17056,7.668057
17077,7.731392
17098,7.625834
17119,7.59534
17140,7.684478
17161,7.822875
17182,7.806456
17203,7.843987
17224,7.862752
17245,7.858061
17266,8.019917
17287,8.195846
17308,8.245107
17329,8.273255
17350,8.474987
17371,8.625113
17392,8.43511
17413,8.594619
17434,8.646226
17455,8.690794
17476,8.812772
17497,8.885489
17518,8.711905
17539,9.380438
17560,9.24204
17581,9.364017
17602,9.164631
17623,9.263151
17644,9.467229
17665,9.558713
17686,9.722914
17707,9.722914
17728,9.882422
17749,9.945757
17770,10.15218
17791,10.12403
17812,10.3328
17833,10.39145
17854,10.50169
17875,10.37268
17896,10.35626
17917,10.49231
17938,10.42898
17959,10.55096
17980,10.44305
18001,10.43601
18022,10.4712
18043,10.43836
18064,10.62367
18085,10.57676
18106,10.42429
18127,10.58849
18148,10.62133
18169,10.62367
18190,10.28354
18211,10.55799
18232,10.39379
18253,10.31638
18274,10.29762
18295,10.36799
18316,10.29527
18337,10.27885
18358,10.42429
18379,10.50639
18400,10.42194
18421,10.77849
18442,10.76676
18463,10.84886
18484,10.9943
18505,10.97553
18526,10.75972
18547,10.99195
18568,10.54392
18589,10.41725
18610,10.20144
18631,10.09588
18652,10.09823
18673,9.908226
18694,9.729951
18715,9.687728
18736,9.751062
18757,9.793285
18778,9.762791
18799,9.919954
18820,10.01613
18841,9.98798
18862,9.980944
18883,10.09119
18904,10.13107
18925,10.24132
18946,10.23663
18967,10.24366
18988,10.25305
19009,10.14514
19030,10.13107
19051,10.33515
19072,10.15218
19093,10.17095
19114,10.29058
19135,10.2249
19156,10.17798
19177,10.26008
19198,10.05366
19219,9.847238
19240,9.748716
19261,9.744025
19282,9.54933
19303,9.422661
19324,9.263151
19345,9.08253
19366,9.105988
19387,8.869069
19408,9.014504
19429,8.430418
19450,9.061419
19471,8.573507
19492,8.561779
19513,8.667336
19534,8.578199
19555,8.545359
19577,8.453876
19599,8.48437
19620,8.41869
19641,8.381159
19662,8.336589
19683,8.376467
19704,8.273255
19725,8.233377
19746,8.066831
19767,8.085596
19788,8.116092
19809,7.923741
19830,7.895593
19851,7.806456
19872,7.820529
19893,7.785344
19914,7.745467
19935,7.757195
19956,7.684478
19977,7.623489
19998,7.717318
20019,7.879173
20040,7.893247
20061,7.933125
20082,8.057447
20103,8.048065
20124,7.989422
20145,8.019917
20166,8.024608
20187,7.813492
20208,7.815838
20229,7.426448
20250,7.449905
20271,7.37015
20292,7.250518
20313,7.356076
20334,7.224715
20355,7.203603
20376,7.32089
20397,7.245827
20418,7.32089
20439,7.400644
20460,7.365459
20481,7.534351
20502,7.80411
20523,7.968311
20544,8.104362
20565,8.116092
20586,8.238069
20607,8.404615
20628,8.390541
20649,8.575853
20670,8.718943
20691,8.812772
20712,9.01685
20733,9.155248
20754,9.277225
20775,9.361671
20796,9.666616
20817,9.870694
20838,9.877731
20859,9.880077
20880,9.924646
20901,10.14045
20922,10.29996
20943,10.29527
20964,10.48997
20985,10.51342
21006,10.62602
21027,10.74096
21048,10.70343
21069,10.64009
21090,10.68466
21111,10.49466
21132,10.40787
21153,10.44774
21174,10.33515
21195,10.37972
21216,10.35861
21237,10.26243
21258,10.36095
21279,10.54861
21300,10.55096
21321,10.79726
21342,10.62133
21363,10.24836
21384,10.4712
21405,10.20848
21426,10.43367
21447,10.9943
21468,10.47824
21489,10.53453
21510,10.34453
21531,10.43132
21552,10.54861
21573,10.81837
21594,10.98961
21615,11.128
21636,11.37196
21657,11.21714
21678,11.21949
21699,11.20541
21720,11.09282
21741,10.90751
21762,10.89812
21783,10.73392
21804,10.44071
21825,10.46651
21846,10.17095
21867,10.07008
21888,9.976252
21909,9.955141
21930,9.931683
21951,9.9223
21972,9.941067
21993,10.12638
22014,10.12403
22035,10.0865
22056,10.21317
22077,10.32342
22098,10.31169
22119,10.36799
22140,10.42194
22161,10.45478
22182,10.32811
22203,10.307
22224,10.35626
22245,10.30465
22266,10.22725
22287,10.27885
22308,10.16626
22329,9.978598
22350,10.2249
22371,9.863657
22392,9.551676
22413,9.448463
22434,9.364017
22455,9.204508
22476,9.115371
22497,9.063765
22518,8.833883
22539,8.833883
22560,8.850304
22581,8.728326
22602,8.625113
22623,8.575853
22644,8.45153
22665,8.470296
22686,8.442147
22707,8.353009
22728,8.219303
22749,8.1114
22770,8.181771
22791,8.299058
22812,8.289675
22833,8.20992
22854,8.137203
22875,7.980039
22896,8.113746
22917,8.003496
22938,7.797072
22959,7.797072
22980,7.900285
23001,7.848678
23022,7.722009
23043,7.642255
23064,7.600031
23085,7.574229
23106,7.529659
23127,7.395953
23148,7.351385
23169,7.398299
23190,7.454596
23211,7.494474
23232,7.339655
23253,7.482745
23274,7.501511
23295,7.442868
23316,7.365459
23337,7.553117
23358,7.665711
23379,7.571883
23400,7.37015
23421,7.177801
23442,7.35373
23463,7.475708
23484,7.37015
23505,7.426448
23526,7.302124
23547,7.471016
23568,7.764232
23589,7.855715
23610,7.883864
23631,8.001151
23652,8.233377
23673,8.397578
23694,8.559433
23715,8.674374
23736,8.796351
23757,8.880798
23778,9.089567
23799,9.380438
23820,9.673654
23841,9.786248
23862,9.997364
23883,10.22021
23904,10.45478
23925,10.53453
23946,11.09517
23967,11.17023
23988,11.40245
24009,11.56196
24030,11.6769
24051,11.8716
24072,12.01
24093,12.20704
24114,12.30087
24135,12.34544
24156,12.46038
24177,12.52371
24198,12.4205
24219,12.71371
24240,12.66211
24261,12.62927
24282,12.31494
24303,12.22815
24324,11.75197
24345,11.9279
24366,12.05222
24387,12.07099
24408,11.96543
24429,11.91148
24450,11.88802
24471,11.7637
24492,11.80123
24513,11.87864
24534,11.83641
24555,11.85518
24576,11.84814
24597,11.61357
24618,11.71209
24639,11.74258
24660,11.65814
24681,11.66987
24702,11.47283
24723,11.31332
24744,11.09047
24765,11.13504
24786,11.08813
24807,11.00837
24828,10.69639
24849,10.51811
24870,10.40083
24891,10.48997
24912,10.34688
24933,10.28354
24954,10.07712
24975,9.732296
24996,9.729951
25017,9.58217
25038,9.471921
25059,9.277225
25080,9.2913
25101,9.087222
25122,9.108333
25143,8.955861
25164,8.932404
25185,8.939441
25206,8.941787
25227,8.803389
25248,8.908947
25269,8.833883
25290,8.843266
25311,8.768204
25332,8.831537
25353,8.6603
25374,8.657954
25395,8.639189
25416,8.500791
25437,8.543014
25458,8.559433
25479,8.573507
25500,8.446838
25521,8.38585
25542,8.392887
25563,8.439801
25584,8.348318
25605,8.294367
25626,8.322515
25647,8.350664
25668,8.432764
25689,8.341281
25710,8.338935
25731,8.134857
25752,8.184117
25773,8.181771
25794,8.249798
25815,8.186462
25836,8.092634
25857,8.120783
25878,8.059793
25899,8.015225
25920,7.933125
25941,7.848678
25962,7.83695
25983,7.91905
26004,7.768924
26025,7.707935
26046,7.684478
26067,7.940162
26088,7.90263
26109,7.792381
26130,7.792381
26151,7.846333
26172,7.961274
26193,8.17708
26214,8.345972
26235,8.207574
26256,8.355355
26277,8.629806
26298,8.589928
26319,8.620422
26340,8.883143
26361,9.094258
26382,9.054381
26403,9.253768
26424,9.305374
26445,9.443772
26466,9.518835
26487,9.840199
26508,10.00675
26529,10.26008
26550,10.34453
26571,10.45713
26592,10.86528
26613,10.90281
26634,10.938
26655,11.09047
26676,11.27813
26697,11.25233
26718,11.33912
26739,11.37665
26760,11.48925
26781,11.46344
26802,11.47048
26823,11.51505
26844,11.5432
26865,11.49159
26886,11.54085
26907,11.59011
26928,11.57135
26949,11.50801
26970,11.50566
26991,11.6511
27012,11.51505
27033,11.40949
27054,11.51974
27075,11.45875
27096,11.71444
27117,11.8153
27138,11.65814
27159,11.76839
27180,11.64641
27201,11.95135
27222,11.97481
27243,12.06395
27264,11.76839
27285,11.74024
27306,11.50566
27327,11.44233
27348,11.27344
27369,11.2664
27390,11.15381
27411,10.98726
27432,10.83713
27453,10.69639
27474,10.72923
27495,10.748
27516,10.60256
27537,10.43132
27558,10.45478
27579,10.55565
27600,10.52515
27621,10.4712
27642,10.39848
27663,10.37033
27684,10.2765
27705,10.44071
27726,10.32811
27747,10.22725
27768,10.15453
27789,9.887115
27810,9.896498
27831,10.02786
27853,9.720568
27874,9.483649
27895,9.326486
27916,9.375746
27937,9.216236
27958,9.080185
27979,9.023888
28000,8.8245
28021,9.237348
28042,8.756474
28063,8.838574
28084,8.695485
28105,8.711905
28126,8.688448
28147,8.575853
28168,8.568816
28189,8.552396
28210,8.519556
28231,8.463259
28252,8.465604
28273,8.399924
28294,8.406961
28315,8.212266
28336,8.158315
28357,8.254489
28378,8.202883
28399,8.146585
28420,8.036337
28441,8.071522
28462,8.16066
28483,8.113746
28504,8.069177
28525,8.092634
28546,8.0293
28567,8.083251
28588,8.057447
28609,7.977693
28630,7.855715
28651,7.888556
28672,7.865098
28693,7.88621
28714,7.811147
28735,7.750158
28756,7.736084
28777,7.782998
28798,7.872136
28819,7.862752
28840,7.862752
28861,8.015225
28882,8.102016
28903,7.998805
28924,7.944853
28945,7.890902
28966,7.977693
28987,8.031645
29008,8.076214
29029,7.83695
29050,7.846333
29071,8.024608
29092,8.214611
29113,8.228686
29134,8.280293
29155,8.411653
29176,8.669683
29197,8.737708
29218,8.79166
29239,8.779932
29260,8.981664
29281,9.176359
29302,9.295992
29323,9.361671
29344,9.446118
29365,9.59859
29386,9.732296
29407,9.941067
29428,10.11934
29449,10.14045
29470,10.30465
29491,10.34688
29512,10.38441
29533,10.56972
29554,10.71516
29575,10.86528
29596,11.04825
29617,11.00603
29638,11.14677
29659,11.44937
29680,11.46344
29701,11.70036
29722,11.9279
29743,11.93024
29764,11.9279
29785,11.79184
29806,11.78715
29827,11.85518
29848,11.85283
29869,11.78246
29890,11.73555
29911,11.57135
29932,11.31566
29953,11.24529
29974,11.08343
29995,11.02245
30016,11.02714
30037,10.9943
30058,10.87232
30079,10.93565
30100,10.96849
30121,11.10689
30142,10.95207
30163,10.92393
30184,10.81837
30205,10.86528
30226,10.93565
30247,10.94973
30268,10.82306
30289,10.8817
30310,10.90281
30333,10.82775
30355,10.7996
30376,10.85355
30397,10.79256
30418,10.85355
30439,10.73627
30460,10.73392
30481,10.6354
30502,10.59083
30523,10.39848
30544,10.36095
30565,10.26712
30586,10.11465
30607,10.04897
30628,10.03959
30649,10.00675
30670,10.01378
30691,9.903535
30712,9.908226
30733,9.887115
30754,9.828471
30775,9.896498
30796,9.887115
30817,9.844892
30838,9.610318
30859,9.584516
30880,9.622047
30901,9.624393
30922,9.612664
30943,9.507107
30964,9.579824
30985,9.493032
31006,9.378092
31027,9.446118
31048,9.478958
31069,9.448463
31090,9.174014
31111,9.293646
31132,9.281918
31153,9.059073
31175,9.03327
31196,9.040307
31217,8.789314
31238,8.756474
31259,8.906601
31280,8.634497
31301,8.571162
31322,8.594619
31343,8.568816
31364,8.547705
31385,8.383504
31406,8.362392
31427,8.331898
31448,8.249798
31469,7.996459
31490,8.026954
31511,7.961274
31532,7.973002
31553,7.797072
31574,7.635218
31595,7.679786
31616,7.651637
31637,7.689169
31658,7.665711
31679,7.609415
31700,7.597685
31721,7.623489
31742,7.57892
31763,7.473362
31784,7.569537
31805,7.682132
31826,7.754849
31847,7.752503
31868,7.965965
31889,8.050411
31910,7.970656
31931,7.965965
31952,7.996459
31973,8.104362
31994,8.205229
32015,8.374122
32036,8.399924
32057,8.449184
32078,8.601656
32099,8.716597
32120,8.761166
32141,8.843266
32162,8.967589
32183,9.127099
32204,9.371055
32225,9.347597
32246,9.394512
32267,9.40624
32288,9.511798
32309,9.626739
32331,9.819089
32352,9.971561
32373,10.03724
32394,10.00909
32415,10.03255
32436,10.02786
32457,10.21083
32478,10.23194
32499,10.33749
32520,10.48997
32541,10.52281
32562,10.54861
32583,10.58145
32604,10.58614
32625,10.68935
32646,10.69404
32667,10.75738
32688,10.90516
32709,10.52984
32730,10.73392
32751,10.71046
32772,10.64009
32793,10.83244
32814,10.83244
32835,10.75269
32856,10.77145
32877,10.60256
32898,10.66355
32919,10.85355
32940,10.91689
32961,10.75738
32982,10.5533
33003,10.64713
33024,10.60491
33045,10.57676
33066,10.50873
33087,10.59083
33108,10.37737
33129,10.23663
33150,10.04897
33171,9.969215
33192,10.07008
33213,10.03489
33234,10.01378
33255,10.12403
33276,10.06539
33297,10.13811
33318,10.20144
33339,10.27885
33360,10.33749
33381,10.42663
33402,10.35391
33423,10.43367
33444,10.42898
33465,10.54861
33486,10.54157
33507,10.60022
33528,10.57207
33549,10.61194
33570,10.67528
33591,10.6917
33612,10.86528
33633,10.88639
33654,10.92393
33675,10.90985
33696,10.8559
33717,10.89109
33738,10.98961
33759,10.748
33780,10.66824
33801,10.60256
33822,10.45713
33843,10.5275
33864,10.37268
33885,10.1686
33906,10.07477
33927,10.12169
33948,10.02082
33969,9.999709
33990,10.1991
34011,10.05366
34032,9.931683
34053,9.976252
34074,9.748716
34095,9.701802
34116,9.736988
34137,9.490686
34158,9.396858
34179,9.481303
34200,9.525873
34221,9.342906
34242,9.188088
34263,9.239694
34284,9.251423
34305,8.953515
34326,8.962898
34347,8.737708
34368,8.84092
34389,8.299058
34410,8.517211
34431,8.270909
34452,8.087942
34473,8.216957
34494,8.172389
34515,8.219303
34536,8.090288
34557,8.015225
34578,8.008188
34599,7.98473
34620,7.991767
34641,8.043374
34662,7.904976
34683,7.942507
34704,7.867445
34725,7.675095
34746,7.691514
34767,7.5625
34788,7.38657
34809,7.410028
34830,7.407681
34851,7.456942
34872,7.499165
34893,7.471016
34914,7.463979
34935,7.536696
34956,7.651637
34977,8.097325
34998,7.909667
35019,7.785344
35040,7.867445
35061,7.876827
35082,7.93547
35103,8.1114
35124,8.005842
35145,7.958928
35166,8.010533
35187,7.937816
35208,8.022263
35229,8.099671
35250,8.303749
35271,8.282638
35292,8.395233
35313,8.43511
35334,8.449184
35355,8.568816
35376,8.798697
35397,8.404615
35418,8.540668
35439,8.908947
35460,8.878452
35481,8.784623
35502,8.822155
35523,9.035616
35544,9.120062
35565,9.277225
35586,9.253768
35607,9.324141
35628,9.483649
35649,9.50007
35670,9.640813
35691,9.610318
35712,9.704147
35733,9.666616
35754,9.736988
35775,9.926992
35796,10.06539
35817,10.13342
35838,10.20379
35859,10.25539
35880,10.30231
35901,10.34688
35922,10.40552
35943,10.43367
35964,10.68232
35985,10.65886
36006,10.82775
36027,10.70343
36048,11.16788
36069,10.86059
36090,10.94504
36111,11.28048
36132,11.22887
36153,11.28517
36174,11.21245
36195,11.75431
36216,11.50097
36237,11.54554
36258,11.39542
36279,11.6769
36300,11.38838
36321,11.03652
36342,11.00368
36363,10.75034
36384,10.68466
36405,10.47355
36426,10.52515
36447,10.41256
36468,10.44305
36489,10.43367
36510,10.44774
36531,10.55565
36552,10.66355
36573,10.67997
36594,10.64713
36615,10.69874
36636,10.88405
36657,10.92862
36678,10.94504
36699,10.97319
36720,10.96849
36741,10.90047
36762,10.86294
36783,11.01072
36804,10.91689
36825,10.97084
36846,10.8817
36867,10.82775
36888,10.81837
36909,10.72454
36930,10.59083
36951,10.46416
36972,10.20613
36993,10.0044
37014,9.666616
37035,9.854274
37056,9.626739
37077,9.349943
37098,9.2092
37119,9.174014
37140,8.998084
37161,8.897219
37182,8.815118
37203,8.805735
37224,8.775241
37245,8.69314
37266,8.758821
37287,8.756474
37308,8.524248
37329,8.625113
37350,8.582891
37371,8.491407
37392,8.592274
37413,8.622768
37434,8.510174
37455,8.453876
37476,8.301403
37497,8.273255
37518,8.268563
37539,8.167697
37560,8.247452
37581,8.172389
37602,8.134857
37623,8.137203
37644,8.003496
37665,8.158315
37686,8.186462
37707,8.116092
37728,7.965965
37749,8.134857
37770,8.268563
37791,8.364738
37812,8.313132
37833,8.106709
37854,7.893247
37875,7.933125
37896,7.822875
37917,7.843987
37938,7.996459
37959,8.1935
37980,7.600031
38001,7.672749
38022,7.66102
38043,7.609415
38064,7.679786
38085,7.736084
38106,7.846333
38127,7.942507
38148,8.003496
38169,8.102016
38190,8.12782
38211,8.362392
38232,8.503136
38253,8.568816
38274,8.646226
38295,8.777586
38316,8.836229
38337,8.98401
38358,9.077839
38379,9.225619
38400,9.349943
38421,9.396858
38442,9.425007
38463,9.460192
38484,9.589207
38505,9.654888
38526,9.643159
38547,9.732296
38568,9.755754
38589,9.980944
38610,9.908226
38631,10.07946
38652,10.32107
38673,10.10058
38694,10.15453
38715,10.37268
38736,10.45009
38757,10.50404
38778,10.52515
38799,10.51577
38820,10.61898
38841,10.37972
38862,10.56268
38883,10.57441
38904,10.64244
38925,10.67762
38946,10.68232
38967,10.80899
38988,10.89343
39009,10.91923
39030,11.01775
39051,10.98492
39072,11.08578
39093,11.11158
39114,11.07405
39135,11.19134
39156,11.33208
39177,11.39542
39198,11.45171
39219,11.77542
39240,11.51974
39261,11.67925
39282,11.8153
39303,11.69567
39324,11.80592
39345,11.8716
39366,11.98185
39387,11.90913
39408,11.8153
39429,11.78481
39450,11.54085
39471,11.66987
39492,11.56196
39513,11.42357
39534,11.34146
39555,11.21714
39576,11.12097
39597,11.00368
39618,11.03887
39639,11.07171
39660,10.99899
39681,11.00837
39702,10.95677
39723,10.90281
39744,10.91923
39765,10.82541
39786,10.82071
39807,10.77145
39828,10.74331
39849,10.5838
39870,10.45009
39891,10.53688
39912,10.50169
39933,10.34219
39954,10.28354
39975,10.1991
39996,10.10761
40017,9.591553
40038,9.729951
40059,9.263151
40080,9.366363
40101,9.286609
40122,9.091913
40143,9.04969
40164,9.042653
40185,8.969935
40206,8.976973
40227,8.890181
40248,8.878452
40269,8.740054
40290,8.873761
40311,8.897219
40332,8.801044
40353,8.880798
40374,8.822155
40395,8.786969
40416,8.646226
40437,8.733017
40458,8.721289
40479,8.632151
40500,8.592274
40521,8.639189
40542,8.589928
40563,8.599311
40584,8.550051
40605,8.554742
40626,8.383504
40647,8.45153
40668,8.456222
40689,8.378813
40710,8.41869
40731,8.411653
40752,8.392887
40773,8.324861
40794,8.322515
40815,8.322515
40836,8.259181
40857,8.41869
40878,8.421036
40899,8.493753
40920,8.446838
40941,8.399924
40962,8.371776
40983,8.310786
41004,8.36943
41025,8.343626
41046,8.479678
41067,8.355355
41088,8.247452
41109,8.165352
41130,8.167697
41151,8.106709
41172,8.188808
41193,8.094979
41214,8.102016
41235,8.001151
41256,8.094979
41277,8.17708
41298,8.188808
41319,8.216957
41340,8.139548
41361,8.266218
41382,8.489061
41403,8.585237
41424,8.707214
41445,8.826846
41466,8.894873
41487,9.09895
41508,9.150557
41529,9.213891
41550,9.38982
41571,9.448463
41592,9.589207
41613,9.690074
41634,9.854274
41655,9.842546
41676,10.05835
41697,10.22725
41718,10.307
41739,10.4712
41760,10.65417
41781,10.78318
41802,10.82775
41823,10.86763
41844,11.08813
41865,11.19603
41886,11.26171
41907,11.31801
41928,11.32739
41949,11.46813
41970,11.47048
41991,11.44468
42012,11.40949
42033,11.53381
42054,11.67221
42075,11.56665
42096,11.39073
42117,11.62061
42138,11.5432
42159,11.57135
42180,11.55962
42201,11.54789
42222,11.52678
42243,11.57369
42264,11.65814
42285,11.59011
42306,11.53851
42327,11.55023
42348,11.67221
42369,11.76839
42390,11.76604
42411,11.60888
42432,11.66518
42453,11.71209
42474,11.75666
42495,11.70271
42516,11.5948
42537,11.54789
42558,11.42591
42579,11.50097
42600,11.28048
42621,11.18899
42642,11.08109
42663,11.09751
42684,10.96146
42705,10.82775
42726,10.83948
42747,10.73158
42768,10.62367
42789,10.55799
42810,10.61429
42831,10.55799
42852,10.4712
42873,10.41725
42894,10.4454
42915,10.42429
42936,10.30231
42957,10.26008
42978,10.17798
42999,10.16626
43020,10.1686
43041,9.934029
43062,9.851928
43083,9.692419
43104,9.511798
43125,9.493032
43146,9.410933
43167,9.23031
43188,9.190434
43209,9.120062
43230,9.169322
43251,8.920675
43272,8.911292
43293,8.768204
43314,8.873761
43335,8.911292
43356,8.7424
43377,8.873761
43398,8.969935
43419,8.831537
43440,8.730671
43461,8.730671
43482,8.892527
43503,8.679066
43524,8.686103
43545,8.608693
43566,8.664991
43587,8.615731
43608,8.489061
43629,8.514865
43650,8.474987
43671,8.500791
43692,8.432764
43713,8.390541
43734,8.411653
43755,8.399924
43776,8.425727
43797,8.378813
43818,8.280293
43839,8.221649
43860,8.261526
43881,8.202883
43902,8.249798
43923,8.221649
43944,8.137203
43965,8.123129
43986,8.104362
44007,8.106709
44028,8.186462
44049,8.167697
44070,8.223994
44091,8.28733
44112,8.310786
44133,8.254489
44154,8.221649
44175,8.113746
44196,8.1114
44217,8.277946
44238,8.106709
44259,8.087942
44280,8.118437
44301,8.163006
44322,8.123129
44343,8.155969
44364,8.254489
44385,8.397578
44406,8.568816
44427,8.683757
44448,8.733017
44469,8.915984
44490,8.995738
44511,9.037962
44532,9.298337
44553,9.448463
44574,9.490686
44595,9.638468
44616,9.713531
44637,9.823779
44658,9.926992
44679,9.605627
44700,10.38675
44721,10.26947
44742,10.45009
44763,10.50404
44784,10.5275
44805,10.72688
44826,10.72688
44847,10.76676
44868,10.78318
44889,11.1022
44910,11.00603
44931,11.23591
44952,11.11627
44973,11.20541
44994,11.20072
45015,11.36961
45036,11.50801
45057,11.49628
45078,11.49394
45099,11.57135
45120,11.40715
45141,11.59949
45162,11.55493
45183,11.65814
45204,11.569
45225,11.56431
45246,11.41887
45267,11.46344
45288,11.41418
45309,11.23825
45330,11.32974
45351,11.22183
45372,11.23591
45393,11.3485
45414,11.28986
45435,11.19368
45456,11.27578
45477,11.35319
45498,11.28986
45519,11.30628
45540,11.25936
45561,11.2664
45582,11.3485
45603,11.31566
45624,11.32035
45645,11.2922
45666,11.31097
45687,11.32974
45708,11.20072
45729,11.22887
45750,11.28751
45771,11.17961
45792,10.98961
45813,10.90047
45834,10.84886
45855,10.78318
45876,10.6659
45897,10.50873
45918,10.36799
45939,10.31404
45960,10.21786
45981,10.0302
46002,10.09354
46023,9.971561
46044,9.980944
46065,9.797977
46086,9.786248
46107,9.593899
46128,9.509453
46149,9.429698
46170,9.403895
46191,9.295992
46212,9.124753
46233,9.244386
46254,9.185742
46275,9.096604
46296,9.019196
46317,9.030925
46338,9.068456
46359,9.014504
46380,8.883143
46401,8.862032
46422,8.850304
46443,8.817463
46464,8.744746
46485,8.789314
46506,8.718943
46527,8.695485
46548,8.707214
46569,8.641534
46590,8.582891
46611,8.587582
46632,8.519556
46653,8.535976
46674,8.498445
46695,8.442147
46716,8.395233
46737,8.390541
46758,8.238069
46779,8.249798
46800,8.1935
46821,8.118437
46842,8.099671
46863,8.116092
46884,8.055102
46905,7.930779
46926,7.944853
46947,7.865098
46968,7.775961
46989,7.865098
47010,7.86979
47031,7.895593
47052,7.876827
47073,7.761887
47094,7.799418
47115,7.820529
47136,7.724355
47157,7.865098
47178,7.806456
47199,8.045719
47220,8.118437
47241,7.975348
47262,8.113746
47283,8.421036
47304,8.38585
47325,8.329552
47346,8.442147
47367,8.634497
47388,8.838574
47409,8.845612
47430,8.761166
47451,8.862032
47472,9.056727
47493,9.321795
47514,9.495378
47535,9.453156
47556,9.478958
47577,9.589207
47598,9.797977
47619,9.586862
47640,9.882422
47661,9.889461
47682,10.06305
47703,10.117
47724,10.2249
47745,10.20144
47766,10.31169
47787,10.40787
47808,10.36564
47829,10.46885
47850,10.64244
47871,10.73158
47892,10.88639
47913,10.81133
47934,10.81368
47955,10.97084
47976,11.04356
47997,11.02245
48018,11.13035
48039,11.20541
48060,10.90985
48081,10.98022
48102,11.0506
48123,11.03417
48144,11.2664
48165,11.33912
48186,11.16554
48207,11.27813
48228,11.25936
48249,11.3227
48270,11.36258
48291,11.37665
48312,11.16554
48333,10.98492
48354,10.94504
48375,10.89578
48396,10.77614
48417,10.6354
48438,10.65417
48459,10.55565
48480,10.61429
48501,10.60022
48522,10.59083
48543,10.6917
48564,10.79491
48585,10.75269
48606,10.73392
48627,10.83479
48648,10.87701
48669,10.97084
48690,11.04356
48711,11.0506
48732,11.02714
48753,11.05763
48774,11.07171
48795,11.00603
48816,10.88874
48837,10.97319
48858,10.9122
48879,10.87467
48900,10.70812
48921,10.77614
48942,10.60491
48963,10.5791
48984,10.47824
49005,10.14749
49026,10.14749
49047,10.04193
49068,9.931683
49089,9.851928
49110,9.570441
49131,9.40624
49152,9.206854
49173,9.094258
49194,9.211545
49215,9.056727
49236,9.040307
49257,8.944133
49278,8.972281
49299,8.880798
49320,8.866723
49341,8.852649
49362,8.852649
49383,8.808081
49404,8.744746
49425,8.72598
49446,8.674374
49467,8.585237
49488,8.470296
49509,8.526593
49530,8.364738
49551,8.268563
49572,8.376467
49593,8.268563
49614,8.22634
49635,8.212266
49656,8.041028
49677,8.048065
49698,8.087942
49719,8.106709
49740,8.153623
49761,8.036337
49782,8.071522
49803,8.06214
49824,8.212266
49845,8.179425
49866,8.008188
49887,8.022263
49908,7.921396
49929,7.933125
49950,7.928433
49971,7.799418
49992,7.61176
50013,7.6446
50034,7.820529
50055,7.820529
50076,7.839296
50097,7.759541
50118,7.757195
50139,7.88621
50160,7.996459
50181,7.907322
50202,8.102016
50223,8.22634
50244,8.357701
50265,8.313132
50286,8.38585
50307,8.674374
50328,8.801044
50349,8.784623
50370,8.960552
50391,9.152903
50412,9.2913
50433,9.326486
50454,9.197471
50475,9.366363
50496,9.701802
50517,9.858966
50538,9.837853
50559,9.725259
50580,9.823779
50601,9.98329
50622,10.14749
50643,10.12169
50664,10.13811
50685,10.34688
50706,10.43601
50727,10.497
50748,10.64478
50769,10.64244
50790,10.66355
50811,10.75503
50832,10.90516
50853,10.77614
50874,10.86528
50895,10.70343
50916,10.62602
50937,10.8559
50958,11.11862
50979,11.0459
51000,10.92393
51021,11.02948
51042,11.09751
51063,11.02714
51084,11.09517
51105,11.18899
51126,11.25467
51147,11.09517
51168,11.19603
51189,11.08109
51210,11.08109
51231,11.17492
51252,11.26875
51273,11.34616
51294,11.40949
51315,11.40011
51336,11.53381
51357,11.60184
51378,11.60653
51399,11.61591
51420,11.61357
51441,11.46579
51462,11.51739
51483,11.52678
51504,11.20541
51525,11.27813
51546,11.12331
51567,11.07874
51588,10.98022
51609,10.92862
51630,10.89812
51651,10.82306
51672,10.84183
51693,10.76676
51714,10.69639
51735,10.70577
51756,10.6917
51777,10.86059
51798,10.83713
51819,10.67528
51843,10.66824
51868,10.54861
51889,10.58614
51910,10.66121
51931,10.59552
51953,10.5838
51974,10.45009
51995,10.33984
52016,10.52281
52037,10.46182
52058,10.37033
52079,9.931683
52100,9.80736
52121,9.629085
52142,9.678345
52163,9.54933
52184,9.399203
52205,9.185742
52226,9.277225
52247,9.005121
52268,9.054381
52289,8.887836
52310,8.831537
52331,8.803389
52352,8.751783
52373,8.669683
52394,8.664991
52415,8.538322
52436,8.561779
52457,8.594619
52478,8.460913
52499,8.371776
52520,8.256835
52541,8.212266
52562,8.294367
52583,8.223994
52604,8.266218
52625,8.306095
52646,8.132511
52667,8.104362
52688,8.038682
52709,8.048065
52730,7.994113
52751,7.900285
52772,7.834604
52793,7.897939
52814,7.815838
52835,7.797072
52856,7.794726
52877,7.672749
52898,7.637563
52919,7.677441
52940,7.808801
52961,8.033991
52982,8.336589
53003,8.06214
53024,7.888556
53045,8.026954
53066,8.109054
53087,8.083251
53108,8.078559
53129,8.174734
53150,8.266218
53171,8.186462
53192,8.30844
53213,8.381159
53234,8.453876
53255,8.479678
53276,8.228686
53297,8.315477
53318,8.869069
53339,8.955861
53360,9.094258
53381,9.059073
53402,9.152903
53423,9.401549
53444,9.396858
53465,9.460192
53486,9.570441
53508,9.645505
53529,9.776865
53550,9.835509
53571,9.734642
53592,9.952795
53613,9.98798
53634,10.22959
53655,10.20379
53676,10.19675
53697,10.18268
53718,10.37268
53739,10.35626
53760,10.34219
53781,10.34688
53802,10.30465
53823,10.49935
53844,10.44774
53865,10.74565
53886,10.75503
53907,10.64009
53928,10.83479
53949,10.78553
53970,10.82775
53991,10.75034
54012,10.86059
54033,11.06232
54054,11.08343
54075,11.02245
54096,10.90751
54117,10.70577
54138,10.70812
54159,10.65651
54180,10.74096
54201,10.82541
54222,10.88639
54243,10.78553
54264,10.75503
54285,10.75972
54306,10.938
54327,11.01072
54348,11.19368
54369,11.13035
54390,11.24998
54411,11.18196
54432,11.21245
54453,11.1843
54474,11.23825
54495,11.1843
54516,11.20541
54537,11.23591
54558,11.27578
54579,11.28751
54600,11.39073
54621,11.49863
54642,11.4048
54663,11.14677
54684,11.18665
54705,11.09751
54726,11.09517
54747,10.88639
54768,10.57676
54789,10.50169
54810,10.51342
54831,10.33749
54852,10.28823
54873,10.1991
54894,10.0302
54915,9.978598
54936,10.07712
54957,9.976252
54978,9.934029
54999,9.884768
55020,9.877731
55041,9.800323
55062,9.821435
55083,9.727605
55104,9.734642
55125,9.575133
55146,9.457847
55167,9.410933
55188,9.448463
55209,9.375746
55230,9.310066
55251,9.293646
55272,9.164631
55293,9.190434
55314,8.95117
55335,9.03327
55356,9.044999
55377,8.913638
55398,8.927712
55419,8.810426
55440,8.852649
55461,8.854995
55482,8.897219
55503,8.775241
55524,8.8245
55545,8.794006
55566,8.618076
55587,8.758821
55608,8.878452
55629,8.707214
55650,8.636843
55671,8.528939
55692,8.423381
55713,8.458567
55734,8.355355
55755,8.367084
55776,8.320169
55797,8.263872
55818,8.188808
55839,8.228686
55860,8.163006
55881,8.191154
55902,8.139548
55923,8.195846
55944,8.1114
55965,8.092634
55986,8.134857
56007,8.036337
56028,8.109054
56049,8.045719
56070,8.080905
56091,7.980039
56112,7.961274
56133,8.113746
56154,8.073868
56175,8.148932
56196,8.090288
56217,8.14424
56238,8.228686
56259,8.327207
56280,8.188808
56301,8.073868
56322,8.06214
56343,8.299058
56364,8.141894
56385,8.292021
56406,8.16066
56427,8.099671
56448,8.221649
56469,8.191154
56490,8.184117
56511,8.322515
56532,8.519556
56553,8.432764
56574,8.664991
56595,8.756474
56616,8.897219
56637,9.068456
56658,9.171668
56679,9.272534
56700,9.317103
56721,9.600936
56742,9.844892
56763,9.769828
56784,9.77452
56805,9.966869
56826,10.15687
56847,10.22255
56868,10.41021
56889,10.37503
56910,10.48528
56931,10.40317
56952,10.5275
56973,10.64478
56994,10.6096
57015,10.52046
57036,10.58614
57057,10.78084
57078,10.80195
57099,10.91454
57120,11.16084
57141,11.25233
57162,11.2148
57183,11.28282
57204,11.30159
57225,11.23591
57246,11.17492
57267,11.2101
57288,11.22418
57309,11.36258
57330,11.32035
57351,11.16319
57372,10.94035
57393,10.78787
57414,10.81133
57435,10.80899
57456,10.78318
57477,10.74565
57498,10.72923
57519,10.72454
57540,10.77614
57561,10.75034
57582,10.8301
57603,10.7738
57624,10.74565
57645,10.79256
57666,10.77849
57687,10.65651
57708,10.64713
57729,10.58614
57750,10.61664
57771,10.70577
57792,10.63306
57813,10.59083
57834,10.54392
57855,10.54626
57876,10.59083
57897,10.55565
57918,10.65886
57939,10.54626
57960,10.48762
57981,10.52515
58002,10.30935
58023,10.27181
58044,10.15687
58065,10.14984
58086,10.07008
58107,9.931683
58128,10.09588
58149,9.955141
58170,9.908226
58191,9.962177
58212,9.7581
58233,9.884768
58254,9.912917
58275,9.966869
58296,9.882422
58317,9.9223
58338,9.748716
58359,9.732296
58380,9.64785
58401,9.687728
58422,9.725259
58443,9.561059
58464,9.563404
58485,9.577478
58506,9.450809
58527,9.403895
58548,9.385129
58569,9.225619
58590,9.150557
58611,9.054381
58632,8.995738
58653,8.850304
58674,8.765858
58695,8.704868
58716,8.629806
58737,8.521902
58758,8.48437
58779,8.350664
58800,8.266218
58821,8.397578
58842,8.306095
58863,8.317823
58884,8.188808
58905,8.064485
58926,8.033991
58947,7.815838
58968,7.689169
58989,7.745467
59010,7.602377
59031,7.447559
59052,7.412374
59073,7.365459
59094,7.334964
59115,7.311507
59136,7.330273
59157,7.426448
59178,7.388916
59199,7.431139
59220,7.372496
59241,7.38657
59262,7.459288
59283,7.452251
59304,7.583611
59325,7.689169
59346,7.729046
59367,7.775961
59388,7.722009
59409,7.818184
59430,7.914359
59451,8.205229
59472,8.343626
59493,8.240415
59514,8.324861
59535,8.437455
59556,8.653263
59577,8.669683
59598,8.7424
59619,8.866723
59640,9.030925
59661,9.044999
59682,9.105988
59703,9.251423
59724,9.263151
59745,9.490686
59766,9.760445
59787,9.483649
59808,9.610318
59829,9.861312
59850,9.826125
59871,9.966869
59892,10.0302
59913,10.09588
59934,10.2765
59955,10.29996
59976,10.31873
59997,10.50404
60018,10.43367
60039,10.61194
60060,10.52046
60081,10.79256
60102,10.75503
60123,10.71516
60144,10.89343
60165,10.84183
60186,10.98726
60207,11.0506
60228,11.09751
60249,11.22418
60270,11.20541
60291,11.17726
60312,11.40949
60333,11.62764
60354,11.7332
60375,11.9537
60396,11.9537
60417,11.81765
60438,11.80592
60459,11.76839
60480,11.65814
60501,11.61122
60522,11.36727
60543,11.16084
60564,10.94973
60585,10.93565
60606,10.82306
60627,10.80899
60648,10.78553
60669,10.72454
60690,10.79256
60711,10.83713
60732,10.84652
60753,10.89343
60774,11.03652
60795,11.10689
60816,11.00368
60837,10.90985
60858,10.94035
60879,10.938
60900,10.81368
60921,10.89578
60942,10.66824
60963,10.70343
60984,10.748
61005,10.51342
61026,10.37268
61047,10.4712
61068,10.14514
61089,10.45947
61110,9.760445
61131,9.826125
61152,9.725259
61173,9.476612
61194,9.270188
61215,9.155248
61236,9.148211
61257,9.075493
61278,8.859686
61299,8.749437
61320,8.686103
61341,8.679066
61362,8.599311
61383,8.397578
61404,8.345972
61425,8.327207
61446,8.320169
61467,8.120783
61488,8.198192
61509,8.130166
61530,8.022263
61551,7.923741
61572,7.940162
61593,7.874481
61614,7.785344
61635,7.761887
61656,7.700898
61677,7.712626
61698,7.57892
61719,7.522622
61740,7.524968
61761,7.445214
61782,7.426448
61803,7.459288
61824,7.463979
61845,7.473362
61866,7.252864
61887,7.358422
61908,7.609415
61929,7.553117
61950,7.46867
61971,7.142614
61992,7.449905
62013,7.761887
62034,7.639909
62055,7.541389
62076,7.407681
62097,7.241135
62118,6.77199
62139,7.691514
62160,7.663366
62181,7.583611
62202,7.677441
62223,7.675095
62244,8.015225
62265,8.146585
62286,8.130166
62307,8.270909
62328,8.674374
62349,8.798697
62370,8.8245
62391,9.044999
62412,9.178705
62433,9.504761
62454,9.607973
62475,9.765137
62496,10.03959
62517,10.29058
62538,10.44071
62559,10.57441
62580,10.60022
62601,10.93331
62622,10.94738
62643,11.22652
62664,11.55493
62685,11.49863
62706,11.41887
62727,11.5432
62748,12.18123
62769,12.17185
62790,11.93962
62811,11.97247
62832,12.03111
62853,12.3126
62874,12.51902
62895,12.59408
62916,12.3642
62937,12.24926
62958,12.25395
62979,12.05926
63000,12.15778
63021,12.02173
63042,11.90444
63063,11.66283
63084,11.70505
63105,11.64172
63126,11.57838
63147,11.569
63168,11.4611
63189,11.50332
63210,11.46813
63231,11.37431
63252,11.36727
63273,11.39542
63294,11.49159
63315,11.49628
63336,11.40949
63357,11.31566
63378,11.43295
63399,11.38369
63420,11.45171
63441,11.39307
63462,11.25467
63483,11.13973
63504,11.20072
63525,11.17023
63546,11.05529
63567,11.02479
63588,10.75972
63609,10.6917
63630,10.57207
63651,10.50169
63672,10.1686
63693,10.14045
63714,9.985635
63735,9.640813
63756,9.715877
63777,9.685382
63798,9.485995
63819,9.279572
63840,9.272534
63861,9.110679
63882,9.047344
63903,9.042653
63924,8.913638
63945,8.784623
63966,8.718943
63987,8.711905
64008,8.639189
64029,8.578199
64050,8.564125
64071,8.498445
64092,8.392887
64113,8.353009
64134,8.252144
64155,8.228686
64176,8.184117
64197,8.167697
64218,8.102016
64239,8.102016
64260,8.038682
64281,7.963619
64302,7.961274
64323,7.794726
64344,7.907322
64365,7.914359
64386,7.890902
64407,7.879173
64428,7.90263
64449,7.914359
64470,8.019917
64491,7.888556
64512,7.827567
64533,7.794726
64554,7.710281
64575,7.651637
64596,7.775961
64617,7.665711
64638,7.703244
64659,7.736084
64680,7.782998
64701,7.820529
64722,7.958928
64743,7.933125
64764,7.883864
64785,8.14424
64806,8.184117
64827,8.390541
64848,8.404615
64869,8.512519
64890,8.547705
64911,8.604002
64932,8.864378
64953,9.176359
64974,9.138828
64995,9.446118
65016,9.638468
65037,9.685382
65058,9.858966
65079,10.00675
65100,10.07712
65121,9.973906
65142,10.23897
65163,10.2812
65184,10.47589
65205,10.38675
65226,10.52515
65247,10.63071
65268,10.78084
65289,11.09751
65310,10.73861
65331,10.84652
65352,11.02948
65373,11.02714
65394,11.11862
65415,11.13973
65436,11.10924
65457,11.18665
65478,11.33208
65499,11.39073
65520,11.19838
65541,11.1022
65562,11.50566
65583,11.36961
65604,11.20072
65625,11.21245
65646,11.17726
65667,11.27109
65688,11.67925
65709,11.10689
65730,11.30862
65751,11.30628
65772,11.28986
65793,11.37665
65814,11.38603
65835,11.36023
65856,11.38603
65877,11.35554
65898,11.39776
65919,11.42591
65940,11.4611
65961,11.2969
65982,11.33208
66003,11.37196
66024,11.4306
66045,11.35085
66066,11.26875
66087,11.13739
66108,11.31566
66129,10.97553
66150,11.00837
66171,11.13739
66192,11.09751
66213,11.05998
66234,11.02245
66255,11.09985
66276,11.14208
66297,11.08109
66318,10.94738
66339,10.84183
66360,10.83479
66381,10.78787
66402,10.79491
66423,10.81602
66444,10.77614
66465,10.62836
66486,10.54392
66507,10.56268
66528,10.52281
66549,10.38206
66570,10.37972
66591,10.31404
66612,10.30231
66633,10.17564
66654,10.04662
66675,9.973906
66696,9.896498
66717,9.652542
66738,9.523527
66759,9.546985
66780,9.434389
66801,9.432044
66822,9.286609
66843,9.24204
66864,9.188088
66885,9.122408
66906,8.976973
66927,9.021542
66948,8.991047
66969,8.955861
66990,8.880798
67011,8.786969
67032,8.838574
67053,8.740054
67074,8.836229
67095,8.79166
67116,8.648571
67137,8.667336
67158,8.604002
67179,8.521902
67200,8.580544
67221,8.463259
67242,8.383504
67263,8.38585
67284,8.331898
67305,8.256835
67326,8.151278
67347,8.153623
67368,8.146585
67389,8.130166
67410,8.005842
67431,8.092634
67452,8.012879
67473,8.001151
67494,7.91905
67515,7.916704
67536,7.933125
67557,7.916704
67578,8.001151
67599,7.83695
67620,7.851024
67641,7.909667
67662,8.003496
67683,8.094979
67704,8.019917
67725,8.015225
67746,7.973002
67767,8.06214
67788,8.139548
67809,8.235723
67830,8.299058
67851,8.399924
67872,8.390541
67893,8.552396
67914,8.704868
67935,8.833883
67956,8.925366
67977,8.836229
67998,9.267843
68019,9.310066
68040,9.481303
68061,9.612664
68082,9.610318
68103,9.704147
68124,9.896498
68145,9.98329
68166,10.0302
68187,10.05601
68208,10.12169
68229,10.37503
68250,10.41256
68271,10.51342
68292,10.48997
68313,10.61194
68334,10.62133
68355,10.7175
68376,10.73861
68397,10.84417
68418,10.69874
68439,10.75269
68460,10.81368
68481,10.89343
68502,10.97788
68523,11.01072
68544,11.04825
68565,11.13739
68586,11.24763
68607,11.47048
68628,11.39073
68649,11.29455
68670,11.21714
68691,11.29455
68712,11.36727
68733,11.50097
68754,11.30862
68775,11.11393
68796,11.09517
68817,11.23825
68838,11.14677
68859,11.11393
68880,11.16319
68901,11.04825
68922,11.128
68943,11.19134
68964,11.1585
68985,11.1022
69006,11.13973
69027,11.14442
69048,11.27578
69069,11.19603
69090,11.22183
69111,11.22652
69132,11.2922
69153,11.3485
69174,11.24763
69195,11.17961
69216,11.17492
69237,11.26406
69258,11.23825
69279,11.18665
69300,11.19603
69321,11.13504
69342,11.08578
69363,10.9638
69384,10.91689
69405,10.89812
69426,10.77849
69447,10.68466
69468,10.44071
69489,10.57207
69510,10.26008
69531,10.14749
69552,10.31638
69573,10.12169
69594,10.01378
69615,9.973906
69636,9.729951
69657,9.718222
69678,9.59859
69699,9.401549
69720,9.401549
69741,9.298337
69762,9.284263
69783,9.366363
69804,9.246731
69825,9.141173
69846,9.007467
69867,9.127099
69888,8.925366
69909,8.932404
69930,8.883143
69951,8.831537
69972,8.756474
69993,8.634497
70014,8.641534
70035,8.507828
70056,8.601656
70077,8.465604
70098,8.500791
70119,8.432764
70140,8.493753
70161,8.477333
70182,8.442147
70203,8.327207
70224,8.306095
70245,8.348318
70266,8.268563
70287,8.186462
70308,8.17708
70329,8.031645
70350,8.050411
70371,8.01757
70392,7.98473
70413,7.827567
70434,7.780652
70455,7.703244
70476,7.717318
70497,7.6446
70518,7.532005
70539,7.548426
70560,7.600031
70581,7.574229
70602,7.435831
70623,7.705589
70644,7.921396
70665,8.069177
70686,7.933125
70707,7.944853
70728,8.113746
70749,8.010533
70770,8.301403
70791,8.465604
70812,8.465604
70833,8.589928
70854,8.803389
70875,9.00043
70896,8.993393
70917,8.946478
70938,9.122408
70959,9.249077
70980,9.469575
71001,9.64785
71022,9.711185
71043,9.694765
71064,9.823779
71085,10.03724
71106,10.07243
71127,10.13576
71148,10.18971
71169,10.3328
71190,10.28354
71211,10.38441
71232,10.27416
71253,10.23663
71274,10.43601
71295,10.51342
71316,10.57207
71337,10.53453
71358,10.42663
71379,10.55799
71400,10.70108
71421,10.55799
71442,10.60022
71463,10.5838
71484,10.5838
71505,10.65651
71526,10.59787
71547,10.56268
71568,10.56503
71589,10.60491
71610,10.59318
71631,10.69874
71652,10.75269
71673,10.90516
71694,10.97084
71715,11.01541
71736,11.17257
71757,11.32035
71778,11.1843
71799,11.17961
71820,11.13739
71841,11.0201
71862,10.90985
71883,10.78787
71904,10.75269
71925,10.52515
71946,10.53453
71967,10.45478
71988,10.3891
72009,10.34688
72030,10.34922
72051,10.43601
72072,10.48997
72093,10.4149
72114,10.55096
72135,10.52515
72156,10.62367
72177,10.73861
72198,10.78553
72219,10.79726
72240,10.75269
72261,10.80195
72282,10.80429
72303,10.78084
72324,10.81837
72345,10.83713
72366,10.89578
72387,10.79256
72408,10.97319
72429,10.9943
72450,10.95677
72471,10.938
72492,10.93096
72513,10.74096
72534,10.66355
72555,10.71046
72576,10.42429
72597,10.52984
72618,10.39145
72639,10.08885
72660,10.19675
72681,10.03489
72702,9.823779
72723,9.624393
72744,9.518835
72765,9.436735
72786,9.300683
72807,9.127099
72828,9.152903
72849,9.143519
72870,8.937096
72891,8.953515
72912,8.890181
72933,8.655608
72954,8.611039
72975,8.40227
72996,8.146585
73017,8.069177
73038,8.001151
73059,7.797072
73080,7.820529
73101,7.670403
73122,7.54608
73143,7.553117
73164,7.602377
73185,7.473362
73206,7.524968
73227,7.567191
73248,7.59534
73269,7.745467
73290,7.693861
73311,7.757195
73332,7.672749
73353,7.86979
73374,8.045719
73395,8.005842
73416,7.656329
73437,7.426448
73458,7.424102
73479,7.259901
73500,7.133232
73521,7.100392
73542,7.041749
73563,7.015945
73584,7.072243
73605,6.917425
73626,7.11212
73647,7.081625
73668,7.081625
73689,7.264592
73710,7.344347
73731,7.4804
73752,7.517931
73773,7.517931
73794,7.656329
73815,7.766578
73836,7.904976
73857,7.987076
73878,7.998805
73899,8.205229
73920,8.390541
73941,8.45153
73962,8.282638
73983,8.608693
74004,8.733017
74025,8.817463
74046,9.103642
74067,9.143519
74088,9.09895
74109,9.272534
74130,9.277225
74151,9.199817
74172,9.392166
74193,9.59859
74214,10.01848
74235,9.908226
74256,10.40317
74277,10.12169
74298,10.07008
74319,10.1123
74340,10.16626
74361,10.1123
74382,10.09823
74403,9.959831
74424,9.849584
74445,9.999709
74466,10.17329
74487,10.25774
74508,10.55565
74529,10.48058
74550,10.49231
74571,10.48528
74592,9.894152
74613,10.27416
74634,10.29762
74655,10.2249
74676,10.6096
74697,10.45009
74718,10.49466
74739,10.07946
74760,11.60419
74781,10.12403
74802,9.952795
74823,10.82306
74844,11.92321
74865,10.76207
74886,11.11393
74907,11.1585
74928,11.128
74949,11.17492
74970,11.02714
74991,10.76911
75012,10.61429
75033,10.29058
75054,10.07477
75075,9.910572
75096,9.704147
75117,9.53291
75138,9.497724
75159,9.544639
75180,9.50007
75201,9.490686
75222,9.530564
75243,9.61501
75264,9.626739
75285,9.626739
75306,9.814397
75327,9.809706
75348,9.98798
75369,9.952795
75390,9.847238
75411,9.915263
75432,9.802669
75453,9.840199
75474,9.753407
75495,9.741679
75516,9.80736
75537,9.622047
75558,9.539948
75579,9.483649
75600,9.331178
75621,9.317103
75642,9.235003
75663,8.979319
75684,8.864378
75705,8.709559
75726,8.636843
75747,8.721289
75768,8.521902
75789,8.341281
75810,8.507828
75831,8.449184
75852,8.240415
75873,8.184117
75894,8.242761
75915,8.167697
75936,7.942507
75957,7.949544
75978,7.947199
75999,8.003496
76020,7.904976
76041,7.848678
76062,7.825221
76083,7.883864
76104,7.90263
76125,7.923741
76146,7.928433
76167,7.968311
76188,7.970656
76209,7.95189
76230,7.876827
76251,7.914359
76272,7.858061
76293,7.668057
76314,7.717318
76335,7.714972
76356,7.743121
76377,7.616452
76398,7.799418
76419,7.705589
76440,7.609415
76461,7.729046
76482,7.839296
76503,7.914359
76524,7.893247
76545,7.977693
76566,8.031645
76587,8.036337
76608,7.958928
76629,7.792381
76650,7.705589
76671,7.5625
76692,7.489782
76713,7.454596
76734,7.278666
76755,7.175455
76776,7.306816
76797,7.224715
76818,7.229407
76839,7.555463
76860,7.524968
76881,7.426448
76902,7.698552
76923,7.780652
76944,7.865098
76965,8.001151
76986,8.216957
77007,8.362392
77028,8.578199
77049,8.7424
77070,8.8245
77091,9.134136
77112,9.206854
77133,9.204508
77154,9.425007
77175,9.53291
77196,9.659579
77217,9.966869
77238,10.02082
77259,9.985635
77280,10.28589
77301,10.36799
77322,10.56034
77343,10.75269
77364,10.82071
77385,11.14912
77406,11.04356
77427,11.15146
77448,11.36023
77469,11.30393
77490,11.21949
77511,11.16319
77532,11.10689
77553,11.08109
77574,11.00837
77595,10.88874
77616,10.86059
77637,10.7175
77658,10.73392
77679,10.5838
77700,10.46416
77721,10.64244
77742,10.76442
77763,10.74565
77784,10.70577
77805,10.83713
77826,10.84417
77847,10.6917
77868,10.86059
77889,10.76207
77910,10.75503
77931,10.69404
77952,10.57676
77973,10.76676
77994,10.7996
78015,10.88874
78036,11.04825
78057,11.08343
78078,11.1585
78099,11.08578
78120,11.2101
78141,11.13504
78162,10.97788
78183,10.82541
78204,10.66121
78225,10.72454
78246,10.41021
78267,10.26712
78288,10.15453
78309,10.17798
78330,10.23428
78351,10.05835
78372,9.898843
78393,9.98329
78414,10.10527
78435,10.07243
78456,10.15922
78477,10.117
78498,10.18502
78519,10.14984
78540,10.26008
78561,10.21786
78582,10.13107
78603,10.21786
78624,10.06773
78645,10.02082
78666,10.24132
78687,9.842546
78708,9.561059
78729,9.659579
78750,9.441426
78771,9.392166
78792,9.331178
78813,9.145865
78834,9.042653
78855,8.972281
78876,9.023888
78897,8.873761
78918,8.629806
78939,8.681411
78960,8.582891
78981,8.575853
79002,8.493753
79023,8.944133
79044,9.15994
79065,8.751783
79086,8.200537
79107,8.575853
79128,8.632151
79149,8.465604
79170,8.381159
79191,8.249798
79212,8.240415
79233,8.216957
79254,8.214611
79275,8.231031
79296,8.310786
79317,8.240415
79338,8.282638
79359,8.158315
79380,8.252144
79401,8.163006
79422,8.16066
79443,8.20992
79464,8.130166
79485,8.179425
79506,8.148932
79527,8.057447
79548,8.12782
79569,8.125474
79590,7.994113
79611,8.113746
79632,8.186462
79653,8.20992
79674,8.181771
79695,8.141894
79716,8.235723
79737,8.428073
79758,8.479678
79779,8.526593
79800,8.397578
79821,8.268563
79842,8.270909
79863,8.303749
79884,8.170043
79905,7.897939
79926,7.907322
79947,8.033991
79968,7.968311
79989,8.003496
80010,7.956582
80031,7.975348
80052,7.973002
80073,8.076214
80094,8.167697
80115,8.233377
80136,8.207574
80157,8.378813
80178,8.543014
80199,8.622768
80220,8.751783
80241,8.819809
80262,8.944133
80283,9.061419
80304,9.117716
80325,9.204508
80346,9.352288
80367,9.554022
80388,9.633776
80409,9.762791
80430,9.9223
80451,9.706493
80472,10.23663
80493,10.22959
80514,10.42663
80535,10.43836
80556,10.50639
80577,10.61664
80598,10.67059
80619,10.85121
80640,10.85121
80661,11.01072
80682,11.25233
80703,11.18899
80724,11.06936
80745,11.07405
80766,11.0201
80787,11.1327
80808,11.08813
80829,11.03652
80850,10.94973
80871,10.92862
80892,10.89343
80913,10.88639
80934,10.89578
80955,11.13035
80976,11.09985
80997,11.13504
81018,11.0459
81039,11.04825
81060,11.08343
81081,10.98492
81102,11.06936
81123,11.1585
81144,11.07405
81165,11.02245
81186,11.05998
81207,11.16788
81228,11.20307
81249,11.2406
81270,11.26875
81291,11.2406
81312,11.22183
81333,11.21714
81354,11.10455
81375,11.0459
81396,10.86997
81417,10.72454
81438,10.49466
81459,10.27181
81480,10.18737
81501,10.22021
81522,10.12872
81543,9.90588
81564,9.861312
81585,9.870694
81606,9.87304
81627,9.833163
81648,9.797977
81669,9.830817
81690,9.887115
81711,9.840199
81732,9.908226
81753,9.976252
81774,9.851928
81795,9.957487
81816,10.05366
81837,9.894152
81858,9.683037
81879,9.694765
81900,9.783903
81921,9.603281
81942,9.535255
81963,9.589207
81984,9.467229
82005,9.331178
82026,9.38982
82047,9.23031
82068,9.09895
82089,9.152903
82110,9.150557
82131,9.429698
82152,9.387475
82173,9.068456
82194,8.758821
82215,9.202163
82236,9.281918
82257,8.908947
82278,8.833883
82299,8.79166
82320,8.847958
82341,8.620422
82362,8.421036
82383,8.465604
82404,8.449184
82425,8.528939
82446,8.686103
82467,8.36943
82488,8.207574
82509,8.46795
82530,8.148932
82551,8.233377
82572,8.249798
82593,8.212266
82614,8.22634
82635,8.172389
82656,8.090288
82677,8.163006
82698,8.139548
82719,7.977693
82740,7.994113
82761,8.024608
82782,8.132511
82803,8.080905
82824,8.139548
82845,8.031645
82866,8.141894
82887,8.167697
82908,8.336589
82929,8.317823
82950,8.214611
82971,8.310786
82992,8.362392
83013,8.353009
83034,8.170043
83055,8.223994
83076,8.219303
83097,8.195846
83118,8.080905
83139,7.98473
83160,8.048065
83181,8.172389
83202,8.188808
83223,8.052756
83244,8.019917
83265,8.078559
83286,8.198192
83307,8.313132
83328,8.582891
83349,8.632151
83370,8.582891
83391,8.892527
83412,8.812772
83433,8.90191
83454,9.080185
83475,9.227965
83496,9.38982
83517,9.443772
83538,9.617355
83559,9.779211
83580,9.870694
83601,10.07243
83622,10.18737
83643,10.5533
83664,10.39614
83685,10.55565
83706,10.61429
83727,10.76207
83748,10.92393
83769,11.21949
83790,11.05763
83811,11.12566
83832,11.36961
83853,11.32035
83874,11.39307
83895,11.49628
83916,11.37665
83937,11.29455
83958,11.18196
83979,11.06467
84000,11.12331
84021,11.37196
84042,11.27578
84063,11.29455
84084,11.12566
84105,11.33208
84126,11.36258
84147,11.20541
84168,11.32974
84189,11.30159
84210,11.38134
84231,11.34381
84252,11.43529
84273,11.48456
84294,11.46579
84315,11.50801
84336,11.43295
84357,11.36961
84378,11.42591
84399,11.49863
84420,11.50097
84441,11.57369
84462,11.44702
84483,11.44468
84504,11.34381
84525,11.38134
84546,11.27344
84567,11.28282
84588,11.06467
84609,10.95677
84630,10.70108
84651,10.52281
84672,10.61429
84693,10.4454
84714,10.30935
84735,10.34453
84756,10.15453
84777,10.117
84798,10.07477
84819,10.02317
84840,10.01144
84861,9.896498
84882,9.924646
84903,9.910572
84924,9.964523
84945,9.938721
84966,9.577478
84987,9.819089
85008,9.734642
85029,9.769828
85050,9.795631
85071,9.66427
85092,9.579824
85113,9.558713
85134,9.436735
85155,9.317103
85176,9.204508
85197,9.009813
85218,8.93475
85239,8.974627
85260,9.052036
85281,8.6603
85302,8.421036
85323,8.571162
85344,8.540668
85365,8.320169
85386,8.404615
85407,8.381159
85428,8.40227
85449,8.353009
85470,8.526593
85491,8.634497
85512,8.116092
85533,8.322515
85554,8.383504
85575,8.120783
85596,8.167697
85617,8.078559
85638,8.031645
85659,8.094979
85680,8.073868
85701,8.045719
85722,7.965965
85743,7.994113
85764,7.930779
85785,7.98473
85806,8.052756
85827,7.991767
85848,8.005842
85869,8.055102
85890,8.106709
85911,8.130166
85932,8.134857
85953,8.120783
85974,8.005842
85995,8.137203
86016,8.315477
86037,8.301403
86058,8.294367
86079,8.172389
86100,8.242761
86121,8.360046
86142,8.421036
86163,8.592274
86184,8.564125
86205,8.383504
86226,8.681411
86247,8.43511
86268,8.681411
86289,8.747091
86310,8.702522
86331,9.2092
86352,8.568816
86373,8.998084
86394,9.272534
86415,9.213891
86436,9.295992
86457,9.450809
86478,9.443772
86499,9.483649
86520,9.842546
86541,9.985635
86562,9.889461
86583,9.964523
86604,10.1991
86625,10.39145
86646,10.45478
86667,10.49466
86688,10.48293
86709,10.53453
86730,10.64947
86751,10.56503
86772,10.77145
86793,10.78787
86814,10.63306
86835,10.748
86856,10.81602
86877,10.94504
86898,10.93331
86919,11.05998
86940,11.05998
86961,11.19368
86982,11.35085
87003,11.23122
87024,11.32739
87045,11.42591
87066,11.34146
87087,11.31801
87108,11.37665
87129,11.41418
87150,11.13504
87171,11.01541
87192,10.98726
87213,10.91923
87234,10.86294
87255,10.76911
87276,10.65417
87297,10.62836
87318,10.61194
87339,10.62133
87360,10.62367
87381,10.81602
87402,10.83713
87423,10.67762
87444,10.78318
87465,10.85121
87486,10.89578
87507,10.85121
87528,11.00134
87549,10.97788
87570,10.85355
87591,10.87936
87612,10.90751
87633,10.90516
87654,10.90281
87675,10.91923
87696,10.89109
87717,10.88639
87738,10.82541
87759,10.75738
87780,10.74096
87801,10.73861
87822,10.51342
87843,10.37972
87864,10.26243
87885,10.12169
87906,10.01378
87927,10.00675
87948,9.889461
87969,9.985635
87990,9.997364
88011,10.15218
88032,9.912917
88053,9.898843
88074,9.842546
88095,9.678345
88116,9.584516
88137,9.523527
88158,9.518835
88179,9.509453
88200,9.310066
88221,9.387475
88242,9.371055
88263,9.293646
88284,9.162285
88305,9.127099
88326,9.061419
88347,8.991047
88368,8.899564
88389,8.854995
88410,8.744746
88431,8.62746
88452,8.524248
88473,8.456222
88494,8.496099
88515,8.364738
88536,8.292021
88557,8.289675
88578,8.284984
88599,8.324861
88620,8.327207
88641,8.233377
88662,8.261526
88683,8.310786
88704,8.282638
88725,8.064485
88746,8.113746
88767,7.994113
88788,8.010533
88809,7.846333
88830,7.782998
88851,7.761887
88872,7.813492
88893,7.790035
88914,7.736084
88935,7.658674
88956,7.653983
88977,7.707935
88998,7.761887
89019,7.95189
89040,7.848678
89061,8.045719
89082,8.22634
89103,8.261526
89124,8.141894
89145,8.134857
89166,8.350664
89187,8.390541
89208,8.36943
89229,8.458567
89250,8.653263
89271,8.737708
89292,8.876106
89313,8.765858
89334,8.751783
89355,8.887836
89376,8.815118
89397,9.216236
89418,9.110679
89439,9.195126
89460,9.354634
89481,9.317103
89502,9.310066
89523,9.382783
89544,9.497724
89565,9.539948
89586,9.387475
89607,9.490686
89628,9.631431
89649,9.671308
89670,9.729951
89691,9.851928
89712,9.971561
89733,10.10292
89754,10.18268
89775,10.05132
89796,10.09823
89817,10.11934
89838,10.23428
89859,10.33046
89880,10.2249
89901,10.41959
89922,10.45713
89943,10.5275
89964,10.53688
89985,10.63071
90006,10.67293
90027,10.79726
90048,10.89812
90069,10.99899
90090,10.97319
90111,11.13504
90132,11.19603
90153,11.36023
90174,11.42826
90195,11.48221
90216,11.55493
90237,11.60419
90258,11.71444
90279,11.59715
90300,11.59949
90321,11.59715
90342,11.54789
90363,11.55727
90384,11.3485
90405,11.19838
90426,11.14208
90447,11.07405
90468,10.93331
90489,10.86763
90510,10.84417
90531,10.90985
90552,10.82306
90573,10.80899
90594,10.76207
90615,10.77849
90636,10.75738
90657,10.90751
90678,10.97319
90699,11.0201
90720,10.82541
90741,10.78787
90762,10.8301
90783,10.88639
90804,10.87936
90825,10.77849
90846,10.59787
90867,10.62367
90888,10.59552
90909,10.81368
90930,10.59083
90951,10.57441
90972,10.50639
90993,10.30935
91014,10.18971
91035,10.19206
91056,10.2249
91077,9.934029
91098,9.851928
91119,9.575133
91140,9.483649
91161,9.469575
91182,9.462538
91203,9.321795
91224,9.19278
91245,9.15994
91266,9.136482
91287,9.103642
91308,9.08253
91329,9.007467
91350,8.948824
91371,8.939441
91392,8.965244
91413,8.967589
91434,8.925366
91455,8.90191
91476,8.859686
91497,8.779932
91518,8.761166
91539,8.779932
91560,8.789314
91581,8.817463
91602,8.751783
91623,8.618076
91644,8.62746
91665,8.599311
91686,8.648571
91707,8.667336
91728,8.596965
91749,8.524248
91770,8.496099
91791,8.573507
91812,8.688448
91833,8.606348
91854,8.486716
91875,8.486716
91896,8.521902
91917,8.465604
91938,8.470296
91959,8.353009
91980,8.205229
92001,8.17708
92022,8.139548
92043,8.1114
92064,8.043374
92085,8.033991
92106,7.975348
92127,8.071522
92148,8.005842
92169,7.937816
92190,8.005842
92211,8.116092
92232,8.118437
92253,8.158315
92274,8.125474
92295,8.17708
92316,8.30844
92337,8.397578
92358,8.364738
92379,8.444492
92400,8.547705
92421,8.53363
92442,8.64388
92463,8.730671
92484,8.836229
92505,8.812772
92526,8.911292
92547,9.009813
92568,9.143519
92589,9.237348
92610,9.206854
92631,9.239694
92652,9.464884
92673,9.448463
92694,9.586862
92715,9.589207
92736,9.650196
92757,9.600936
92778,9.58217
92799,9.678345
92820,9.720568
