8896,8.98401
8917,9.007467
8938,9.009813
8959,9.005121
8980,8.969935
9001,8.948824
9022,8.883143
9043,8.894873
9064,8.993393
9085,9.014504
9106,8.923021
9127,8.885489
9148,8.979319
9169,8.876106
9190,8.899564
9211,8.979319
9232,8.859686
9253,8.944133
9274,9.042653
9295,9.096604
9316,9.120062
9337,9.129445
9358,9.286609
9379,9.380438
9400,9.359325
9421,9.335869
9442,9.511798
9463,9.591553
9484,9.605627
9505,9.668962
9526,9.722914
9547,9.786248
9568,9.938721
9589,9.9223
9610,9.992672
9631,9.957487
9652,10.07008
9673,10.20613
9694,10.25305
9715,10.27181
9736,10.26008
9757,10.3633
9778,10.50404
9799,10.59552
9820,10.71046
9841,10.66824
9862,10.79256
9883,10.8301
9904,10.91689
9925,10.92862
9946,11.09985
9967,11.1022
9988,11.1843
10009,11.11393
10030,11.13973
10051,11.22418
10072,11.27344
10093,11.19603
10114,11.20541
10135,11.2148
10156,11.31566
10177,11.41653
10198,11.29924
10219,11.128
10240,11.09517
10261,11.10924
10282,11.22652
10303,11.16319
10324,11.10924
10345,11.03183
10366,11.01541
10387,11.05763
10408,11.15381
10429,11.1327
10450,11.21245
10471,11.13035
10492,11.00368
10513,11.01072
10534,11.01072
10555,10.94035
10576,10.97319
10597,10.98492
10618,11.03887
10639,10.94504
10660,10.86059
10681,10.62602
10702,10.74331
10723,10.64713
10744,10.5533
10765,10.61429
10786,10.55096
10807,10.39614
10828,10.44305
10849,10.2812
10870,10.19675
10891,10.25305
10912,10.2507
10933,10.23194
10954,10.08416
10975,10.05601
10996,10.00909
11017,9.894152
11038,9.962177
11059,9.971561
11080,9.952795
11101,9.868348
11122,9.882422
11143,9.894152
11164,9.844892
11185,9.74637
11206,10.00909
11227,9.713531
11248,9.584516
11269,9.720568
11290,9.61501
11311,9.638468
11332,9.514144
11353,9.483649
11374,9.589207
11395,9.504761
11416,9.539948
11437,9.518835
11458,9.612664
11479,9.619701
11500,9.514144
11521,9.504761
11542,9.446118
11563,9.514144
11584,9.476612
11606,9.403895
11627,9.432044
11648,9.429698
11669,9.420315
11690,9.446118
11711,9.462538
11732,9.310066
11753,9.267843
11774,9.401549
11795,9.25846
11816,9.211545
11837,9.319448
11858,9.223273
11879,9.24204
11900,9.213891
11921,9.260805
11942,9.220928
11963,9.117716
11984,9.183396
12005,9.176359
12026,9.096604
12047,9.216236
12068,9.110679
12089,9.059073
12110,8.993393
12131,9.15994
12152,9.267843
12173,9.164631
12194,9.134136
12215,9.188088
12236,9.101295
12257,9.174014
12278,9.181051
12299,9.117716
12320,9.122408
12341,9.202163
12362,9.24204
12383,9.211545
12404,9.202163
12425,9.136482
12446,9.143519
12467,9.141173
12488,9.162285
12509,9.148211
12530,9.19278
12551,9.122408
12572,9.225619
12593,9.206854
12614,9.122408
12635,8.981664
12656,9.052036
12677,9.162285
12698,9.246731
12719,9.105988
12740,9.012158
12761,9.052036
12782,9.127099
12803,9.08253
12824,9.141173
12845,9.087222
12866,9.105988
12887,9.063765
12908,9.185742
12929,9.24204
12950,9.204508
12971,9.124753
12992,9.150557
13013,9.251423
13034,9.345251
13055,9.284263
13076,9.152903
13097,9.227965
13118,9.223273
13139,9.312411
13160,9.422661
13181,9.326486
13202,9.420315
13223,9.446118
13244,9.439081
13265,9.326486
13286,9.448463
13307,9.572787
13328,9.657233
13349,9.64785
13370,9.657233
13391,9.570441
13412,9.605627
13433,9.603281
13454,9.713531
13475,9.650196
13496,9.671308
13517,9.736988
13538,9.816743
13559,9.828471
13580,9.816743
13601,9.736988
13622,9.819089
13643,9.861312
13664,9.858966
13685,9.952795
13706,9.964523
13727,9.90588
13748,10.08885
13769,10.04897
13790,9.992672
13811,10.16156
13832,9.978598
13853,9.978598
13874,10.10996
13895,9.948103
13916,9.898843
13937,10.10761
13958,10.10996
13979,10.307
14000,10.53453
14021,10.40317
14042,10.32107
14063,10.58614
14084,10.59552
14105,10.41959
14126,10.51577
14147,10.58145
14168,10.71985
14189,10.73627
14210,10.90985
14231,10.82541
14252,10.90281
14273,10.73158
14295,10.77145
14316,10.77145
14337,10.67528
14358,10.83479
14379,10.96615
14400,10.99195
14421,10.94504
14442,10.92862
14463,10.88874
14484,10.87936
14505,10.95207
14526,10.99664
14547,10.97553
14568,10.9943
14589,11.04356
14610,10.99899
14631,10.93565
14652,11.01306
14673,11.05529
14694,10.9943
14715,11.17961
14736,11.09985
14757,11.11393
14778,11.10689
14799,11.06701
14820,11.01306
14841,11.09282
14862,11.15381
14883,10.86997
14904,10.91454
14925,10.76676
14946,10.65886
14967,10.54861
14988,10.30465
15009,10.26478
15030,10.28823
15051,10.24366
15072,10.13576
15093,10.18033
15114,10.11934
15135,10.02317
15156,10.07946
15177,10.06773
15198,10.09119
15219,10.12403
15240,10.00206
15261,9.985635
15282,9.919954
15303,9.952795
15324,9.929338
15345,9.98329
15366,9.962177
15387,9.889461
15408,9.683037
15429,9.636122
15450,9.718222
15471,9.678345
15492,9.528218
15513,9.507107
15534,9.427352
15555,9.441426
15576,9.495378
15597,9.481303
15618,9.439081
15639,9.485995
15660,9.335869
15681,9.27488
15702,9.399203
15723,9.361671
15744,9.260805
15765,9.253768
15786,9.319448
15807,9.246731
15828,9.267843
15849,9.251423
15870,9.246731
15891,9.152903
15912,9.15994
15933,9.157594
15954,9.037962
15975,9.199817
15996,9.143519
16017,9.103642
16038,9.091913
16059,9.13179
16080,9.138828
16101,9.127099
16122,9.070802
16143,8.967589
16164,9.012158
16185,8.998084
16206,8.981664
16227,9.028579
16248,9.059073
16269,9.08253
16290,9.136482
16311,9.120062
16332,9.04969
16353,9.15994
16374,9.246731
16395,9.199817
16416,9.157594
16437,9.127099
16458,9.120062
16479,9.115371
16500,9.141173
16521,9.225619
16542,9.150557
16563,8.969935
16584,9.023888
16605,9.08253
16626,8.988701
16647,8.894873
16668,8.930058
16689,8.953515
16710,8.904256
16731,8.932404
16752,8.845612
16773,8.95117
16794,8.98401
16815,8.972281
16836,8.939441
16857,8.890181
16878,8.925366
16899,9.009813
16920,8.960552
16941,8.878452
16962,9.005121
16983,9.030925
17004,9.061419
17025,8.913638
17046,8.906601
17067,8.93475
17088,8.927712
17109,8.98401
17130,9.075493
17151,9.101295
17172,9.066111
17193,9.026234
17214,8.98401
17235,9.157594
17256,9.134136
17277,9.204508
17298,9.244386
17319,9.293646
17340,9.199817
17361,9.235003
17382,9.288955
17403,9.310066
17424,9.385129
17445,9.25846
17466,9.23031
17487,9.375746
17508,9.528218
17529,9.528218
17550,9.382783
17571,9.425007
17592,9.413278
17613,9.64785
17634,9.734642
17655,9.739333
17676,9.652542
17697,9.718222
17718,9.74637
17739,9.788594
17760,9.866002
17781,9.882422
17802,9.950449
17823,10.08885
17844,10.05601
17865,10.14514
17886,10.14045
17907,10.10292
17928,10.24836
17949,10.16156
17970,10.17329
17991,10.41256
18012,10.46885
18033,10.42429
18054,10.56738
18075,10.56268
18096,10.53453
18117,10.71281
18138,10.75503
18159,10.81133
18180,10.64478
18201,10.54392
18222,10.61664
18243,10.67059
18264,10.64947
18285,10.70812
18306,10.74565
18327,10.6917
18348,10.52046
18369,10.63071
18390,10.72454
18411,10.71985
18432,10.81368
18453,10.81368
18474,10.83948
18495,10.86997
18516,10.90516
18537,10.90516
18558,10.88639
18579,10.89812
18600,10.96615
18621,11.00368
18642,10.99899
18663,11.04356
18684,11.00837
18705,10.95911
18726,11.10689
18747,11.14442
18768,10.98726
18789,11.03887
18810,11.03887
18831,10.86997
18852,10.80664
18873,10.75269
18894,10.70812
18915,10.64244
18936,10.56503
18957,10.53219
18978,10.3891
18999,10.17798
19020,10.07243
19041,10.10761
19062,10.18737
19083,10.03255
19104,10.00909
19125,10.02786
19146,10.06305
19167,10.01378
19188,10.05366
19209,9.997364
19230,9.955141
19251,9.999709
19272,10.05366
19293,9.934029
19314,9.894152
19335,9.821435
19356,9.868348
19377,9.931683
19398,9.924646
19419,9.821435
19440,9.624393
19461,9.657233
19482,9.584516
19503,9.439081
19524,9.542293
19545,9.392166
19566,9.314757
19587,9.279572
19608,9.371055
19629,9.342906
19651,9.27488
19673,9.2913
19694,9.260805
19715,9.239694
19736,9.281918
19757,9.216236
19778,9.2913
19799,9.223273
19820,9.124753
19841,9.272534
19862,9.190434
19883,9.066111
19904,9.183396
19925,9.251423
19946,9.13179
19967,9.136482
19988,9.202163
20009,9.181051
20030,9.09895
20051,9.073148
20072,9.136482
20093,8.972281
20114,9.066111
20135,8.958207
20156,8.890181
20177,8.822155
20198,8.850304
20219,8.923021
20240,8.812772
20261,8.850304
20282,8.796351
20303,8.873761
20324,8.925366
20345,8.798697
20366,8.850304
20387,8.864378
20408,9.035616
20429,9.075493
20450,9.169322
20471,9.04969
20492,8.958207
20513,8.93475
20534,8.95117
20555,8.798697
20576,8.761166
20597,8.775241
20618,8.786969
20639,8.737708
20660,8.449184
20681,8.538322
20702,8.472641
20723,8.575853
20744,8.53363
20765,8.526593
20786,8.458567
20807,8.53363
20828,8.629806
20849,8.664991
20870,8.711905
20891,8.575853
20912,8.507828
20933,8.686103
20954,8.737708
20975,8.662645
20996,8.709559
21017,8.606348
21038,8.718943
21059,8.763512
21080,8.826846
21101,8.897219
21122,8.890181
21143,8.869069
21164,8.831537
21185,8.960552
21206,9.068456
21227,9.007467
21248,8.925366
21269,9.197471
21290,9.204508
21311,9.216236
21332,9.157594
21353,9.204508
21374,9.281918
21395,9.197471
21416,9.141173
21437,9.263151
21458,9.249077
21479,9.385129
21500,9.403895
21521,9.410933
21542,9.432044
21563,9.528218
21584,9.589207
21605,9.64785
21626,9.704147
21647,9.687728
21668,9.725259
21689,9.941067
21710,9.840199
21731,9.959831
21752,9.929338
21773,10.01144
21794,10.10058
21815,10.07712
21836,10.07946
21857,10.17564
21878,10.07243
21899,10.01378
21920,10.19675
21941,10.1428
21962,10.25774
21983,10.32107
22004,10.36095
22025,10.51342
22046,10.36095
22067,10.42663
22088,10.64947
22109,10.67528
22130,10.66121
22151,10.69874
22172,10.70577
22193,10.60256
22214,10.48058
22235,10.47824
22256,10.39614
22277,10.22255
22298,10.17564
22319,10.16156
22340,10.26712
22361,10.2765
22382,10.28589
22403,10.34219
22424,10.35391
22445,10.40083
22466,10.43367
22487,10.43601
22508,10.53923
22529,10.5533
22550,10.59083
22571,10.5275
22592,10.48997
22613,10.56268
22634,10.59787
22655,10.56972
22676,10.66824
22697,10.64009
22718,10.62602
22739,10.71046
22760,10.80195
22781,10.72219
22802,10.68232
22823,10.74331
22844,10.68935
22865,10.71516
22886,10.64478
22907,10.49231
22928,10.33515
22949,10.04193
22970,9.894152
22991,9.924646
23012,9.999709
23033,9.837853
23054,9.786248
23075,9.744025
23096,9.767483
23117,9.619701
23138,9.685382
23159,9.741679
23180,9.66427
23201,9.692419
23222,9.765137
23243,9.626739
23264,9.676
23285,9.683037
23306,9.809706
23327,9.741679
23348,9.589207
23369,9.596244
23390,9.50007
23411,9.448463
23432,9.467229
23453,9.305374
23474,9.251423
23495,9.178705
23516,9.141173
23537,9.218582
23558,9.202163
23579,9.143519
23600,9.026234
23621,8.979319
23642,8.899564
23663,9.005121
23684,9.056727
23705,9.026234
23726,8.988701
23747,9.08253
23768,9.2092
23789,9.122408
23810,9.070802
23831,9.063765
23852,9.152903
23873,9.185742
23894,9.080185
23915,8.974627
23936,8.986356
23957,9.01685
23978,8.923021
23999,8.988701
24020,8.965244
24041,8.892527
24062,8.915984
24083,8.894873
24104,8.782278
24125,8.761166
24146,8.728326
24167,8.604002
24188,8.636843
24209,8.550051
24230,8.437455
24251,8.460913
24272,8.404615
24293,8.317823
24314,8.416345
24335,8.449184
24356,8.364738
24377,8.531285
24398,8.672029
24419,8.672029
24440,8.557088
24461,8.664991
24482,8.679066
24503,8.69314
24524,8.589928
24545,8.519556
24566,8.437455
24587,8.202883
24608,8.268563
24629,8.270909
24650,8.106709
24671,8.148932
24693,8.155969
24714,8.005842
24735,7.965965
24756,7.933125
24777,8.010533
24798,8.003496
24819,7.994113
24840,8.066831
24861,8.1935
24882,8.205229
24903,8.315477
24924,8.446838
24945,8.320169
24966,8.573507
24987,8.545359
25008,8.596965
25029,8.709559
25050,8.733017
25071,8.737708
25092,8.845612
25113,8.517211
25134,8.8245
25155,8.887836
25176,9.042653
25197,9.265497
25218,9.227965
25239,9.34056
25260,9.387475
25281,9.331178
25302,9.185742
25323,9.298337
25344,9.361671
25365,9.511798
25386,9.917608
25407,9.446118
25428,9.66427
25449,9.833163
25470,9.924646
25491,10.13107
25512,9.687728
25533,9.847238
25554,9.741679
25575,9.910572
25596,10.1123
25617,10.02082
25638,10.02786
25659,10.06539
25680,10.07477
25701,10.08416
25722,10.21786
25743,10.32342
25764,10.40083
25785,10.41021
25806,10.37972
25827,10.31169
25848,10.44774
25869,10.45478
25890,10.35157
25911,10.41725
25932,10.37503
25953,10.6096
25974,10.58849
25995,10.72454
26016,10.7738
26037,10.81837
26058,10.99899
26079,11.07171
26100,11.17023
26121,11.2664
26142,11.0764
26163,10.98492
26184,10.82071
26205,10.76442
26226,10.57676
26247,10.56034
26268,10.44071
26289,10.4149
26310,10.21083
26331,10.13342
26352,10.13107
26373,10.02317
26394,10.19675
26415,10.117
26436,10.22725
26457,10.26712
26478,10.19441
26499,10.26478
26520,10.33749
26541,10.33046
26562,10.39848
26583,10.39145
26604,10.42663
26625,10.3328
26646,10.3633
26667,10.34453
26688,10.20613
26709,10.18268
26730,10.28354
26751,10.2812
26772,10.38675
26793,10.07712
26814,9.978598
26835,10.07477
26856,9.964523
26877,9.781557
26898,9.819089
26919,9.666616
26940,9.483649
26961,9.347597
26982,9.324141
27003,9.331178
27024,9.328832
27045,9.23031
27066,9.155248
27087,9.101295
27108,8.953515
27129,8.927712
27150,9.042653
27171,9.002776
27192,8.979319
27213,8.930058
27234,9.00043
27255,9.122408
27276,9.101295
27297,9.070802
27318,9.244386
27339,9.218582
27360,9.089567
27381,9.249077
27402,9.366363
27423,9.24204
27444,9.225619
27465,9.354634
27486,9.235003
27507,9.256114
27528,9.34056
27549,9.298337
27570,9.223273
27591,9.349943
27612,9.310066
27633,9.331178
27654,9.30772
27675,9.265497
27696,9.338214
27717,9.300683
27738,9.312411
27759,9.267843
27780,9.34056
27801,9.141173
27822,9.066111
27843,9.113025
27864,9.138828
27885,8.969935
27906,8.925366
27927,8.930058
27948,8.862032
27969,8.733017
27990,8.702522
28011,8.700177
28032,8.7424
28053,8.72598
28074,8.777586
28095,8.72598
28116,8.667336
28137,8.826846
28158,8.852649
28179,8.737708
28200,8.655608
28221,8.681411
28242,8.653263
28263,8.6603
28284,8.56647
28305,8.611039
28326,8.613385
28347,8.667336
28368,8.772895
28389,8.648571
28410,8.763512
28431,8.79166
28452,8.782278
28473,8.796351
28494,8.756474
28515,8.801044
28536,8.817463
28557,8.733017
28578,8.733017
28599,8.517211
28620,8.43511
28641,8.672029
28662,8.620422
28683,8.449184
28704,8.409307
28725,8.425727
28746,8.432764
28767,8.507828
28788,8.45153
28809,8.554742
28830,8.702522
28851,8.646226
28872,8.777586
28893,8.857341
28914,9.021542
28935,9.056727
28956,9.108333
28977,9.113025
28998,9.270188
29019,9.272534
29040,9.385129
29061,9.401549
29082,9.511798
29103,9.638468
29124,9.586862
29145,9.762791
29166,9.783903
29187,9.847238
29208,9.823779
29229,9.690074
29250,9.755754
29271,9.66427
29292,9.779211
29313,9.828471
29334,9.80736
29355,9.736988
29376,9.678345
29397,9.736988
29418,9.891806
29439,9.842546
29460,9.98329
29481,9.788594
29502,10.10292
29523,9.858966
29544,9.959831
29565,10.01378
29586,9.98329
29607,10.04428
29628,10.08181
29649,9.990326
29670,10.18268
29691,10.15218
29712,10.36564
29733,10.36799
29754,10.36095
29775,10.37972
29796,10.52046
29817,10.43132
29838,10.45947
29859,10.51108
29880,10.43601
29901,10.48762
29922,10.66355
29943,10.48997
29964,10.70343
29985,10.75269
30006,10.64713
30027,10.70812
30048,10.82306
30069,10.97319
30090,11.10924
30111,11.1843
30132,11.08578
30153,11.03887
30174,11.05763
30195,11.03183
30216,10.89109
30237,11.01306
30258,10.89343
30279,10.87701
30300,10.61664
30321,10.51342
30342,10.46885
30363,10.48528
30384,10.60725
30407,10.54861
30429,10.39379
30450,10.38441
30471,10.51342
30492,10.42194
30513,10.41725
30534,10.50873
30555,10.62367
30576,10.56268
30597,10.59787
30618,10.73392
30639,10.58145
30660,10.34922
30681,10.40317
30702,10.48762
30723,10.48528
30744,10.49231
30765,10.46182
30786,10.41021
30807,10.2765
30828,10.11465
30849,10.17564
30870,10.33749
30891,9.98798
30912,9.903535
30933,9.875386
30954,9.835509
30975,9.739333
30996,9.659579
31017,9.603281
31038,9.485995
31059,9.535255
31080,9.542293
31101,9.326486
31122,9.220928
31143,9.190434
31164,9.122408
31185,9.059073
31206,9.040307
31227,9.227965
31249,9.178705
31270,9.113025
31291,9.27488
31312,9.178705
31333,9.157594
31354,9.204508
31375,9.352288
31396,9.328832
31417,9.310066
31438,9.298337
31459,9.375746
31480,9.361671
31501,9.347597
31522,9.443772
31543,9.331178
31564,9.368709
31585,9.321795
31606,9.385129
31627,9.342906
31648,9.392166
31669,9.478958
31690,9.361671
31711,9.371055
31732,9.382783
31753,9.511798
31774,9.579824
31795,9.450809
31816,9.368709
31837,9.380438
31858,9.375746
31879,9.260805
31900,9.24204
31921,9.263151
31942,9.197471
31963,9.206854
31984,9.08253
32005,9.120062
32026,9.04969
32047,9.03327
32068,9.012158
32089,8.930058
32110,8.927712
32131,8.857341
32152,8.871415
32173,8.953515
32194,8.862032
32215,8.775241
32236,8.826846
32257,8.845612
32278,8.765858
32299,8.847958
32320,8.808081
32341,8.789314
32362,8.815118
32383,8.747091
32404,8.721289
32425,8.812772
32446,8.850304
32467,8.84092
32488,8.862032
32509,8.740054
32530,8.702522
32551,8.737708
32572,8.737708
32593,8.723634
32614,8.754128
32635,8.681411
32656,8.702522
32677,8.512519
32698,8.463259
32719,8.496099
32740,8.686103
32761,8.498445
32782,8.538322
32803,8.72598
32824,8.775241
32845,8.7424
32866,8.878452
32887,8.871415
32908,9.042653
32929,9.178705
32950,9.23031
32971,9.387475
32992,9.408587
33013,9.556367
33034,9.610318
33055,9.7581
33076,9.708839
33097,9.795631
33118,9.833163
33139,9.809706
33160,9.9223
33181,9.851928
33202,9.772174
33223,9.861312
33244,10.02317
33265,10.12169
33286,10.04428
33307,9.938721
33328,9.948103
33349,10.02082
33370,10.03959
33391,10.18971
33412,10.07712
33433,9.992672
33454,9.955141
33475,9.964523
33496,10.07477
33517,10.05835
33538,10.0044
33559,9.980944
33580,10.13342
33601,9.978598
33622,9.985635
33643,10.02551
33664,9.978598
33685,10.08416
33706,10.0607
33727,10.13107
33748,10.16626
33769,10.13811
33790,10.29058
33811,10.33749
33832,10.28589
33853,10.33515
33874,10.40787
33895,10.50169
33916,10.51108
33937,10.64713
33958,10.67762
33979,10.72923
34000,10.8301
34021,10.84183
34042,10.938
34063,10.90751
34084,11.06936
34105,11.09985
34126,11.10924
34147,11.04356
34168,11.0506
34189,11.30159
34210,11.23591
34231,11.08578
34252,11.04356
34273,11.15146
34294,11.09282
34315,11.12566
34336,10.98726
34357,10.98961
34378,11.01541
34399,10.92158
34420,10.79491
34441,10.79491
34462,10.87467
34483,10.90047
34504,10.72923
34525,10.72454
34546,10.69874
34567,10.63071
34588,10.72219
34609,10.71516
34630,10.74331
34651,10.63306
34672,10.66355
34693,10.56268
34714,10.748
34735,10.60022
34756,10.50639
34777,10.45009
34798,10.39614
34819,10.36564
34840,10.29996
34861,10.26008
34882,10.24366
34903,10.13342
34924,10.0302
34945,10.02786
34966,9.938721
34987,9.950449
35008,9.931683
35029,9.90588
35050,9.812052
35071,9.826125
35092,9.718222
35113,9.683037
35134,9.734642
35155,9.537601
35176,9.457847
35197,9.509453
35218,9.502416
35239,9.460192
35260,9.410933
35281,9.359325
35302,9.38982
35323,9.392166
35344,9.432044
35365,9.345251
35386,9.380438
35407,9.457847
35428,9.375746
35449,9.464884
35470,9.497724
35491,9.415624
35512,9.410933
35533,9.530564
35554,9.460192
35575,9.41797
35596,9.427352
35617,9.521181
35638,9.575133
35659,9.535255
35680,9.471921
35701,9.56575
35722,9.495378
35743,9.342906
35764,9.380438
35785,9.570441
35806,9.56575
35827,9.415624
35848,9.371055
35869,9.434389
35890,9.347597
35911,9.462538
35932,9.457847
35953,9.448463
35974,9.324141
35995,9.24204
36016,9.206854
36037,9.24204
36058,9.211545
36079,9.197471
36100,9.077839
36121,9.091913
36142,9.120062
36163,9.148211
36184,9.134136
36205,9.108333
36226,9.056727
36247,9.040307
36268,9.007467
36289,9.007467
36310,8.976973
36331,9.014504
36352,9.00043
36373,9.059073
36394,8.986356
36415,8.974627
36436,8.998084
36457,9.026234
36478,9.014504
36499,8.908947
36520,8.866723
36541,8.904256
36562,8.960552
36583,8.894873
36604,8.805735
36625,8.838574
36646,8.758821
36667,8.98401
36688,9.007467
36709,8.913638
36730,8.740054
36751,8.782278
36772,8.899564
36793,8.777586
36814,8.822155
36835,8.796351
36856,8.953515
36877,9.026234
36898,9.009813
36919,9.002776
36940,9.080185
36961,9.068456
36982,9.005121
37003,9.127099
37024,9.272534
37045,9.401549
37066,9.310066
37087,9.38982
37108,9.401549
37129,9.556367
37150,9.652542
37171,9.589207
37192,10.25539
37213,9.64785
37234,9.748716
37255,10.03959
37276,9.870694
37297,9.776865
37318,9.786248
37339,9.830817
37360,9.945757
37381,9.847238
37402,9.715877
37423,9.570441
37444,9.645505
37465,9.687728
37486,9.781557
37507,9.783903
37528,9.891806
37549,9.809706
37570,9.917608
37591,10.03489
37612,10.15218
37633,10.117
37654,10.15687
37675,10.18502
37696,10.26712
37717,10.26008
37738,10.41256
37759,10.38675
37780,10.49466
37801,10.46416
37822,10.48293
37843,10.41959
37864,10.62133
37885,10.6096
37906,10.63306
37927,10.60491
37948,10.48997
37969,10.50404
37990,10.47589
38011,10.6096
38032,10.55799
38053,10.60491
38074,10.60022
38095,10.59787
38116,10.66121
38137,10.59083
38158,10.60491
38179,10.62602
38200,10.67762
38221,10.79256
38242,10.78318
38263,10.77849
38284,10.68466
38305,10.58614
38326,10.70577
38347,10.7996
38368,10.69874
38389,10.71985
38410,10.66121
38431,10.61429
38452,10.59318
38473,10.60022
38494,10.64009
38515,10.62367
38536,10.57441
38557,10.56972
38578,10.52984
38599,10.59552
38620,10.67997
38641,10.6917
38662,10.63306
38683,10.55565
38704,10.53688
38725,10.60491
38746,10.88639
38767,10.70343
38788,10.63071
38809,10.6096
38830,10.65651
38851,10.55096
38872,10.65182
38893,10.67528
38914,10.66355
38935,10.497
38956,10.38675
38977,10.48293
38998,10.50169
39019,10.4712
39040,10.3633
39061,10.20144
39082,10.25305
39103,10.25539
39124,10.21552
39145,10.17329
39166,10.01613
39187,10.03255
39208,9.992672
39229,9.882422
39250,9.969215
39271,9.938721
39292,9.87304
39313,9.80736
39334,9.87304
39355,9.898843
39376,9.85662
39397,9.800323
39418,9.661925
39439,9.786248
39460,9.671308
39481,9.732296
39502,9.685382
39523,9.558713
39544,9.645505
39565,9.701802
39586,9.589207
39607,9.507107
39628,9.661925
39649,9.542293
39670,9.495378
39691,9.50007
39712,9.551676
39733,9.471921
39754,9.469575
39775,9.530564
39796,9.469575
39817,9.410933
39838,9.509453
39859,9.392166
39880,9.382783
39901,9.260805
39922,9.35698
39943,9.495378
39964,9.385129
39985,9.319448
40006,9.317103
40027,9.232656
40048,9.310066
40069,9.223273
40090,9.303029
40111,9.27488
40132,9.185742
40153,9.246731
40174,9.23031
40195,9.216236
40216,9.094258
40237,9.143519
40258,9.2092
40279,9.044999
40300,9.124753
40321,9.03327
40342,9.056727
40363,9.021542
40384,8.993393
40405,9.019196
40426,8.993393
40447,8.869069
40468,8.904256
40489,8.885489
40510,8.974627
40531,8.857341
40552,8.836229
40573,8.744746
40594,8.803389
40615,8.709559
40636,8.704868
40657,8.702522
40678,8.613385
40699,8.6603
40720,8.862032
40741,8.669683
40762,8.756474
40783,8.690794
40804,8.554742
40825,8.674374
40846,8.772895
40867,8.728326
40888,8.632151
40909,8.754128
40930,8.620422
40951,8.662645
40972,8.550051
40993,8.751783
41014,8.735363
41035,8.690794
41056,8.829192
41077,8.79166
41098,8.866723
41119,8.913638
41140,9.054381
41161,9.00043
41182,9.077839
41203,9.195126
41224,9.25846
41245,9.359325
41266,9.317103
41287,9.40624
41308,9.556367
41329,9.708839
41350,9.673654
41371,9.603281
41392,9.575133
41413,9.53291
41434,9.837853
41455,9.912917
41476,9.917608
41497,9.898843
41518,9.889461
41539,9.90588
41560,10.10058
41581,10.07243
41602,10.2812
41623,10.17095
41644,9.980944
41665,10.02317
41686,10.20848
41707,10.22725
41728,10.37268
41749,10.39848
41770,10.52046
41791,10.53923
41812,10.54861
41833,10.63775
41854,10.81133
41875,10.84183
41896,10.7738
41917,10.80195
41938,10.89578
41959,10.83948
41980,10.99664
42001,11.18665
42022,11.06701
42043,11.16319
42064,11.17257
42085,11.24295
42106,11.29455
42127,11.21714
42148,11.28282
42169,11.32974
42190,11.3485
42211,11.34146
42232,11.36727
42253,11.36727
42274,11.38603
42295,11.39307
42316,11.40715
42337,11.33208
42358,11.39542
42379,11.29924
42400,11.35319
42421,11.1585
42442,11.24529
42463,11.24295
42484,11.22652
42505,11.128
42526,11.10689
42547,10.86059
42568,10.87701
42589,10.78787
42610,10.80899
42631,10.70343
42652,10.74331
42673,10.63306
42694,10.55096
42715,10.6354
42736,10.52984
42757,10.38441
42778,10.3891
42799,10.34219
42820,10.3328
42841,10.34219
42862,10.35391
42883,10.13811
42904,10.17095
42925,10.21786
42946,10.17329
42967,10.16156
42988,10.04897
43009,9.973906
43030,10.03959
43051,9.926992
43072,9.760445
43093,9.847238
43114,9.833163
43135,9.671308
43156,9.678345
43177,9.556367
43198,9.507107
43219,9.509453
43240,9.401549
43261,9.392166
43282,9.528218
43303,9.401549
43324,9.359325
43345,9.450809
43366,9.347597
43387,9.295992
43408,9.523527
43429,9.368709
43450,9.359325
43471,9.373401
43492,9.399203
43513,9.35698
43534,9.251423
43555,9.171668
43576,9.256114
43597,9.2092
43618,9.145865
43639,9.075493
43660,9.014504
43681,9.01685
43702,9.019196
43723,8.894873
43744,8.939441
43765,8.883143
43786,8.887836
43807,8.852649
43828,8.810426
43849,8.873761
43870,8.756474
43891,8.815118
43912,8.779932
43933,8.90191
43954,8.836229
43975,8.777586
43996,8.862032
44017,8.756474
44038,8.7424
44059,8.747091
44080,8.744746
44101,8.650917
44122,8.709559
44143,8.604002
44164,8.493753
44185,8.45153
44206,8.437455
44227,8.550051
44248,8.531285
44269,8.561779
44290,8.568816
44311,8.510174
44332,8.589928
44353,8.505482
44374,8.636843
44395,8.756474
44416,8.768204
44437,8.784623
44458,8.84092
44479,8.744746
44500,8.904256
44521,8.991047
44542,8.932404
44563,8.948824
44584,9.150557
44605,9.197471
44626,9.199817
44647,9.103642
44668,9.157594
44689,9.345251
44710,9.371055
44731,9.218582
44752,9.40624
44773,9.51649
44794,9.624393
44815,9.48834
44836,9.467229
44857,9.568096
44878,9.605627
44899,9.751062
44920,9.776865
44941,9.643159
44962,9.603281
44983,9.626739
45004,9.760445
45025,9.793285
45046,9.842546
45067,9.866002
45088,9.948103
45109,9.985635
45130,10.17564
45151,10.11465
45172,10.07008
45193,10.07477
45214,10.12169
45235,10.21317
45256,10.23663
45277,10.15922
45298,10.14749
45319,10.16626
45340,10.26478
45361,10.26243
45382,10.31169
45403,10.41021
45424,10.20613
45445,10.26478
45466,10.40552
45487,10.3633
45508,10.35157
45529,10.37033
45550,10.51811
45571,10.47589
45592,10.59552
45613,10.52984
45634,10.64478
45655,10.67528
45676,10.65182
45697,10.73158
45718,10.76676
45739,10.748
45760,10.73861
45781,10.76442
45802,10.70108
45823,10.73158
45844,10.83713
45865,10.81837
45886,10.81602
45907,10.72923
45928,10.75972
45949,10.68466
45970,10.66824
45991,10.75503
46012,10.89578
46033,10.95442
46054,10.93331
46075,10.89343
46096,10.91689
46117,10.90281
46138,10.94269
46159,10.92393
46180,10.95207
46201,10.91923
46222,10.86763
46243,10.9638
46264,11.00603
46285,10.8559
46306,10.87701
46327,10.76442
46348,10.68232
46369,10.64713
46390,10.62367
46411,10.56503
46432,10.45244
46453,10.38206
46474,10.41021
46495,10.31169
46516,10.12638
46537,10.2507
46558,10.15922
46579,10.20144
46600,10.09119
46621,10.08181
46642,10.05601
46663,9.90588
46684,9.854274
46705,9.887115
46726,9.910572
46747,9.959831
46768,9.98329
46789,9.985635
46810,10.01848
46831,9.997364
46852,9.950449
46873,10.03489
46894,10.04897
46915,9.948103
46936,9.952795
46957,9.875386
46978,9.851928
46999,9.786248
47020,9.783903
47041,9.727605
47062,9.739333
47083,9.715877
47104,9.685382
47125,9.626739
47146,9.633776
47167,9.701802
47188,9.629085
47209,9.523527
47230,9.607973
47251,9.561059
47272,9.514144
47293,9.668962
47314,9.643159
47335,9.450809
47356,9.293646
47377,9.401549
47398,9.507107
47419,9.41797
47440,9.286609
47461,9.40624
47482,9.227965
47503,9.164631
47524,9.211545
47545,9.105988
47566,9.084876
47587,9.087222
47608,8.95117
47629,8.941787
47650,8.95117
47671,8.873761
47692,8.962898
47713,8.955861
47734,8.890181
47755,8.831537
47776,8.751783
47797,8.796351
47818,8.770549
47839,8.723634
47860,8.707214
47881,8.650917
47902,8.702522
47923,8.789314
47944,8.704868
47965,8.669683
47986,8.686103
48007,8.866723
48028,8.718943
48049,8.72598
48070,8.545359
48091,8.686103
48112,8.669683
48133,8.733017
48154,8.608693
48175,8.622768
48196,8.688448
48217,8.735363
48238,8.606348
48259,8.664991
48280,8.662645
48301,8.636843
48322,8.592274
48343,8.582891
48364,8.571162
48385,8.674374
48406,8.707214
48427,8.894873
48448,9.129445
48469,9.127099
48490,9.094258
48511,9.148211
48532,9.467229
48553,9.511798
48574,9.48834
48595,9.478958
48616,9.640813
48637,9.59859
48658,9.85662
48679,9.342906
48700,9.392166
48721,9.74637
48742,9.680691
48763,9.51649
48784,9.483649
48805,9.61501
48826,9.919954
48847,9.779211
48868,9.854274
48889,9.657233
48910,9.612664
48931,9.800323
48952,9.79094
48973,9.870694
48994,9.699456
49015,9.943413
49036,9.870694
49057,10.14514
49078,10.10761
49099,10.19206
49120,10.09588
49141,10.117
49162,10.27416
49183,10.21552
49204,10.2812
49225,10.2812
49246,10.31404
49267,10.35157
49288,10.33749
49309,10.42663
49330,10.51108
49351,10.51108
49372,10.58145
49393,10.72454
49414,10.57441
49435,10.59083
49456,10.63306
49477,10.76442
49498,10.75503
49519,10.81133
49540,10.92627
49561,10.85824
49582,10.748
49603,10.78787
49624,10.88639
49645,11.04825
49666,10.95677
49687,10.82306
49708,10.76207
49729,10.81602
49750,10.82541
49771,10.86059
49792,10.77849
49813,10.79022
49834,10.70812
49855,10.64947
49876,10.71046
49897,10.73392
49918,10.83244
49939,10.68232
49960,10.69404
49981,10.62602
50002,10.62602
50023,10.6354
50044,10.61898
50065,10.65651
50086,10.65886
50107,10.58614
50128,10.59318
50149,10.58145
50170,10.56268
50191,10.50404
50212,10.44774
50233,10.46651
50254,10.51577
50275,10.53688
50296,10.51577
50317,10.3891
50338,10.42194
50359,10.36095
50380,10.43132
50401,10.3891
50422,10.46651
50443,10.38441
50464,10.3328
50485,10.28823
50506,10.3891
50527,10.27885
50548,10.22255
50569,10.26947
50590,10.23897
50611,10.19675
50632,10.19675
50653,10.34688
50674,10.19206
50695,10.15218
50716,10.23897
50737,10.22725
50758,10.16156
50779,10.21317
50800,10.21786
50821,10.1123
50842,10.09823
50863,10.18971
50884,10.18268
50905,10.10761
50926,10.15687
50947,10.07712
50968,9.964523
50989,9.797977
51010,9.814397
51031,9.786248
51052,9.718222
51073,9.657233
51094,9.734642
51115,9.685382
51136,9.624393
51157,9.629085
51178,9.687728
51199,9.650196
51220,9.523527
51241,9.661925
51262,9.624393
51283,9.544639
51304,9.518835
51325,9.439081
51346,9.478958
51367,9.413278
51388,9.403895
51409,9.361671
51430,9.457847
51451,9.396858
51472,9.249077
51493,9.326486
51514,9.300683
51535,9.256114
51556,9.249077
51577,9.199817
51598,9.263151
51619,9.127099
51640,9.176359
51661,9.056727
51682,9.155248
51703,9.09895
51724,9.077839
51745,9.181051
51766,9.009813
51787,8.927712
51808,9.052036
51829,9.075493
51850,8.981664
51871,8.906601
51892,8.918329
51916,9.030925
51941,9.01685
51962,8.915984
51983,8.885489
52004,8.869069
52025,8.873761
52046,8.803389
52067,8.850304
52088,8.894873
52109,8.751783
52130,8.737708
52151,8.847958
52172,8.95117
52193,8.878452
52214,8.777586
52235,8.702522
52256,8.894873
52277,8.962898
52298,8.864378
52319,8.714252
52340,8.803389
52361,8.887836
52382,8.948824
52403,8.972281
52424,8.899564
52445,8.801044
52466,8.756474
52487,9.005121
52508,8.939441
52529,8.965244
52550,8.864378
52571,9.037962
52592,9.155248
52613,9.183396
52634,9.044999
52655,9.129445
52676,9.174014
52697,9.286609
52718,9.19278
52739,9.239694
52760,9.345251
52781,9.50007
52802,9.403895
52823,9.471921
52844,9.514144
52865,9.514144
52886,9.645505
52907,9.795631
52928,9.884768
52949,9.854274
52970,9.833163
52991,9.896498
53012,9.840199
53033,10.08885
53054,10.17329
53075,10.19206
53096,10.05132
53117,10.03255
53138,10.14045
53159,10.27885
53180,10.1991
53201,10.04897
53222,10.10058
53243,10.17329
53264,10.31169
53285,10.26478
53306,10.31404
53327,10.18737
53348,10.23428
53369,10.24836
53390,10.1686
53411,10.24132
53432,10.307
53453,10.4454
53474,10.6096
53495,10.5533
53516,10.57441
53537,10.55565
53558,10.51108
53580,10.58849
53601,10.54392
53622,10.62602
53643,10.69874
53664,10.83713
53685,10.79256
53706,10.66824
53727,10.72688
53748,10.61429
53769,10.69639
53790,10.88405
53811,10.88639
53832,10.74565
53853,10.70577
53874,10.70812
53895,10.71281
53916,10.76442
53937,10.79256
53958,10.78787
53979,10.75972
54000,10.82541
54021,10.67762
54042,10.66824
54063,10.70343
54084,10.6354
54105,10.59318
54126,10.61664
54147,10.54157
54168,10.68232
54189,10.59552
54210,10.5275
54231,10.48058
54252,10.55565
54273,10.54861
54294,10.61898
54315,10.5533
54336,10.57676
54357,10.44305
54378,10.51811
54399,10.35157
54420,10.42429
54441,10.44305
54462,10.44305
54483,10.32107
54504,10.38441
54525,10.31873
54546,10.31169
54567,10.33749
54588,10.26478
54609,10.10996
54630,10.20144
54651,10.13342
54672,10.11934
54693,10.06539
54714,10.14045
54735,10.11465
54756,10.16391
54777,10.1123
54798,10.15218
54819,10.04897
54840,10.06539
54861,10.12403
54882,10.1991
54903,10.17329
54924,10.13342
54945,10.0865
54966,10.117
54987,10.08416
55008,10.23194
55029,10.20613
55050,10.17329
55071,10.14984
55092,10.15687
55113,10.10996
55134,10.10058
55155,10.07946
55176,9.98798
55197,10.04428
55218,9.980944
55239,9.952795
55260,9.924646
55281,9.955141
55302,9.833163
55323,9.715877
55344,9.842546
55365,9.910572
55386,9.769828
55407,9.652542
55428,9.699456
55449,9.668962
55470,9.572787
55491,9.471921
55512,9.53291
55533,9.457847
55554,9.321795
55575,9.455501
55596,9.364017
55617,9.429698
55638,9.15994
55659,9.13179
55680,9.267843
55701,9.152903
55722,9.009813
55743,9.056727
55764,9.122408
55785,8.995738
55806,8.95117
55827,8.90191
55848,8.918329
55869,8.960552
55890,8.913638
55911,8.84092
55932,8.873761
55953,8.871415
55974,8.845612
55995,8.892527
56016,8.763512
56037,8.744746
56058,8.711905
56079,8.751783
56100,8.817463
56121,8.777586
56142,8.751783
56163,8.761166
56184,8.721289
56205,8.751783
56226,8.721289
56247,8.662645
56268,8.587582
56289,8.653263
56310,8.803389
56331,8.885489
56352,8.885489
56373,8.775241
56394,8.805735
56415,9.04969
56436,9.084876
56457,9.105988
56478,9.120062
56499,9.124753
56520,9.084876
56541,9.089567
56562,9.204508
56583,9.195126
56604,9.012158
56625,9.235003
56646,9.375746
56667,9.432044
56688,9.551676
56709,9.537601
56730,9.401549
56751,9.422661
56772,9.443772
56793,9.54933
56814,9.593899
56835,9.53291
56856,9.544639
56877,9.640813
56898,9.563404
56919,9.40624
56940,9.469575
56961,9.54933
56982,9.624393
57003,9.591553
57024,9.462538
57045,9.446118
57066,9.558713
57087,9.556367
57108,9.476612
57129,9.593899
57150,9.589207
57171,9.561059
57192,9.58217
57213,9.554022
57234,9.504761
57255,9.568096
57276,9.56575
57297,9.542293
57318,9.74637
57339,9.776865
57360,9.772174
57381,9.765137
57402,9.814397
57423,9.854274
57444,9.978598
57465,9.980944
57486,10.16156
57507,10.12169
57528,10.18971
57549,10.18971
57570,10.19441
57591,10.34219
57612,10.50639
57633,10.70812
57654,10.68701
57675,10.58145
57696,10.70577
57717,10.81368
57738,10.83479
57759,10.98726
57780,10.98022
57801,10.98492
57822,11.00368
57843,10.9943
57864,11.20072
57885,11.27813
57906,11.18899
57927,11.16554
57948,11.06701
57969,11.04825
57990,11.10455
58011,11.13504
58032,11.22183
58053,11.22652
58074,11.2148
58095,11.25936
58116,11.1843
58137,11.15615
58158,11.13739
58179,11.18196
58200,11.22418
58221,11.10924
58242,11.08813
58263,11.04121
58284,11.04825
58305,10.99664
58326,10.92158
58347,10.77614
58368,10.78553
58389,10.70577
58410,10.77145
58431,10.61898
58452,10.53453
58473,10.4454
58494,10.54157
58515,10.307
58536,10.31638
58557,10.32576
58578,10.23897
58599,10.24601
58620,10.16626
58641,10.10761
58662,10.07712
58683,10.21083
58704,10.15687
58725,9.980944
58746,10.117
58767,10.06773
58788,10.10761
58809,10.02786
58830,10.07008
58851,10.02786
58872,9.990326
58893,9.957487
58914,9.980944
58935,9.912917
58956,9.9223
58977,9.995018
58998,9.903535
59019,9.816743
59040,9.79094
59061,9.593899
59082,9.626739
59103,9.704147
59124,9.535255
59145,9.600936
59166,9.617355
59187,9.561059
59208,9.577478
59229,9.575133
59250,9.551676
59271,9.523527
59292,9.58217
59313,9.535255
59334,9.53291
59355,9.464884
59376,9.546985
59397,9.434389
59418,9.467229
59439,9.50007
59460,9.504761
59481,9.575133
59502,9.490686
59523,9.493032
59544,9.455501
59565,9.556367
59586,9.507107
59607,9.420315
59628,9.450809
59649,9.392166
59670,9.394512
59691,9.359325
59712,9.354634
59733,9.342906
59754,9.333523
59775,9.246731
59796,9.232656
59817,9.213891
59838,9.251423
59859,9.246731
59880,9.246731
59901,9.084876
59922,9.030925
59943,9.185742
59964,9.068456
59985,9.014504
60006,8.974627
60027,8.911292
60048,8.894873
60069,9.021542
60090,8.932404
60111,8.838574
60132,8.801044
60153,8.838574
60174,8.908947
60195,8.869069
60216,8.697831
60237,8.695485
60258,8.681411
60279,8.789314
60300,8.84092
60321,8.7424
60342,8.711905
60363,8.763512
60384,8.803389
60405,8.869069
60426,8.798697
60447,8.831537
60468,8.93475
60489,9.007467
60510,8.962898
60531,8.972281
60552,9.009813
60573,9.035616
60594,8.915984
60615,9.068456
60636,9.059073
60657,9.052036
60678,9.138828
60699,9.136482
60720,9.028579
60741,8.937096
60762,8.920675
60783,8.967589
60804,9.211545
60825,9.333523
60846,9.237348
60867,9.136482
60888,9.188088
60909,9.298337
60930,9.434389
60951,9.319448
60972,9.448463
60993,9.554022
61014,9.56575
61035,9.676
61056,9.58217
61077,9.556367
61098,9.525873
61119,9.659579
61140,9.753407
61161,9.849584
61182,10.00675
61203,9.924646
61224,10.07008
61245,10.09354
61266,10.1123
61287,10.09588
61308,10.11465
61329,10.23897
61350,10.17329
61371,10.41725
61392,10.37972
61413,10.46885
61434,10.46651
61455,10.46885
61476,10.45244
61497,10.5791
61518,10.82775
61539,10.65886
61560,10.6096
61581,10.71281
61602,10.83244
61623,10.7738
61644,10.84183
61665,10.75972
61686,10.76207
61707,10.7738
61728,10.81602
61749,10.8559
61770,10.75034
61791,10.76911
61812,10.79491
61833,10.82306
61854,10.80195
61875,10.77614
61896,10.92393
61917,10.938
61938,10.94035
61959,10.87936
61980,10.82775
62001,10.83244
62022,10.85824
62043,10.81837
62064,10.82775
62085,10.78084
62106,10.79726
62127,10.76207
62148,10.77614
62169,10.82775
62190,10.75503
62211,10.70343
62232,10.748
62253,10.61664
62274,10.68935
62295,10.67059
62316,10.56034
62337,10.67293
62358,10.56972
62379,10.45713
62400,10.42898
62421,10.46416
62442,10.42429
62463,10.4149
62484,10.40552
62505,10.34453
62526,10.33046
62547,10.32576
62568,10.45009
62589,10.33984
62610,10.38675
62631,10.29527
62652,10.17798
62673,10.21552
62694,10.24132
62715,10.24601
62736,10.24132
62757,10.29762
62778,10.17329
62799,10.13342
62820,10.11465
62841,10.13811
62862,10.05601
62883,10.14045
62904,10.12638
62925,10.10527
62946,10.03255
62967,10.16391
62988,10.117
63009,10.0044
63030,10.09823
63051,9.992672
63072,9.973906
63093,9.9223
63114,9.919954
63135,9.840199
63156,9.765137
63177,9.671308
63198,9.645505
63219,9.715877
63240,9.765137
63261,9.74637
63282,9.629085
63303,9.589207
63324,9.631431
63345,9.66427
63366,9.645505
63387,9.58217
63408,9.586862
63429,9.493032
63450,9.563404
63471,9.551676
63492,9.422661
63513,9.51649
63534,9.443772
63555,9.490686
63576,9.525873
63597,9.51649
63618,9.539948
63639,9.387475
63660,9.50007
63681,9.464884
63702,9.295992
63723,9.331178
63744,9.293646
63765,9.321795
63786,9.2913
63807,9.19278
63828,9.326486
63849,9.25846
63870,9.199817
63891,9.232656
63912,9.145865
63933,9.110679
63954,9.13179
63975,9.03327
63996,8.979319
64017,8.981664
64038,9.021542
64059,8.988701
64080,8.93475
64101,8.958207
64122,8.958207
64143,8.948824
64164,8.845612
64185,8.805735
64206,8.887836
64227,8.939441
64248,8.915984
64269,8.906601
64290,8.782278
64311,8.775241
64332,8.854995
64353,8.843266
64374,8.880798
64395,8.873761
64416,9.01685
64437,8.988701
64458,8.986356
64479,8.892527
64500,8.911292
64521,8.969935
64542,9.04969
64563,8.991047
64584,9.028579
64605,9.052036
64626,9.251423
64647,9.19278
64668,9.073148
64689,8.986356
64710,9.09895
64731,9.354634
64752,9.333523
64773,9.253768
64794,9.190434
64815,9.288955
64836,9.328832
64857,9.204508
64878,9.251423
64899,9.293646
64920,9.481303
64941,9.511798
64962,9.366363
64983,9.593899
65004,9.643159
65025,9.561059
65046,9.61501
65067,9.786248
65088,9.837853
65109,9.657233
65130,9.788594
65151,9.715877
65172,9.755754
65193,9.727605
65214,9.722914
65235,9.762791
65256,9.755754
65277,9.619701
65298,9.497724
65319,9.460192
65340,9.521181
65361,9.539948
65382,9.476612
65403,9.690074
65424,9.525873
65445,9.619701
65466,9.58217
65487,9.589207
65508,9.593899
65529,9.739333
65550,9.64785
65571,9.779211
65592,9.748716
65613,9.840199
65634,10.02317
65655,10.1991
65676,9.997364
65697,10.10058
65718,10.20613
65739,10.22959
65760,10.24366
65781,10.34219
65802,10.34453
65823,10.51342
65844,10.53923
65865,10.54157
65886,10.5533
65907,10.65886
65928,10.70108
65949,10.73392
65970,10.74096
65991,10.86059
66012,10.90281
66033,10.84417
66054,10.98257
66075,11.14442
66096,11.41653
66117,11.2664
66138,11.06701
66159,11.23825
66180,11.11158
66201,11.17257
66222,11.28048
66243,11.24295
66264,11.16084
66285,11.16084
66306,11.23825
66327,11.16084
66348,11.1327
66369,11.23825
66390,11.05998
66411,10.90516
66432,10.9122
66453,10.92862
66474,10.81602
66495,10.79491
66516,10.79726
66537,10.72923
66558,10.68701
66579,10.56503
66600,10.59318
66621,10.60491
66642,10.48762
66663,10.46182
66684,10.53219
66705,10.46416
66726,10.42898
66747,10.34453
66768,10.21317
66789,10.2765
66810,10.2249
66831,10.22255
66852,10.21317
66873,10.24366
66894,10.26243
66915,10.20848
66936,10.10761
66957,10.03959
66978,10.07008
66999,10.06539
67020,10.10527
67041,10.09119
67062,10.09823
67083,10.0044
67104,10.01613
67125,10.07946
67146,10.10761
67167,9.973906
67188,10.00206
67209,9.851928
67230,9.74637
67251,9.821435
67272,9.880077
67293,9.772174
67314,9.622047
67335,9.659579
67356,9.706493
67377,9.629085
67398,9.575133
67419,9.521181
67440,9.629085
67461,9.631431
67482,9.579824
67503,9.572787
67524,9.617355
67545,9.556367
67566,9.575133
67587,9.422661
67608,9.394512
67629,9.497724
67650,9.408587
67671,9.338214
67692,9.176359
67713,9.166977
67734,9.232656
67755,9.061419
67776,9.103642
67797,9.077839
67818,9.075493
67839,9.044999
67860,9.134136
67881,9.120062
67902,9.052036
67923,8.986356
67944,8.908947
67965,8.880798
67986,8.843266
68007,8.871415
68028,8.920675
68049,8.772895
68070,8.819809
68091,8.697831
68112,8.770549
68133,8.6603
68154,8.688448
68175,8.629806
68196,8.639189
68217,8.6603
68238,8.674374
68259,8.72598
68280,8.604002
68301,8.582891
68322,8.622768
68343,8.6603
68364,8.779932
68385,8.688448
68406,8.700177
68427,8.730671
68448,8.789314
68469,8.770549
68490,8.768204
68511,8.728326
68532,9.021542
68553,8.90191
68574,8.892527
68595,9.002776
68616,9.077839
68637,9.021542
68658,8.986356
68679,9.002776
68700,9.129445
68721,9.24204
68742,9.399203
68763,9.134136
68784,9.260805
68805,9.272534
68826,9.237348
68847,9.155248
68868,9.380438
68889,9.448463
68910,9.35698
68931,9.174014
68952,9.335869
68973,9.436735
68994,9.331178
69015,9.66427
69036,9.286609
69057,9.446118
69078,9.600936
69099,9.659579
69120,9.753407
69141,9.619701
69162,9.898843
69183,9.819089
69204,9.863657
69225,9.9223
69246,10.01378
69267,9.898843
69288,9.950449
69309,10.02082
69330,9.966869
69351,10.02551
69372,10.00206
69393,10.0044
69414,10.03959
69435,10.07008
69456,9.969215
69477,10.00909
69498,10.05835
69519,9.966869
69540,10.06305
69561,10.11465
69582,10.06773
69603,10.05835
69624,10.17095
69645,10.37737
69666,10.45478
69687,10.40552
69708,10.38206
69729,10.30465
69750,10.4454
69771,10.48293
69792,10.5838
69813,10.56034
69834,10.61429
69855,10.6659
69876,10.75503
69897,10.6917
69918,10.80664
69939,10.90047
69960,10.91689
69981,10.83713
70002,10.98257
70023,11.02714
70044,11.03183
70065,11.06232
70086,11.17492
70107,11.07874
70128,11.15146
70149,11.06701
70170,11.10924
70191,11.16319
70212,11.1585
70233,11.14208
70254,11.24998
70275,11.22183
70296,11.06701
70317,10.98022
70338,11.07874
70359,10.99195
70380,11.00134
70401,10.86763
70422,10.85824
70443,10.75034
70464,10.69639
70485,10.68935
70506,10.51108
70527,10.59318
70548,10.41725
70569,10.40317
70590,10.30465
70611,10.3891
70632,10.24836
70653,10.2507
70674,10.16156
70695,10.10527
70716,10.1686
70737,10.00909
70758,10.09823
70779,10.17798
70800,10.08181
70821,10.07477
70842,10.03959
70863,10.16626
70884,10.17329
70905,10.27885
70926,10.34688
70947,10.307
70968,10.34219
70989,10.25539
71010,10.25539
71031,10.28823
71052,10.13576
71073,10.02317
71094,9.959831
71115,9.896498
71136,9.901189
71157,9.741679
71178,9.713531
71199,9.797977
71220,9.720568
71241,9.636122
71262,9.443772
71283,9.413278
71304,9.497724
71325,9.56575
71346,9.429698
71367,9.457847
71388,9.399203
71409,9.321795
71430,9.293646
71451,9.2092
71472,9.256114
71493,9.235003
71514,9.211545
71535,8.974627
71556,9.120062
71577,9.134136
71598,8.913638
71619,8.822155
71640,9.08253
71661,8.939441
71682,8.7424
71703,8.808081
71724,8.854995
71745,8.772895
71767,8.697831
71788,8.704868
71809,8.735363
71830,8.718943
71851,8.620422
71872,8.646226
71893,8.679066
71914,8.786969
71935,8.667336
71956,8.625113
71977,8.64388
71998,8.765858
72019,8.700177
72040,8.585237
72061,8.512519
72082,8.482024
72103,8.512519
72124,8.512519
72145,8.507828
72166,8.477333
72187,8.531285
72208,8.430418
72229,8.512519
72250,8.561779
72271,8.479678
72292,8.510174
72313,8.503136
72334,8.596965
72355,8.580544
72376,8.618076
72397,8.634497
72418,8.646226
72439,8.812772
72460,8.857341
72481,8.822155
72502,8.960552
72523,9.059073
72544,9.042653
72565,8.995738
72586,9.110679
72607,9.199817
72628,9.321795
72649,9.413278
72670,9.561059
72691,9.50007
72712,9.502416
72733,9.694765
72754,9.732296
72775,9.894152
72796,9.884768
72817,9.729951
72838,10.05601
72859,9.898843
72880,9.9223
72901,10.01848
72922,10.05132
72943,10.13576
72964,10.22255
72985,10.12169
73006,10.14045
73027,10.28589
73048,10.2249
73069,10.23663
73090,10.12638
73111,10.19675
73132,10.40552
73153,10.48293
73174,10.17329
73195,10.26243
73216,10.3633
73237,10.40787
73258,10.34453
73279,10.31638
73300,10.35157
73321,10.26008
73342,10.23194
73363,10.45009
73384,10.42194
73405,10.36095
73426,10.32811
73447,10.2812
73468,10.3633
73489,10.26008
73510,10.35391
73531,10.43367
73552,10.5838
73573,11.1022
73594,10.74331
73615,10.72923
73636,10.77145
73657,10.70108
73678,10.64009
73699,10.98022
73720,10.82306
73741,10.70108
73762,10.76911
73783,10.75269
73804,10.82306
73825,10.82071
73846,10.748
73867,10.72454
73888,10.81133
73909,10.77614
73930,10.8301
73951,10.90985
73972,10.88639
73993,10.92393
74014,10.90751
74035,10.88874
74056,10.94738
74077,10.88405
74098,10.83948
74119,10.84886
74140,10.89343
74161,10.78084
74182,10.80899
74203,10.75738
74224,10.82071
74245,10.74331
74266,10.70108
74287,10.60022
74308,10.60725
74329,10.63306
74350,10.44071
74371,10.44774
74392,10.32107
74413,10.27885
74434,10.20379
74455,10.24366
74476,10.32107
74497,10.06773
74518,9.999709
74539,10.03724
74560,9.948103
74581,9.868348
74602,10.0865
74623,10.02082
74644,9.87304
74665,10.07008
74686,9.9223
74707,10.06539
74728,10.09354
74749,9.952795
74770,9.903535
74791,10.00909
74812,9.636122
74833,9.849584
74854,9.814397
74875,9.805015
74896,9.741679
74917,9.624393
74938,9.605627
74959,9.51649
74980,9.561059
75001,9.427352
75022,9.410933
75043,9.439081
75064,9.51649
75085,9.2913
75106,9.237348
75127,9.155248
75148,9.256114
75169,9.162285
75190,9.277225
75211,9.061419
75232,8.979319
75253,9.070802
75274,8.998084
75295,8.923021
75316,8.754128
75337,8.845612
75358,8.847958
75379,8.789314
75400,8.707214
75421,8.592274
75442,8.557088
75463,8.641534
75484,8.540668
75505,8.46795
75526,8.40227
75547,8.38585
75568,8.491407
75589,8.442147
75610,8.449184
75631,8.40227
75652,8.460913
75673,8.521902
75694,8.479678
75715,8.442147
75736,8.388196
75757,8.383504
75778,8.575853
75799,8.521902
75820,8.582891
75841,8.62746
75862,8.608693
75883,8.568816
75904,8.681411
75925,8.805735
75946,8.709559
75967,8.711905
75988,8.69314
76009,8.815118
76030,8.756474
76051,8.723634
76072,8.836229
76093,8.857341
76114,8.948824
76135,8.829192
76156,8.859686
76177,8.857341
76198,8.836229
76219,8.906601
76240,9.019196
76261,9.01685
76282,9.145865
76303,9.220928
76324,9.24204
76345,9.239694
76366,9.265497
76387,9.427352
76408,9.539948
76429,9.563404
76450,9.736988
76471,9.800323
76492,9.734642
76513,9.805015
76534,10.04428
76555,9.943413
76576,9.840199
76597,9.943413
76618,10.07712
76639,10.09354
76660,10.02317
76681,10.02317
76702,9.941067
76723,10.02551
76744,10.08885
76765,10.13107
76786,10.12872
76807,10.00206
76828,10.13811
76849,10.12403
76870,10.11465
76891,10.10527
76912,10.06773
76933,10.10292
76954,10.00675
76975,10.07008
76996,10.13342
77017,10.27885
77038,10.10527
77059,10.13107
77080,10.13107
77101,10.14749
77122,10.1686
77143,10.32576
77164,10.40083
77185,10.29058
77206,10.33515
77227,10.41021
77248,10.41021
77269,10.43367
77290,10.42194
77311,10.47824
77332,10.497
77353,10.54392
77374,10.497
77395,10.50404
77416,10.48997
77437,10.49466
77458,10.66355
77479,10.58614
77500,10.78084
77521,10.69639
77542,10.71516
77563,10.78318
77584,10.80195
77605,10.87936
77626,10.85824
77647,10.74565
77668,10.748
77689,10.73392
77710,10.71281
77731,10.72454
77752,10.69639
77773,10.56972
77794,10.56738
77815,10.45713
77836,10.49466
77857,10.48058
77878,10.37033
77899,10.38441
77920,10.33046
77941,10.28354
77962,10.31638
77983,10.307
78004,10.27181
78025,10.40552
78046,10.32811
78067,10.2812
78088,10.38206
78109,10.32342
78130,10.31638
78151,10.32576
78172,10.3891
78193,10.32576
78214,10.3633
78235,10.2812
78256,10.21317
78277,10.26947
78298,10.25305
78319,10.24836
78340,10.21083
78361,10.2765
78382,10.17564
78403,10.0865
78424,10.14749
78445,10.07712
78466,10.04662
78487,9.976252
78508,10.06305
78529,9.957487
78550,9.908226
78571,9.826125
78592,9.957487
78613,9.903535
78634,9.819089
78655,9.877731
78676,9.964523
78697,9.861312
78718,9.819089
78739,9.79094
78760,9.844892
78781,9.66427
78802,9.760445
78823,9.711185
78844,9.551676
78865,9.528218
78886,9.622047
78907,9.629085
78928,9.593899
78949,9.551676
78970,9.563404
78991,9.572787
79012,9.53291
79033,9.429698
79054,9.455501
79075,9.371055
79096,9.467229
79117,9.347597
79138,9.349943
79159,9.279572
79180,9.312411
79201,9.284263
79222,9.206854
79243,9.122408
79264,9.176359
79285,9.347597
79306,9.27488
79327,9.178705
79348,9.328832
79369,9.312411
79390,9.162285
79411,9.157594
79432,9.239694
79453,9.286609
79474,9.267843
79495,9.24204
79516,9.24204
79537,9.117716
79558,9.166977
79579,9.164631
79600,9.197471
79621,9.13179
79642,9.075493
79663,9.070802
79684,9.190434
79705,9.141173
79726,8.955861
79747,8.988701
79768,8.958207
79789,8.998084
79810,8.906601
79831,8.979319
79852,8.925366
79873,8.84092
79894,8.925366
79915,8.981664
79936,8.923021
79957,8.899564
79978,8.897219
79999,8.991047
80020,8.913638
80041,9.052036
80062,8.948824
80083,8.897219
80104,8.829192
80125,8.915984
80146,8.958207
80167,8.918329
80188,8.838574
80209,8.686103
80230,8.679066
80251,8.751783
80272,8.728326
80293,8.679066
80314,8.575853
80335,8.777586
80356,8.69314
80377,8.611039
80398,8.550051
80419,8.782278
80440,8.779932
80461,8.789314
80482,8.777586
80503,8.831537
80524,8.796351
80545,9.035616
80566,9.021542
80587,9.110679
80608,9.035616
80629,9.117716
80650,9.136482
80671,9.239694
80692,9.181051
80713,9.227965
80734,9.260805
80755,9.333523
80776,9.319448
80797,9.368709
80818,9.347597
80839,9.345251
80860,9.455501
80881,9.352288
80902,9.502416
80923,9.443772
80944,9.485995
80965,9.507107
80986,9.373401
81007,9.38982
81028,9.521181
81049,9.497724
81070,9.699456
81091,9.692419
81112,9.636122
81133,9.706493
81154,9.805015
81175,9.805015
81196,9.926992
81217,9.995018
81238,9.995018
81259,10.08416
81280,10.28589
81301,10.18268
81322,10.26243
81343,10.24366
81364,10.3328
81385,10.52046
81406,10.63071
81427,10.66355
81448,10.73392
81469,10.71516
81490,10.8817
81511,10.82775
81532,10.81602
81553,10.90985
81574,10.97319
81595,11.18196
81616,11.13973
81637,10.97319
81658,10.73158
81679,10.96146
81700,11.06936
81721,11.10924
81742,11.1843
81763,11.13973
81784,11.18665
81805,10.9638
81826,10.86528
81847,10.89109
81868,10.78084
81889,10.73861
81910,10.71046
81931,10.65182
81952,10.61898
81973,10.5838
81994,10.60022
82015,10.58145
82036,10.53923
82057,10.56972
82078,10.52281
82099,10.55565
82120,10.48997
82141,10.48528
82162,10.63775
82183,10.59318
82204,10.52515
82225,10.47824
82246,10.50873
82267,10.44071
82288,10.45947
82309,10.48762
82330,10.53923
82351,10.49466
82372,10.49231
82393,10.51108
82414,10.41725
82435,10.42663
82456,10.45478
82477,10.36799
82498,10.25774
82519,10.29292
82540,10.14514
82561,10.09823
82582,10.03255
82603,10.13107
82624,10.01613
82645,9.924646
82666,9.966869
82687,9.966869
82708,9.898843
82729,9.952795
82750,9.98329
82771,9.990326
82792,9.9223
82813,9.936375
82834,9.896498
82855,9.882422
82876,9.800323
82897,9.676
82918,9.61501
82939,9.528218
82960,9.617355
82981,9.497724
83002,9.678345
83023,9.497724
83044,9.354634
83065,9.511798
83086,9.523527
83107,9.439081
83128,9.354634
83149,9.455501
83170,9.375746
83191,9.349943
83212,9.446118
83233,9.361671
83254,9.251423
83275,9.145865
83296,9.24204
83317,9.335869
83338,9.281918
83359,9.202163
83380,9.246731
83401,9.202163
83422,9.03327
83443,9.122408
83464,9.073148
83485,8.873761
83506,8.878452
83527,8.850304
83548,8.939441
83569,8.878452
83590,8.815118
83611,8.772895
83632,8.690794
83653,8.575853
83674,8.622768
83695,8.758821
83716,8.648571
83737,8.571162
83758,8.700177
83779,8.730671
83800,8.763512
83821,8.711905
83842,8.688448
83863,8.768204
83884,8.777586
83905,8.819809
83926,8.850304
83947,8.873761
83968,8.796351
83989,8.775241
84010,8.960552
84031,9.03327
84052,9.009813
84073,8.974627
84094,9.021542
84115,8.998084
84136,9.002776
84157,8.906601
84178,8.967589
84199,8.965244
84220,8.976973
84241,9.00043
84262,8.880798
84283,8.756474
84304,8.962898
84325,8.618076
84346,8.836229
84367,8.95117
84388,8.892527
84409,8.866723
84430,9.00043
84451,8.862032
84472,8.836229
84493,8.845612
84514,8.958207
84535,8.981664
84556,9.040307
84577,9.136482
84598,9.014504
84619,8.960552
84640,9.166977
84661,9.34056
84682,9.295992
84703,9.197471
84724,9.2913
84745,9.364017
84766,9.392166
84787,9.310066
84808,9.394512
84829,9.450809
84850,9.425007
84871,9.410933
84892,9.455501
84913,9.507107
84934,9.605627
84955,9.668962
84976,9.718222
84997,9.753407
85018,9.797977
85039,9.80736
85060,9.866002
85081,10.00206
85102,10.0607
85123,10.04897
85144,10.02786
85165,10.20144
85186,10.42194
85207,10.35157
85228,10.43132
85249,10.40787
85270,10.43601
85291,10.5791
85312,10.59083
85333,10.55096
85354,10.59787
85375,10.70577
85396,10.67528
85417,10.60491
85438,10.67293
85459,10.72688
85480,10.68935
85501,10.61429
85522,10.5275
85543,10.77849
85564,10.66121
85585,10.70343
85606,10.78787
85627,10.68701
85648,10.84183
85669,10.86528
85690,10.98961
85711,10.94738
85732,11.03417
85753,10.97084
85774,11.06701
85795,11.07171
85816,11.06467
85837,10.99195
85858,10.82775
85879,10.67997
85900,10.58849
85921,10.50873
85942,10.55096
85963,10.55096
85984,10.46651
86005,10.41959
86026,10.29996
86047,10.31638
86068,10.27885
86089,10.29058
86110,10.39379
86131,10.48528
86152,10.47824
86173,10.39848
86194,10.36799
86215,10.49935
86236,10.55096
86257,10.50404
86278,10.50169
86299,10.53688
86320,10.44305
86341,10.47824
86362,10.48997
86383,10.45947
86404,10.29058
86425,10.53688
86446,10.53923
86467,10.41021
86488,10.37737
86509,10.21786
86530,10.17329
86551,10.02082
86572,10.08181
86593,9.952795
86614,9.9223
86635,9.889461
86656,9.828471
86677,9.56575
86698,9.671308
86719,9.617355
86740,9.460192
86761,9.427352
86782,9.425007
86803,9.298337
86824,9.244386
86845,9.267843
86866,9.27488
86887,9.446118
86908,9.352288
86929,9.335869
86950,9.089567
86971,9.068456
86992,9.19278
87013,9.181051
87034,9.122408
87055,8.930058
87076,8.953515
87097,8.960552
87118,8.836229
87139,8.674374
87160,8.779932
87181,8.779932
87202,8.7424
87223,8.751783
87244,8.632151
87265,8.765858
87286,8.817463
87307,8.765858
87328,8.714252
87349,8.772895
87370,8.862032
87391,8.79166
87412,8.709559
87433,8.728326
87454,8.779932
87475,8.754128
87496,8.662645
87517,8.514865
87538,8.505482
87559,8.40227
87580,8.449184
87601,8.395233
87622,8.289675
87643,8.263872
87664,8.334244
87685,8.40227
87706,8.367084
87727,8.423381
87748,8.320169
87769,8.432764
87790,8.36943
87811,8.430418
87832,8.460913
87853,8.397578
87874,8.474987
87895,8.353009
87916,8.568816
87937,8.648571
87958,8.575853
87979,8.714252
88000,8.718943
88021,8.704868
88042,8.847958
88063,8.777586
88084,8.810426
88105,8.838574
88126,9.075493
88147,8.969935
88168,8.911292
88189,8.939441
88210,8.887836
88231,8.850304
88252,8.72598
88273,8.756474
88294,8.899564
88315,8.930058
88336,8.969935
88357,8.915984
88378,8.892527
88399,9.047344
88420,9.068456
88441,8.988701
88462,9.134136
88483,9.260805
88504,9.415624
88525,9.385129
88546,9.455501
88567,9.48834
88588,9.572787
88609,9.53291
88630,9.638468
88651,9.633776
88672,9.828471
88693,9.851928
88714,9.652542
88735,9.786248
88756,9.797977
88777,9.795631
88798,9.851928
88819,9.926992
88840,9.9223
88861,9.891806
88882,9.915263
88903,9.891806
88924,10.03255
88945,10.00909
88966,9.999709
88987,10.04193
89008,10.08181
89029,10.2765
89050,10.1686
89071,10.19206
89092,10.23428
89113,10.1428
89134,10.1428
89155,10.13342
89176,10.09823
89197,10.02317
89218,10.09588
89239,10.08416
89260,10.03724
89281,10.04897
89302,9.980944
89323,9.973906
89344,10.12169
89365,10.17564
89386,10.21083
89407,10.23428
89428,10.28589
89449,10.16626
89470,10.30465
89491,10.20144
89512,10.2249
89533,10.19441
89554,10.26243
89575,10.31638
89596,10.3328
89617,10.37737
89638,10.39145
89659,10.46182
89680,10.5838
89701,10.5791
89722,10.65886
89743,10.5791
89764,10.67528
89785,10.65417
89806,10.5275
89827,10.48997
89848,10.45478
89869,10.39614
89890,10.22959
89911,10.15687
89932,9.943413
89953,9.945757
89974,9.908226
89995,9.816743
90016,9.753407
90037,9.80736
90058,9.828471
90079,9.814397
90100,9.891806
90121,9.976252
90142,9.912917
90163,9.943413
90184,9.903535
90205,9.978598
90226,10.20613
90247,10.02786
90268,10.02551
90289,9.950449
90310,10.00206
90331,9.9223
90352,10.00675
90373,9.997364
90394,10.1123
90415,10.04897
90436,10.02082
90457,9.955141
90478,10.0302
90499,10.0044
90520,9.971561
90541,9.976252
90562,9.934029
90583,9.926992
90604,9.835509
90625,9.788594
90646,9.643159
90667,9.697111
90688,9.725259
90709,9.692419
90730,9.657233
90751,9.692419
90772,9.751062
90793,9.781557
90814,9.762791
90835,9.769828
90856,9.765137
90877,9.596244
90898,9.666616
90919,9.507107
90940,9.570441
90961,9.661925
90982,9.668962
91003,9.612664
91024,9.579824
91045,9.586862
91066,9.561059
91087,9.507107
91108,9.638468
91129,9.558713
91150,9.476612
91171,9.575133
91192,9.570441
91213,9.539948
91234,9.575133
91255,9.605627
91276,9.671308
91297,9.502416
91318,9.53291
91339,9.490686
91360,9.603281
91381,9.413278
91402,9.460192
91423,9.272534
91444,9.052036
91465,9.157594
91486,8.986356
91507,9.019196
91528,8.960552
91549,8.784623
91570,8.646226
91591,8.503136
91612,8.657954
91633,8.413999
91654,8.38585
91675,8.266218
91696,8.247452
91717,8.493753
91738,8.554742
91759,8.430418
91780,8.289675
91801,8.399924
91822,8.493753
91843,8.489061
91864,8.453876
91885,8.437455
91906,8.653263
91927,8.613385
91948,8.625113
91969,8.655608
91990,8.695485
92011,8.636843
92032,8.749437
92053,8.833883
92074,8.906601
92095,8.829192
92116,8.777586
92137,8.847958
92158,8.854995
92179,8.95117
92200,8.852649
92221,8.892527
92242,8.761166
92263,8.756474
92284,8.672029
92305,8.761166
92326,8.697831
92347,8.524248
92368,8.524248
92389,8.761166
92410,8.714252
92431,8.589928
92452,8.575853
92473,8.728326
92494,8.894873
92515,8.932404
92536,8.7424
92557,8.918329
92578,8.939441
92599,9.075493
92620,9.08253
92641,9.171668
92662,9.455501
92683,9.378092
92704,9.434389
92725,9.507107
92746,9.427352
92767,9.657233
92788,9.722914
92809,9.781557
92830,9.725259
92851,9.915263
92872,9.840199
92893,9.917608
