8844,9.387475
8865,9.326486
8886,9.267843
8907,9.371055
8928,9.314757
8949,9.427352
8970,9.35698
8991,9.303029
9012,9.30772
9033,9.272534
9054,9.310066
9075,9.349943
9096,9.284263
9117,9.272534
9138,9.485995
9159,9.380438
9180,9.2913
9201,9.321795
9222,9.246731
9243,9.281918
9264,9.265497
9285,9.300683
9306,9.345251
9327,9.317103
9348,9.239694
9369,9.202163
9390,9.220928
9411,9.249077
9432,9.24204
9453,9.272534
9474,9.211545
9495,9.213891
9516,9.235003
9537,9.216236
9558,9.195126
9579,9.157594
9600,9.108333
9621,9.19278
9642,9.281918
9663,9.223273
9684,9.157594
9705,9.063765
9726,9.13179
9747,9.166977
9768,9.293646
9789,9.195126
9810,9.19278
9831,9.127099
9852,9.24204
9873,9.225619
9894,9.188088
9915,9.246731
9936,9.288955
9957,9.349943
9978,9.38982
9999,9.436735
10020,9.413278
10041,9.420315
10062,9.410933
10083,9.352288
10104,9.40624
10125,9.450809
10146,9.521181
10167,9.450809
10188,9.556367
10209,9.59859
10230,9.652542
10251,9.755754
10272,9.744025
10293,9.725259
10314,9.90588
10335,9.945757
10356,9.819089
10377,9.795631
10398,9.861312
10419,9.835509
10440,9.938721
10461,9.898843
10482,9.797977
10503,9.861312
10524,9.941067
10545,9.868348
10566,9.880077
10587,9.858966
10608,9.910572
10629,9.985635
10650,10.32811
10671,10.26008
10692,9.870694
10713,9.934029
10734,10.10761
10755,10.00675
10776,10.03489
10797,10.12638
10818,10.1686
10839,10.1123
10860,10.1686
10881,10.26008
10902,10.31638
10923,10.25305
10944,10.31169
10965,10.40787
10986,10.31169
11007,10.40552
11028,10.56503
11049,10.46651
11070,10.58145
11091,10.48762
11112,10.34453
11133,10.35626
11154,10.4712
11175,10.41256
11196,10.50169
11217,10.36799
11238,10.42898
11259,10.29996
11280,10.23428
11301,10.29058
11322,10.40787
11343,10.26478
11364,10.2507
11385,10.27885
11406,10.22959
11427,10.17329
11448,10.22021
11469,10.16156
11490,10.17798
11511,10.1991
11532,10.12872
11554,10.19441
11575,10.04428
11596,10.1428
11617,10.21083
11638,10.06305
11659,10.07712
11680,10.05601
11701,10.06305
11722,10.08181
11743,10.13342
11764,10.1428
11785,10.0865
11806,10.05132
11827,10.04897
11848,10.0865
11869,10.01848
11890,10.05835
11911,10.13576
11932,10.09354
11953,10.03959
11974,10.07008
11995,10.10058
12016,10.13576
12037,10.21083
12058,10.14984
12079,10.21552
12100,10.14749
12121,10.27416
12142,10.2507
12163,10.25774
12184,10.2507
12205,10.33749
12226,10.42429
12247,10.41256
12268,10.3633
12289,10.44071
12310,10.43132
12331,10.4712
12352,10.45244
12373,10.41021
12394,10.55096
12415,10.46182
12436,10.40083
12457,10.42898
12478,10.36799
12499,10.31638
12520,10.41021
12541,10.43132
12562,10.40552
12583,10.41725
12604,10.34453
12625,10.27416
12646,10.28589
12667,10.26008
12688,10.30231
12709,10.23663
12730,10.26008
12751,10.09588
12772,10.12403
12793,10.12403
12814,10.01848
12835,10.1428
12856,10.05835
12877,10.04897
12898,9.980944
12919,9.990326
12940,9.943413
12961,9.971561
12982,9.9223
13003,9.840199
13024,9.931683
13045,9.924646
13066,9.919954
13087,9.826125
13108,9.797977
13129,9.819089
13150,9.781557
13171,9.849584
13192,9.805015
13213,9.708839
13234,9.736988
13255,9.645505
13276,9.671308
13297,9.694765
13318,9.462538
13339,9.575133
13360,9.537601
13381,9.476612
13402,9.490686
13423,9.530564
13444,9.471921
13465,9.509453
13486,9.521181
13507,9.521181
13528,9.539948
13549,9.457847
13570,9.589207
13591,9.523527
13612,9.497724
13633,9.511798
13654,9.593899
13675,9.485995
13696,9.469575
13717,9.544639
13738,9.546985
13759,9.455501
13780,9.586862
13801,9.530564
13822,9.441426
13843,9.54933
13864,9.619701
13885,9.699456
13906,9.645505
13927,9.727605
13948,9.690074
13969,9.706493
13990,9.671308
14011,9.640813
14032,9.706493
14053,9.734642
14074,9.819089
14095,9.748716
14116,9.685382
14137,9.678345
14158,9.793285
14179,9.727605
14200,9.718222
14221,9.739333
14243,9.725259
14264,9.626739
14285,9.692419
14306,9.673654
14327,9.734642
14348,9.645505
14369,9.633776
14390,9.643159
14411,9.607973
14432,9.610318
14453,9.607973
14474,9.575133
14495,9.568096
14516,9.537601
14537,9.643159
14558,9.638468
14579,9.521181
14600,9.58217
14621,9.551676
14642,9.537601
14663,9.58217
14684,9.561059
14705,9.478958
14726,9.401549
14747,9.469575
14768,9.554022
14789,9.464884
14810,9.478958
14831,9.51649
14852,9.446118
14873,9.429698
14894,9.455501
14915,9.521181
14936,9.471921
14957,9.41797
14978,9.420315
14999,9.368709
15020,9.401549
15041,9.415624
15062,9.382783
15083,9.425007
15104,9.408587
15125,9.387475
15146,9.403895
15167,9.385129
15188,9.467229
15209,9.396858
15230,9.380438
15251,9.436735
15272,9.537601
15293,9.476612
15314,9.51649
15335,9.40624
15356,9.378092
15377,9.338214
15398,9.50007
15419,9.504761
15440,9.413278
15461,9.497724
15482,9.457847
15503,9.448463
15524,9.427352
15545,9.546985
15566,9.441426
15587,9.462538
15608,9.485995
15629,9.551676
15650,9.584516
15671,9.441426
15692,9.378092
15713,9.298337
15734,9.235003
15755,9.298337
15776,9.380438
15797,9.432044
15818,9.25846
15839,9.216236
15860,9.227965
15881,9.122408
15902,9.178705
15923,9.220928
15944,9.162285
15965,9.178705
15986,9.148211
16007,9.199817
16028,9.169322
16049,9.136482
16070,9.110679
16091,9.174014
16112,9.349943
16133,9.324141
16154,9.338214
16175,9.387475
16196,9.485995
16217,9.535255
16238,9.441426
16259,9.509453
16280,9.584516
16301,9.671308
16322,9.762791
16343,9.79094
16364,9.755754
16385,9.683037
16406,9.711185
16427,9.690074
16448,9.619701
16469,9.732296
16490,9.901189
16511,10.09823
16532,9.863657
16553,9.795631
16574,9.898843
16595,9.997364
16616,10.05835
16637,10.04897
16658,10.10996
16679,10.16626
16700,10.15453
16721,10.26478
16742,10.22725
16763,10.22021
16784,10.22021
16805,10.20848
16826,10.27181
16847,10.33984
16868,10.37033
16889,10.307
16910,10.40552
16931,10.35157
16952,10.34453
16973,10.29058
16994,10.33515
17015,10.33046
17036,10.26947
17057,10.3633
17078,10.3328
17099,10.37737
17120,10.31638
17141,10.32342
17162,10.45244
17183,10.43836
17204,10.38441
17225,10.37033
17246,10.4149
17267,10.40552
17288,10.37737
17309,10.45009
17330,10.40552
17351,10.4454
17372,10.38675
17393,10.39379
17414,10.48293
17435,10.40787
17456,10.41725
17477,10.41256
17498,10.35626
17519,10.41021
17540,10.36095
17561,10.44305
17582,10.51108
17603,10.57441
17624,10.48293
17645,10.59083
17666,10.62367
17687,10.60256
17708,10.53923
17729,10.52984
17750,10.65417
17771,10.59552
17792,10.62367
17813,10.60725
17834,10.58849
17855,10.60725
17876,10.6096
17897,10.55565
17918,10.50404
17939,10.4454
17960,10.51811
17981,10.58145
18002,10.45244
18023,10.43836
18044,10.38206
18065,10.37268
18086,10.19206
18107,10.1686
18128,10.64009
18149,10.16626
18170,10.33515
18191,10.17798
18212,10.33046
18233,10.11465
18254,10.18033
18275,10.07008
18296,10.05835
18317,9.943413
18338,9.980944
18359,9.929338
18380,9.943413
18401,9.934029
18422,10.05835
18443,10.1123
18464,9.969215
18485,9.898843
18506,9.915263
18527,10.04897
18548,10.06539
18569,10.04897
18590,9.985635
18611,10.03959
18632,10.08181
18653,10.07712
18674,10.12638
18695,10.08181
18716,10.04428
18737,9.98329
18758,10.09588
18779,9.971561
18800,9.973906
18821,9.990326
18842,9.880077
18863,9.776865
18884,9.816743
18905,9.676
18926,9.765137
18947,9.769828
18968,9.676
18989,9.722914
19010,9.629085
19031,9.718222
19052,9.61501
19073,9.645505
19094,9.643159
19115,9.54933
19136,9.652542
19157,9.631431
19178,9.809706
19199,9.668962
19220,9.591553
19241,9.572787
19262,9.680691
19283,9.636122
19304,9.561059
19325,9.460192
19346,9.483649
19367,9.483649
19388,9.523527
19409,9.610318
19430,9.403895
19451,9.455501
19472,9.317103
19493,9.34056
19514,9.342906
19535,9.368709
19556,9.317103
19577,9.392166
19599,9.333523
19621,9.326486
19642,9.277225
19663,9.328832
19684,9.288955
19705,9.249077
19726,9.331178
19747,9.359325
19768,9.345251
19789,9.321795
19810,9.317103
19831,9.333523
19852,9.394512
19873,9.422661
19894,9.366363
19915,9.371055
19936,9.317103
19957,9.335869
19978,9.326486
19999,9.347597
20020,9.403895
20041,9.401549
20062,9.387475
20083,9.38982
20104,9.352288
20125,9.373401
20146,9.462538
20167,9.455501
20188,9.464884
20209,9.436735
20230,9.382783
20251,9.40624
20272,9.408587
20293,9.380438
20314,9.474266
20335,9.478958
20356,9.38982
20377,9.542293
20398,9.511798
20419,9.457847
20440,9.54933
20461,9.56575
20482,9.509453
20503,9.56575
20524,9.502416
20545,9.502416
20566,9.443772
20587,9.448463
20608,9.521181
20629,9.600936
20650,9.633776
20671,9.448463
20692,9.50007
20713,9.51649
20734,9.544639
20755,9.539948
20776,9.48834
20797,9.462538
20818,9.497724
20839,9.497724
20860,9.457847
20881,9.507107
20902,9.603281
20923,9.61501
20944,9.514144
20965,9.518835
20986,9.51649
21007,9.570441
21028,9.537601
21049,9.518835
21070,9.584516
21091,9.666616
21112,9.744025
21133,9.593899
21154,9.434389
21175,9.408587
21196,9.41797
21217,9.455501
21238,9.471921
21259,9.368709
21280,9.434389
21301,9.373401
21322,9.361671
21343,9.2913
21364,9.326486
21385,9.263151
21406,9.347597
21427,9.375746
21448,9.279572
21469,9.218582
21490,9.155248
21511,9.265497
21532,9.295992
21553,9.321795
21574,9.361671
21595,9.338214
21616,9.375746
21637,9.354634
21658,9.30772
21679,9.392166
21700,9.401549
21721,9.497724
21742,9.493032
21763,9.432044
21784,9.504761
21805,9.54933
21826,9.666616
21847,9.840199
21868,9.821435
21889,9.680691
21910,9.685382
21931,9.844892
21952,9.87304
21973,9.851928
21994,9.87304
22015,9.875386
22036,9.966869
22057,9.917608
22078,10.02786
22099,10.04193
22120,10.08416
22141,10.117
22162,10.08416
22183,10.10996
22204,10.18033
22225,10.2765
22246,10.29996
22267,10.25305
22288,10.31873
22309,10.37268
22330,10.46416
22351,10.39848
22372,10.42194
22393,10.39379
22414,10.37972
22435,10.35391
22456,10.43132
22477,10.35626
22498,10.26478
22519,10.29527
22540,10.29527
22561,10.30935
22582,10.28589
22603,10.33515
22624,10.22021
22645,10.32107
22666,10.33046
22687,10.43601
22708,10.45478
22729,10.29762
22750,10.21786
22771,10.29058
22792,10.44774
22813,10.42429
22834,10.47355
22855,10.43836
22876,10.59083
22897,10.58849
22918,10.49466
22939,10.58145
22960,10.6354
22981,10.59552
23002,10.67762
23023,10.6354
23044,10.66355
23065,10.66121
23086,10.65886
23107,10.68232
23128,10.64478
23149,10.64947
23170,10.75972
23191,10.69639
23212,10.7175
23233,10.81837
23254,10.79022
23275,10.83479
23296,10.82775
23317,10.83244
23338,10.92862
23359,10.86294
23380,10.81837
23401,11.0506
23422,10.99899
23443,11.12566
23464,10.78084
23485,10.97788
23506,10.92393
23527,10.86059
23548,10.80195
23569,10.85355
23590,11.00837
23611,10.75503
23632,10.62133
23653,10.51108
23674,10.54861
23695,10.44774
23716,10.41959
23737,10.3633
23758,10.29762
23779,10.08885
23800,10.23428
23821,10.27416
23842,10.1991
23863,10.13107
23884,10.00206
23905,10.03724
23926,10.02551
23947,9.830817
23968,9.692419
23989,9.626739
24010,9.54933
24031,9.572787
24052,9.50007
24073,9.319448
24094,9.260805
24115,9.286609
24136,9.525873
24157,9.535255
24178,9.197471
24199,9.220928
24220,9.317103
24241,9.19278
24262,9.235003
24283,9.211545
24304,9.141173
24325,9.213891
24346,9.059073
24367,9.113025
24388,9.181051
24409,9.286609
24430,8.993393
24451,9.197471
24472,9.232656
24493,9.155248
24514,9.014504
24535,9.124753
24556,9.223273
24577,9.155248
24598,9.181051
24619,9.094258
24640,9.120062
24661,9.171668
24682,9.152903
24703,9.13179
24724,9.101295
24745,9.087222
24766,9.084876
24787,9.08253
24808,9.026234
24829,8.986356
24850,9.028579
24871,8.972281
24892,9.030925
24913,8.972281
24934,8.925366
24955,8.955861
24976,8.988701
24997,8.967589
25018,8.969935
25039,8.941787
25060,9.009813
25081,9.052036
25102,8.911292
25123,8.873761
25144,9.01685
25165,9.075493
25186,9.056727
25207,9.068456
25228,8.939441
25249,8.965244
25270,8.991047
25291,9.042653
25312,8.979319
25333,8.913638
25354,8.897219
25375,8.941787
25396,9.070802
25417,8.90191
25438,8.958207
25459,8.864378
25480,8.930058
25501,8.857341
25522,9.035616
25543,9.087222
25564,9.127099
25585,9.335869
25606,9.410933
25627,9.422661
25648,9.349943
25669,9.546985
25690,9.708839
25711,9.708839
25732,9.830817
25753,9.751062
25774,9.795631
25795,9.741679
25816,9.889461
25837,9.952795
25858,9.805015
25879,9.77452
25900,9.690074
25921,9.77452
25942,9.877731
25963,9.795631
25984,9.966869
26005,10.1686
26026,10.02551
26047,9.934029
26068,10.0302
26089,9.971561
26110,9.894152
26131,9.74637
26152,9.90588
26173,9.945757
26194,9.894152
26215,9.80736
26236,9.673654
26257,9.666616
26278,9.729951
26299,9.727605
26320,9.697111
26341,9.725259
26362,9.769828
26383,9.622047
26404,9.558713
26425,9.619701
26446,9.596244
26467,9.643159
26488,9.683037
26509,9.769828
26530,9.739333
26551,9.772174
26572,9.77452
26593,9.760445
26614,9.863657
26635,9.877731
26656,9.901189
26677,9.891806
26698,10.06773
26719,10.08416
26740,10.17798
26761,10.26478
26782,10.26947
26803,10.26947
26824,10.36095
26845,10.37268
26866,10.48293
26887,10.40317
26908,10.44071
26929,10.68232
26950,10.70812
26971,10.8301
26992,10.77849
27013,10.67762
27034,10.63306
27055,10.65182
27076,10.70343
27097,10.68935
27118,10.80664
27139,10.77614
27160,10.7996
27181,10.7175
27202,10.78084
27223,10.87232
27244,10.86528
27265,10.84417
27286,10.83948
27307,10.79022
27328,10.76442
27349,10.89812
27370,10.92862
27391,10.94973
27412,11.0201
27433,10.92158
27454,10.96849
27475,10.94973
27496,10.90281
27517,10.86528
27538,10.94973
27559,10.97553
27580,10.81837
27601,10.62133
27622,11.0506
27643,10.14045
27664,10.96849
27685,10.93096
27706,10.70577
27727,10.65417
27748,10.37972
27769,10.47589
27790,10.62367
27811,10.42898
27832,10.33046
27853,10.22255
27874,10.28589
27895,10.1686
27916,10.17798
27937,10.12403
27958,10.16626
27979,10.22725
28000,10.07946
28021,10.12638
28042,10.10292
28063,10.1428
28084,10.19206
28105,10.12403
28126,10.03489
28147,10.22021
28168,10.23663
28189,10.12169
28210,9.992672
28231,9.959831
28252,10.02786
28273,9.917608
28294,9.772174
28315,9.680691
28336,9.622047
28357,9.603281
28378,9.493032
28399,9.48834
28420,9.507107
28441,9.483649
28462,9.493032
28483,9.603281
28504,9.380438
28525,9.441426
28546,9.563404
28567,9.422661
28588,9.542293
28609,9.504761
28630,9.490686
28651,9.387475
28672,9.41797
28693,9.523527
28714,9.342906
28735,9.443772
28756,9.34056
28777,9.244386
28798,9.345251
28819,9.333523
28840,9.326486
28861,9.30772
28882,9.267843
28903,9.105988
28924,9.190434
28945,9.15994
28966,9.148211
28987,9.227965
29008,9.237348
29029,9.145865
29050,9.155248
29071,9.164631
29092,9.084876
29113,9.237348
29134,9.2092
29155,9.070802
29176,9.00043
29197,9.03327
29218,8.98401
29239,8.986356
29260,8.98401
29281,8.84092
29302,8.885489
29323,8.871415
29344,8.927712
29365,8.808081
29386,8.794006
29407,8.707214
29428,8.751783
29449,8.704868
29470,8.561779
29491,8.596965
29512,8.796351
29533,9.030925
29554,8.932404
29575,8.805735
29596,8.765858
29617,8.810426
29638,8.876106
29659,8.885489
29680,8.84092
29701,8.894873
29722,9.084876
29743,9.091913
29764,9.073148
29785,9.030925
29806,9.019196
29827,9.253768
29848,9.41797
29869,9.453156
29890,9.514144
29911,9.427352
29932,9.410933
29953,9.366363
29974,9.572787
29995,9.718222
30016,9.568096
30037,9.690074
30058,9.767483
30079,9.802669
30100,9.760445
30121,9.584516
30142,9.600936
30163,9.828471
30184,10.00206
30205,10.14045
30226,9.727605
30247,9.795631
30268,10.02786
30289,10.13342
30310,10.2507
30331,10.04897
30353,10.03724
30376,10.15453
30397,10.14984
30418,10.08181
30439,10.03255
30460,10.14749
30481,10.05601
30502,10.02551
30523,10.07946
30544,10.07712
30565,10.03724
30586,10.06305
30607,10.0302
30628,9.978598
30649,9.957487
30670,9.863657
30691,9.823779
30712,9.866002
30733,9.938721
30754,9.882422
30775,9.880077
30796,9.840199
30817,9.805015
30838,9.781557
30859,9.793285
30880,9.776865
30901,9.880077
30922,9.910572
30943,9.891806
30964,9.903535
30985,9.969215
31006,9.884768
31027,9.915263
31048,9.666616
31069,10.0044
31090,10.05835
31111,10.00675
31132,10.10761
31153,10.05132
31174,10.09588
31196,10.0044
31217,10.04897
31238,10.19675
31259,10.24836
31280,10.28823
31301,10.3328
31322,10.2507
31343,10.24366
31364,10.47589
31385,10.31873
31406,10.35391
31427,10.40317
31448,10.46885
31469,10.56972
31490,10.54861
31511,10.41021
31532,10.59787
31553,10.5791
31574,10.52984
31595,10.51577
31616,10.92158
31637,10.64009
31658,10.70577
31679,10.85355
31700,10.67528
31721,10.5838
31742,10.73861
31763,10.62602
31784,10.73627
31805,10.63071
31826,10.63071
31847,10.70343
31868,10.7996
31889,10.75034
31910,10.76442
31931,10.74331
31952,10.71046
31973,10.72219
31994,10.7996
32015,10.78318
32036,10.78318
32057,10.83713
32078,10.79491
32099,10.73861
32120,10.89812
32141,10.74096
32162,10.66355
32183,10.77145
32204,10.61898
32225,10.59083
32246,10.60491
32267,10.54626
32288,10.39848
32309,10.29762
32330,10.2765
32351,10.26008
32372,10.1991
32393,10.10761
32414,9.950449
32435,9.969215
32456,9.943413
32477,9.776865
32498,9.931683
32519,9.936375
32540,9.744025
32561,9.762791
32582,9.866002
32603,9.80736
32624,9.701802
32645,9.858966
32666,9.755754
32687,9.741679
32708,9.79094
32729,9.704147
32750,9.866002
32771,9.544639
32792,9.666616
32813,9.64785
32834,9.617355
32855,9.551676
32876,9.610318
32897,9.378092
32918,9.591553
32939,9.544639
32960,9.568096
32981,9.485995
33002,9.537601
33023,9.483649
33044,9.432044
33065,9.54933
33086,9.441426
33107,9.375746
33128,9.497724
33149,9.471921
33170,9.270188
33191,9.476612
33212,9.542293
33233,9.455501
33254,9.546985
33275,9.478958
33296,9.474266
33317,9.349943
33338,9.448463
33359,9.469575
33380,9.523527
33401,9.596244
33422,9.572787
33443,9.429698
33464,9.429698
33485,9.535255
33506,9.464884
33527,9.462538
33548,9.509453
33569,9.48834
33590,9.502416
33611,9.450809
33632,9.554022
33653,9.469575
33674,9.504761
33695,9.432044
33716,9.518835
33737,9.518835
33758,9.523527
33779,9.551676
33800,9.481303
33821,9.521181
33842,9.375746
33863,9.387475
33884,9.443772
33905,9.497724
33926,9.471921
33947,9.408587
33968,9.378092
33989,9.331178
34010,9.371055
34031,9.335869
34052,9.364017
34073,9.211545
34094,9.244386
34115,9.279572
34136,9.251423
34157,9.251423
34178,9.124753
34199,9.089567
34220,9.138828
34241,9.084876
34262,9.164631
34283,9.157594
34304,9.127099
34325,9.021542
34346,9.014504
34367,8.988701
34388,9.002776
34409,9.066111
34430,9.091913
34451,9.152903
34472,9.084876
34493,9.103642
34514,9.195126
34535,9.169322
34556,9.150557
34577,9.185742
34598,9.263151
34619,9.396858
34640,9.497724
34661,9.53291
34682,9.425007
34703,9.380438
34724,9.359325
34745,9.464884
34766,9.61501
34787,9.551676
34808,9.650196
34829,9.624393
34850,9.729951
34871,9.537601
34892,9.525873
34913,9.619701
34934,9.812052
34955,9.725259
34976,9.544639
34997,9.708839
35018,9.826125
35039,9.765137
35060,9.652542
35081,9.523527
35102,9.666616
35123,9.854274
35144,9.898843
35165,9.882422
35186,9.765137
35207,9.797977
35228,9.889461
35249,9.957487
35270,9.941067
35291,9.805015
35312,9.866002
35333,9.891806
35354,9.847238
35375,9.877731
35396,9.826125
35417,9.781557
35438,9.734642
35459,9.884768
35480,9.858966
35501,9.685382
35522,9.692419
35543,9.678345
35564,9.661925
35585,9.692419
35606,9.736988
35627,9.840199
35648,9.652542
35669,9.640813
35690,9.678345
35711,9.744025
35732,9.678345
35753,9.755754
35774,9.727605
35795,9.769828
35816,9.685382
35837,9.720568
35858,9.657233
35879,9.694765
35900,9.760445
35921,9.741679
35942,9.828471
35963,9.844892
35984,9.868348
36005,9.934029
36026,9.978598
36047,9.990326
36068,9.969215
36089,10.03724
36110,10.08416
36131,10.07946
36152,10.18737
36173,10.22255
36194,10.17329
36215,10.13811
36236,10.14514
36257,10.13811
36278,10.12169
36299,10.1686
36320,10.20613
36341,10.09588
36362,10.35626
36383,10.1991
36404,10.19206
36425,10.08885
36446,10.27885
36467,10.29292
36488,10.23194
36509,10.34688
36530,10.41256
36551,10.28354
36572,10.26712
36593,10.32107
36614,10.31404
36635,10.18502
36656,10.32576
36677,10.28823
36698,10.4149
36719,10.31638
36740,10.39145
36761,10.42663
36782,10.2765
36803,10.36564
36824,10.39145
36845,10.32342
36866,10.33515
36887,10.32107
36908,10.47355
36929,10.41256
36950,10.39379
36971,10.40317
36992,10.39848
37013,10.41725
37034,10.48997
37055,10.47824
37076,10.53219
37097,10.4712
37118,10.52515
37139,10.48058
37160,10.54392
37181,10.46651
37202,10.44305
37223,10.4149
37244,10.46182
37265,10.49935
37286,10.38675
37307,10.25305
37328,10.32342
37349,10.2249
37370,10.22725
37391,10.3633
37412,10.33515
37433,10.18737
37454,10.15922
37475,10.117
37496,10.14749
37517,10.21786
37538,10.18268
37559,10.11934
37580,10.11934
37601,10.06305
37622,10.05835
37643,10.15453
37664,10.02082
37685,10.12638
37706,10.08181
37727,9.997364
37748,10.03489
37769,10.03959
37790,9.971561
37811,9.959831
37832,10.01848
37853,10.0865
37874,9.941067
37895,9.957487
37916,9.959831
37937,9.77452
37958,9.915263
37979,9.788594
38000,9.795631
38021,9.772174
38042,9.783903
38063,9.877731
38084,9.837853
38105,9.891806
38126,9.835509
38147,9.898843
38168,9.980944
38189,9.734642
38210,9.884768
38231,9.849584
38252,9.896498
38273,9.755754
38294,9.692419
38315,9.978598
38336,9.563404
38357,9.727605
38378,9.7581
38399,9.793285
38420,9.676
38441,9.650196
38462,9.802669
38483,9.788594
38504,9.652542
38525,9.690074
38546,9.741679
38567,9.729951
38588,9.685382
38609,9.704147
38630,9.631431
38651,9.659579
38672,9.659579
38693,9.652542
38714,9.610318
38735,9.563404
38756,9.577478
38777,9.59859
38798,9.676
38819,9.554022
38840,9.575133
38861,9.59859
38882,9.539948
38903,9.657233
38924,9.654888
38945,9.554022
38966,9.591553
38987,9.53291
39008,9.521181
39029,9.483649
39050,9.349943
39071,9.441426
39092,9.385129
39113,9.420315
39134,9.455501
39155,9.464884
39176,9.30772
39197,9.373401
39218,9.441426
39239,9.432044
39260,9.368709
39281,9.368709
39302,9.342906
39323,9.232656
39344,9.293646
39365,9.206854
39386,9.237348
39407,9.263151
39428,9.237348
39449,9.113025
39470,9.225619
39491,9.188088
39512,9.183396
39533,9.260805
39554,9.19278
39575,9.206854
39596,9.25846
39617,9.157594
39638,9.188088
39659,9.166977
39680,9.190434
39701,9.155248
39722,9.073148
39743,9.211545
39764,9.13179
39785,9.15994
39806,9.091913
39827,9.101295
39848,9.073148
39869,9.054381
39890,9.143519
39911,9.366363
39932,9.13179
39953,9.190434
39974,9.38982
39995,9.394512
40016,9.347597
40037,9.319448
40058,9.286609
40079,9.436735
40100,9.558713
40121,9.546985
40142,9.56575
40163,9.636122
40184,9.64785
40205,9.725259
40226,9.736988
40247,9.680691
40268,9.629085
40289,9.734642
40310,9.751062
40331,9.744025
40352,9.734642
40373,9.830817
40394,9.887115
40415,9.711185
40436,9.690074
40457,9.753407
40478,9.823779
40499,9.842546
40520,9.729951
40541,9.643159
40562,9.661925
40583,9.640813
40604,9.624393
40625,9.650196
40646,9.680691
40667,9.814397
40688,9.645505
40709,9.633776
40730,9.493032
40751,9.692419
40772,9.776865
40793,9.767483
40814,9.617355
40835,9.570441
40856,9.481303
40877,9.596244
40898,9.64785
40919,9.732296
40940,9.600936
40961,9.443772
40982,9.476612
41003,9.490686
41024,9.415624
41045,9.467229
41066,9.460192
41087,9.478958
41108,9.448463
41129,9.464884
41150,9.478958
41171,9.441426
41192,9.422661
41213,9.415624
41234,9.41797
41255,9.385129
41276,9.378092
41297,9.410933
41318,9.392166
41339,9.415624
41360,9.35698
41381,9.48834
41402,9.394512
41423,9.48834
41444,9.600936
41465,9.551676
41486,9.596244
41507,9.661925
41528,9.671308
41549,9.659579
41570,9.816743
41591,9.882422
41612,9.837853
41633,9.98329
41654,10.12638
41675,10.13107
41696,10.10527
41717,10.16626
41738,10.30231
41759,10.24601
41780,10.31638
41801,10.29527
41822,10.18033
41843,10.44071
41864,10.64478
41885,10.44305
41906,10.49231
41927,10.50404
41948,10.46651
41969,10.51577
41990,10.54157
42011,10.73158
42032,10.52281
42053,10.6354
42074,10.74096
42095,10.78318
42116,10.69639
42137,10.78084
42158,10.90751
42179,10.81368
42200,10.93331
42221,10.86059
42242,10.91454
42263,10.86294
42284,10.98257
42305,10.85824
42326,10.748
42347,10.748
42368,10.62836
42389,10.61429
42410,10.67762
42431,10.5533
42452,10.62367
42473,10.60256
42494,10.61429
42515,10.76676
42536,10.60491
42557,10.58614
42578,10.51577
42599,10.48762
42620,10.48997
42641,10.5838
42662,10.64009
42683,10.61664
42704,10.50169
42725,10.4149
42746,10.33046
42767,10.40787
42788,10.39379
42809,10.36799
42830,10.27885
42851,10.17095
42872,10.13576
42893,10.10527
42914,10.07946
42935,10.10996
42956,9.936375
42977,9.950449
42998,9.919954
43019,9.926992
43040,9.903535
43061,9.765137
43082,9.736988
43103,9.80736
43124,9.718222
43145,9.748716
43166,9.800323
43187,9.711185
43208,9.654888
43229,9.77452
43250,9.833163
43271,9.884768
43292,9.849584
43313,9.830817
43334,9.830817
43355,9.823779
43376,9.992672
43397,10.0302
43418,9.929338
43439,9.840199
43460,9.85662
43481,9.9223
43502,9.891806
43523,9.847238
43544,9.7581
43565,9.736988
43586,9.772174
43607,9.772174
43628,9.753407
43649,9.666616
43670,9.591553
43691,9.751062
43712,9.776865
43733,9.739333
43754,9.596244
43775,9.685382
43796,9.875386
43817,9.661925
43838,9.725259
43859,9.661925
43880,9.694765
43901,9.624393
43922,9.661925
43943,9.586862
43964,9.640813
43985,9.612664
44006,9.572787
44027,9.535255
44048,9.636122
44069,9.530564
44090,9.605627
44111,9.600936
44132,9.654888
44153,9.610318
44174,9.563404
44195,9.490686
44216,9.504761
44237,9.523527
44258,9.427352
44279,9.364017
44300,9.345251
44321,9.415624
44342,9.396858
44363,9.35698
44384,9.380438
44405,9.246731
44426,9.213891
44447,9.331178
44468,9.371055
44489,9.303029
44510,9.239694
44531,9.270188
44552,9.183396
44573,9.265497
44594,9.249077
44615,9.2092
44636,9.157594
44657,9.166977
44678,9.267843
44699,9.174014
44720,9.174014
44741,9.073148
44762,9.094258
44783,9.073148
44804,9.251423
44825,9.211545
44846,9.141173
44867,9.021542
44888,9.141173
44909,9.174014
44930,9.143519
44951,9.171668
44972,9.359325
44993,9.382783
45014,9.338214
45035,9.429698
45056,9.394512
45077,9.361671
45098,9.235003
45119,9.338214
45140,9.439081
45161,9.485995
45182,9.446118
45203,9.38982
45224,9.434389
45245,9.478958
45266,9.542293
45287,9.544639
45308,9.591553
45329,9.441426
45350,9.502416
45371,9.561059
45392,9.502416
45413,9.420315
45434,9.354634
45455,9.408587
45476,9.460192
45497,9.35698
45518,9.162285
45539,9.335869
45560,9.408587
45581,9.352288
45602,9.277225
45623,9.136482
45644,9.213891
45665,9.249077
45686,9.399203
45707,9.298337
45728,9.256114
45749,9.253768
45770,9.34056
45791,9.432044
45812,9.375746
45833,9.467229
45854,9.502416
45875,9.514144
45896,9.546985
45917,9.591553
45938,9.504761
45959,9.53291
45980,9.692419
46001,9.802669
46022,9.591553
46043,9.525873
46064,9.61501
46085,9.732296
46106,9.678345
46127,9.708839
46148,9.643159
46169,9.603281
46190,9.66427
46211,9.854274
46232,9.861312
46253,9.880077
46274,9.600936
46295,9.805015
46316,9.868348
46337,9.816743
46358,9.819089
46379,9.917608
46400,9.919954
46421,9.889461
46442,9.877731
46463,9.995018
46484,9.901189
46505,9.835509
46526,9.877731
46547,9.938721
46568,9.844892
46589,10.08416
46610,10.03255
46631,9.924646
46652,10.05601
46673,10.04428
46694,9.997364
46715,10.04193
46736,10.04897
46757,10.10761
46778,10.1123
46799,10.16391
46820,10.15922
46841,10.09119
46862,10.37503
46883,10.47824
46904,10.27416
46925,10.28823
46946,10.43601
46967,10.3633
46988,10.33515
47009,10.49935
47030,10.3633
47051,10.32811
47072,10.39145
47093,10.35861
47114,10.42663
47135,10.4454
47156,10.46416
47177,10.52281
47198,10.50873
47219,10.44305
47240,10.55799
47261,10.48997
47282,10.52515
47303,10.54157
47324,10.59552
47345,10.63071
47366,10.67528
47387,10.74331
47408,10.73627
47429,10.69404
47450,10.72923
47471,10.76676
47492,10.83479
47513,10.7175
47534,10.76911
47555,10.79022
47576,10.80899
47597,10.72219
47618,10.73861
47639,10.71985
47660,10.75503
47681,10.69404
47702,10.67293
47723,10.6917
47744,10.54861
47765,10.5533
47786,10.40317
47807,10.46651
47828,10.39379
47849,10.32811
47870,10.22725
47891,10.29762
47912,10.35861
47933,10.31169
47954,10.23663
47975,10.07477
47996,10.04193
48017,10.11465
48038,10.03959
48059,9.969215
48080,10.03959
48101,9.976252
48122,10.03724
48143,9.959831
48164,10.06539
48185,10.05366
48206,10.07946
48227,10.0865
48248,9.98798
48269,9.955141
48290,9.999709
48311,9.959831
48332,10.03724
48353,9.884768
48374,9.990326
48395,10.07243
48416,9.999709
48437,10.00909
48458,10.02786
48479,9.934029
48500,10.06305
48521,9.955141
48542,9.779211
48563,9.924646
48584,9.823779
48605,9.687728
48626,9.753407
48647,9.866002
48668,9.748716
48689,9.694765
48710,9.729951
48731,9.619701
48752,9.718222
48773,9.725259
48794,9.636122
48815,9.622047
48836,9.610318
48857,9.551676
48878,9.575133
48899,9.441426
48920,9.434389
48941,9.410933
48962,9.460192
48983,9.432044
49004,9.504761
49025,9.453156
49046,9.410933
49067,9.464884
49088,9.453156
49109,9.422661
49130,9.401549
49151,9.558713
49172,9.48834
49193,9.382783
49214,9.446118
49235,9.464884
49256,9.378092
49277,9.27488
49298,9.239694
49319,9.244386
49340,9.15994
49361,9.211545
49382,9.075493
49403,9.225619
49424,9.138828
49445,9.063765
49466,8.965244
49487,9.061419
49508,9.059073
49529,9.120062
49550,9.035616
49571,8.995738
49592,9.023888
49613,9.009813
49634,9.052036
49655,9.136482
49676,9.117716
49697,9.101295
49718,9.028579
49739,9.012158
49760,9.080185
49781,9.181051
49802,9.263151
49823,9.007467
49844,9.143519
49865,9.199817
49886,9.094258
49907,9.13179
49928,9.120062
49949,9.174014
49970,9.166977
49991,9.300683
50012,9.263151
50033,9.267843
50054,9.235003
50075,9.225619
50096,9.197471
50117,9.235003
50138,9.272534
50159,9.286609
50180,9.211545
50201,9.232656
50222,9.188088
50243,9.13179
50264,9.223273
50285,9.143519
50306,9.145865
50327,9.15994
50348,9.199817
50369,9.249077
50390,9.263151
50411,9.235003
50432,9.068456
50453,9.129445
50474,9.321795
50495,9.373401
50516,9.403895
50537,9.326486
50558,9.368709
50579,9.450809
50600,9.462538
50621,9.457847
50642,9.554022
50663,9.760445
50684,9.711185
50705,9.765137
50726,9.80736
50747,9.772174
50768,9.654888
50789,9.7581
50810,9.877731
50831,9.943413
50852,10.04897
50873,10.06539
50894,9.962177
50915,10.00206
50936,10.05132
50957,10.12638
50978,10.04897
50999,10.01848
51020,9.976252
51041,9.969215
51062,10.10058
51083,10.18033
51104,10.16626
51125,10.20379
51146,10.12169
51167,10.117
51188,10.18971
51209,10.22725
51230,10.09823
51251,10.13342
51272,10.10996
51293,10.18502
51314,10.18971
51335,10.08181
51356,10.12872
51377,10.19206
51398,10.10996
51419,10.09588
51440,9.912917
51461,10.17095
51482,10.52984
51503,9.98798
51524,10.23663
51545,10.29292
51566,10.26243
51587,10.23428
51608,10.25539
51629,10.31873
51650,10.2765
51671,10.37972
51692,10.34453
51713,10.44774
51734,10.56738
51755,10.51577
51776,10.64713
51797,10.65182
51818,10.70343
51839,10.66824
51863,10.68232
51888,10.90985
51909,10.78084
51930,10.70812
51951,10.68935
51972,10.75269
51993,10.75738
52014,10.7738
52035,10.7996
52056,10.79491
52077,10.77145
52098,10.78553
52119,10.80195
52140,10.80664
52161,10.81837
52182,10.89578
52203,10.7996
52224,10.76442
52245,10.87936
52266,10.80899
52287,10.83948
52308,10.69874
52329,10.74565
52350,10.76676
52371,10.61664
52392,10.63071
52413,10.59787
52434,10.52515
52455,10.48997
52476,10.49935
52497,10.37972
52518,10.38675
52539,10.33046
52560,10.20848
52581,10.12872
52602,10.1991
52623,10.00206
52644,10.04193
52665,10.07008
52686,9.945757
52707,9.957487
52728,9.868348
52749,9.896498
52770,9.835509
52791,9.753407
52812,9.844892
52833,9.837853
52854,9.819089
52875,9.87304
52896,9.887115
52917,10.0044
52938,9.830817
52959,9.85662
52980,9.969215
53001,9.980944
53022,9.929338
53043,9.800323
53064,9.779211
53085,9.802669
53106,9.706493
53127,9.690074
53148,9.7581
53169,9.673654
53190,9.631431
53211,9.652542
53232,9.676
53253,9.572787
53274,9.640813
53295,9.650196
53316,9.556367
53337,9.605627
53358,9.654888
53379,9.673654
53400,9.593899
53421,9.467229
53442,9.525873
53463,9.579824
53484,9.561059
53505,9.556367
53527,9.591553
53548,9.591553
53569,9.699456
53590,9.551676
53611,9.596244
53632,9.509453
53653,9.521181
53674,9.575133
53695,9.528218
53716,9.481303
53737,9.563404
53758,9.50007
53779,9.448463
53800,9.530564
53821,9.561059
53842,9.514144
53863,9.464884
53884,9.462538
53905,9.58217
53926,9.392166
53947,9.40624
53968,9.471921
53989,9.436735
54010,9.375746
54031,9.471921
54052,9.410933
54073,9.319448
54094,9.382783
54115,9.387475
54136,9.237348
54157,9.314757
54178,9.206854
54199,9.251423
54220,9.27488
54241,9.155248
54262,9.183396
54283,9.202163
54304,9.13179
54325,9.188088
54346,9.077839
54367,9.143519
54388,9.101295
54409,9.183396
54430,9.265497
54451,9.319448
54472,9.277225
54493,9.239694
54514,9.2092
54535,9.134136
54556,9.145865
54577,9.176359
54598,9.293646
54619,9.249077
54640,9.164631
54661,9.23031
54682,9.204508
54703,9.481303
54724,9.284263
54745,9.157594
54766,9.232656
54787,9.295992
54808,9.410933
54829,9.413278
54850,9.251423
54871,9.349943
54892,9.265497
54913,9.378092
54934,9.413278
54955,9.375746
54976,9.446118
54997,9.535255
55018,9.502416
55039,9.525873
55060,9.474266
55081,9.427352
55102,9.629085
55123,9.629085
55144,9.570441
55165,9.605627
55186,9.591553
55207,9.66427
55228,9.683037
55249,9.596244
55270,9.631431
55291,9.722914
55312,9.624393
55333,9.708839
55354,9.633776
55375,9.805015
55396,9.7581
55417,9.779211
55438,9.7581
55459,9.685382
55480,9.941067
55501,9.929338
55522,10.03724
55543,9.80736
55564,9.589207
55585,9.802669
55606,9.98798
55627,9.887115
55648,9.917608
55669,9.722914
55690,9.79094
55711,9.701802
55732,9.819089
55753,9.77452
55774,9.66427
55795,9.690074
55816,9.617355
55837,9.570441
55858,9.722914
55879,9.678345
55900,9.61501
55921,9.629085
55942,9.640813
55963,9.666616
55984,9.722914
56005,9.722914
56026,9.66427
56047,9.718222
56068,9.659579
56089,9.795631
56110,9.797977
56131,9.741679
56152,9.844892
56173,9.819089
56194,9.826125
56215,9.877731
56236,9.943413
56257,9.931683
56278,9.772174
56299,9.945757
56320,10.31169
56341,10.19206
56362,10.14984
56383,10.26478
56404,10.22021
56425,10.2765
56446,10.32107
56467,10.35391
56488,10.39379
56509,10.40317
56530,10.44071
56551,10.30465
56572,10.39614
56593,10.41021
56614,10.66824
56635,10.57676
56656,10.63775
56677,10.6354
56698,10.60491
56719,10.57441
56740,10.65182
56761,10.66824
56782,10.78084
56803,10.65417
56824,10.74331
56845,10.76207
56866,10.74096
56887,10.80664
56908,10.86059
56929,10.74096
56950,10.79726
56971,10.72219
56992,10.75503
57013,10.69874
57034,10.72454
57055,10.76442
57076,10.76911
57097,10.64713
57118,10.62367
57139,10.51811
57160,10.59318
57181,10.54626
57202,10.54157
57223,10.52515
57244,10.48997
57265,10.41725
57286,10.40083
57307,10.37503
57328,10.3633
57349,10.27181
57370,10.32342
57391,10.2249
57412,10.28823
57433,10.30231
57454,10.2765
57475,10.24836
57496,10.31169
57517,10.35157
57538,10.46416
57559,10.43836
57580,10.32107
57601,10.34688
57622,10.39614
57643,10.3633
57664,10.28823
57685,10.28823
57706,10.28354
57727,10.30231
57748,10.28589
57769,10.20379
57790,10.35391
57811,10.26008
57832,10.21317
57853,10.14984
57874,10.20848
57895,10.03724
57916,10.04193
57937,9.941067
57958,9.973906
57979,9.990326
58000,9.978598
58021,9.880077
58042,9.659579
58063,9.586862
58084,9.591553
58105,9.643159
58126,9.645505
58147,9.457847
58168,9.474266
58189,9.450809
58210,9.50007
58231,9.483649
58252,9.495378
58273,9.495378
58294,9.30772
58315,9.368709
58336,9.507107
58357,9.495378
58378,9.558713
58399,9.523527
58420,9.415624
58441,9.493032
58462,9.530564
58483,9.607973
58504,9.371055
58525,9.436735
58546,9.443772
58567,9.474266
58588,9.41797
58609,9.462538
58630,9.474266
58651,9.366363
58672,9.378092
58693,9.331178
58714,9.410933
58735,9.38982
58756,9.446118
58777,9.429698
58798,9.359325
58819,9.462538
58840,9.551676
58861,9.455501
58882,9.504761
58903,9.518835
58924,9.483649
58945,9.502416
58966,9.572787
58987,9.570441
59008,9.610318
59029,9.514144
59050,9.446118
59071,9.539948
59092,9.518835
59113,9.464884
59134,9.56575
59155,9.568096
59176,9.53291
59197,9.471921
59218,9.481303
59239,9.443772
59260,9.368709
59281,9.335869
59302,9.385129
59323,9.319448
59344,9.382783
59365,9.326486
59386,9.375746
59407,9.223273
59428,9.197471
59449,9.164631
59470,9.183396
59491,9.227965
59512,9.408587
59533,9.244386
59554,9.197471
59575,9.202163
59596,9.115371
59617,9.19278
59638,9.143519
59659,9.148211
59680,9.120062
59701,9.251423
59722,9.368709
59743,9.439081
59764,9.324141
59785,9.279572
59806,9.190434
59827,9.246731
59848,9.293646
59869,9.349943
59890,9.335869
59911,9.481303
59932,9.495378
59953,9.399203
59974,9.361671
59995,9.371055
60016,9.366363
60037,9.349943
60058,9.40624
60079,9.539948
60100,9.568096
60121,9.401549
60142,9.145865
60163,9.174014
60184,9.401549
60205,9.335869
60226,9.371055
60247,9.349943
60268,9.385129
60289,9.335869
60310,9.270188
60331,9.328832
60352,9.415624
60373,9.448463
60394,9.441426
60415,9.50007
60436,9.464884
60457,9.450809
60478,9.584516
60499,9.603281
60520,9.382783
60541,9.403895
60562,9.657233
60583,9.643159
60604,9.54933
60625,9.542293
60646,9.518835
60667,9.617355
60688,9.788594
60709,9.762791
60730,9.694765
60751,9.645505
60772,9.715877
60793,9.828471
60814,9.816743
60835,9.964523
60856,9.842546
60877,9.840199
60898,9.821435
60919,9.973906
60940,10.00909
60961,10.01144
60982,9.98798
61003,9.992672
61024,10.03959
61045,10.1686
61066,10.21786
61087,10.05835
61108,10.17329
61129,10.11934
61150,10.21552
61171,10.13576
61192,10.18971
61213,10.26712
61234,10.25305
61255,10.39614
61276,10.23663
61297,10.19206
61318,10.16626
61339,10.1991
61360,10.38206
61381,10.47824
61402,10.17329
61423,10.12169
61444,10.2249
61465,10.04193
61486,10.1428
61507,10.11465
61528,10.24836
61549,10.18971
61570,10.2507
61591,10.33749
61612,10.25539
61633,10.22959
61654,10.41021
61675,10.33984
61696,10.38206
61717,10.497
61738,10.48058
61759,10.48997
61780,10.45009
61801,10.37737
61822,10.41725
61843,10.46182
61864,10.52984
61885,10.51811
61906,10.49935
61927,10.48528
61948,10.47355
61969,10.44305
61990,10.54626
62011,10.60491
62032,10.56738
62053,10.58145
62074,10.55565
62095,10.48058
62116,10.53219
62137,10.56268
62158,10.55799
62179,10.62602
62200,10.61898
62221,10.57676
62242,10.58614
62263,10.53923
62284,10.52281
62305,10.45009
62326,10.54861
62347,10.46885
62368,10.45947
62389,10.42663
62410,10.34453
62431,10.307
62452,10.34688
62473,10.29527
62494,10.20613
62515,10.28823
62536,10.19441
62557,10.13107
62578,10.20379
62599,10.18268
62620,10.09354
62641,10.08416
62662,10.07008
62683,10.1123
62704,10.05132
62725,9.990326
62746,10.00206
62767,10.1123
62788,10.12872
62809,10.04193
62830,10.01613
62851,10.12403
62872,10.10761
62893,10.07946
62914,10.07477
62935,10.09354
62956,10.05366
62977,10.14984
62998,10.03489
63019,10.16391
63040,10.18502
63061,9.969215
63082,10.10058
63103,10.08181
63124,10.08885
63145,10.04193
63166,10.11934
63187,10.20144
63208,10.1428
63229,10.19441
63250,10.08181
63271,10.16156
63292,10.09119
63313,9.992672
63334,10.01378
63355,9.826125
63376,9.812052
63397,9.966869
63418,10.01144
63439,9.74637
63460,9.661925
63481,9.835509
63502,9.830817
63523,9.751062
63544,9.760445
63565,9.718222
63586,9.589207
63607,9.603281
63628,9.631431
63649,9.654888
63670,9.464884
63691,9.413278
63712,9.394512
63733,9.38982
63754,9.415624
63775,9.34056
63796,9.326486
63817,9.382783
63838,9.364017
63859,9.284263
63880,9.218582
63901,9.265497
63922,9.263151
63943,9.211545
63964,9.270188
63985,9.239694
64006,9.392166
64027,9.25846
64048,9.345251
64069,9.310066
64090,9.331178
64111,9.263151
64132,9.267843
64153,9.324141
64174,9.303029
64195,9.284263
64216,9.265497
64237,9.213891
64258,9.24204
64279,9.244386
64300,9.263151
64321,9.394512
64342,9.293646
64363,9.227965
64384,9.218582
64405,9.206854
64426,9.176359
64447,9.157594
64468,9.075493
64489,8.974627
64510,9.464884
64531,9.558713
64552,9.040307
64573,9.216236
64594,9.317103
64615,9.265497
64636,9.270188
64657,9.267843
64678,9.2913
64699,9.335869
64720,9.310066
64741,9.206854
64762,9.260805
64783,9.326486
64804,9.361671
64825,9.319448
64846,9.310066
64867,9.279572
64888,9.239694
64909,9.35698
64930,9.310066
64951,9.181051
64972,9.23031
64993,9.408587
65014,9.342906
65035,9.366363
65056,9.41797
65077,9.342906
65098,9.368709
65119,9.478958
65140,9.542293
65161,9.401549
65182,9.481303
65203,9.572787
65224,9.476612
65245,9.429698
65266,9.495378
65287,9.561059
65308,9.572787
65329,9.579824
65350,9.41797
65371,9.474266
65392,9.603281
65413,9.633776
65434,9.507107
65455,9.530564
65476,9.612664
65497,9.509453
65518,9.493032
65539,9.589207
65560,9.629085
65581,9.678345
65602,9.507107
65623,9.542293
65644,9.61501
65665,9.572787
65686,9.493032
65707,9.507107
65728,9.471921
65749,9.631431
65770,9.666616
65791,9.572787
65812,9.607973
65833,9.453156
65854,9.561059
65875,9.687728
65896,9.61501
65917,9.704147
65938,9.645505
65959,9.600936
65980,9.788594
66001,9.85662
66022,9.7581
66043,9.732296
66064,9.722914
66085,9.718222
66106,9.849584
66127,9.722914
66148,9.941067
66169,9.976252
66190,9.936375
66211,9.755754
66232,9.90588
66253,9.833163
66274,10.04428
66295,10.17095
66316,10.00206
66337,9.964523
66358,9.805015
66379,9.908226
66400,9.976252
66421,10.09119
66442,10.06773
66463,10.12872
66484,10.10527
66505,10.16391
66526,10.29292
66547,10.34688
66568,10.34219
66589,10.31169
66610,10.37268
66631,10.30231
66652,10.45713
66673,10.33749
66694,10.35861
66715,10.45478
66736,10.52984
66757,10.54392
66778,10.60022
66799,10.53453
66820,10.67762
66841,10.67528
66862,10.69404
66883,10.73158
66904,10.79022
66925,10.6354
66946,10.51811
66967,10.60725
66988,10.75269
67009,10.83948
67030,10.94738
67051,10.87701
67072,10.87232
67093,10.82306
67114,10.71046
67135,10.82071
67156,10.76442
67177,10.94738
67198,10.75034
67219,10.63306
67240,10.71281
67261,10.60022
67282,10.62367
67303,10.57441
67324,10.46651
67345,10.43367
67366,10.49935
67387,10.42663
67408,10.43132
67429,10.35391
67450,10.32342
67471,10.36095
67492,10.29996
67513,10.25305
67534,10.307
67555,10.26008
67576,10.21083
67597,10.17564
67618,10.2507
67639,10.21786
67660,10.2249
67681,10.1428
67702,10.18268
67723,10.20613
67744,10.10761
67765,10.15687
67786,10.21317
67807,10.10761
67828,10.10761
67849,10.1686
67870,10.20848
67891,10.08181
67912,10.10292
67933,10.03959
67954,10.05601
67975,10.03489
67996,10.06773
68017,10.117
68038,10.02551
68059,10.05132
68080,10.0302
68101,9.98798
68122,10.03255
68143,10.11934
68164,9.98329
68185,9.992672
68206,9.866002
68227,9.772174
68248,9.704147
68269,9.720568
68290,9.722914
68311,9.692419
68332,9.718222
68353,9.643159
68374,9.64785
68395,9.652542
68416,9.636122
68437,9.661925
68458,9.579824
68479,9.556367
68500,9.56575
68521,9.478958
68542,9.511798
68563,9.453156
68584,9.448463
68605,9.371055
68626,9.321795
68647,9.279572
68668,9.380438
68689,9.371055
68710,9.333523
68731,9.319448
68752,9.263151
68773,9.256114
68794,9.211545
68815,9.237348
68836,9.216236
68857,9.300683
68878,9.34056
68899,9.35698
68920,9.401549
68941,9.260805
68962,9.204508
68983,9.260805
69004,9.2913
69025,9.213891
69046,9.263151
69067,9.244386
69088,9.272534
69109,9.220928
69130,9.265497
69151,9.293646
69172,9.305374
69193,9.30772
69214,9.249077
69235,9.2913
69256,9.239694
69277,9.225619
69298,9.185742
69319,9.113025
69340,9.110679
69361,9.206854
69382,9.256114
69403,9.317103
69424,9.249077
69445,9.162285
69466,9.152903
69487,9.216236
69508,9.211545
69529,9.077839
69550,9.202163
69571,9.25846
69592,9.387475
69613,9.345251
69634,9.328832
69655,9.314757
69676,9.345251
69697,9.202163
69718,9.324141
69739,9.195126
69760,9.103642
69781,9.223273
69802,9.347597
69823,9.354634
69844,9.27488
69865,9.134136
69886,8.923021
69907,9.171668
69928,9.288955
69949,9.152903
69970,9.080185
69991,9.249077
70012,9.364017
70033,9.392166
70054,9.368709
70075,9.326486
70096,9.394512
70117,9.502416
70138,9.446118
70159,9.324141
70180,9.490686
70201,9.48834
70222,9.579824
70243,9.530564
70264,9.561059
70285,9.528218
70306,9.518835
70327,9.514144
70348,9.535255
70369,9.476612
70390,9.504761
70411,9.464884
70432,9.403895
70453,9.359325
70474,9.441426
70495,9.450809
70516,9.394512
70537,9.331178
70558,9.30772
70579,9.354634
70600,9.429698
70621,9.314757
70642,9.2913
70663,9.314757
70684,9.385129
70705,9.382783
70726,9.34056
70747,9.244386
70768,9.227965
70789,9.324141
70810,9.436735
70831,9.378092
70852,9.40624
70873,9.382783
70894,9.396858
70915,9.485995
70936,9.537601
70957,9.561059
70978,9.74637
70999,9.732296
71020,9.762791
71041,9.868348
71062,9.889461
71083,9.877731
71104,9.762791
71125,9.887115
71146,9.959831
71167,10.01378
71188,10.02551
71209,9.812052
71230,9.955141
71251,10.05835
71272,10.14045
71293,10.15218
71314,10.1123
71335,10.1428
71356,10.31873
71377,10.29762
71398,10.29762
71419,10.26947
71440,10.3891
71461,10.46651
71482,10.47824
71503,10.45947
71524,10.44071
71545,10.3633
71566,10.63306
71587,10.54626
71608,10.69874
71629,10.65182
71650,10.6917
71671,10.68935
71692,10.65182
71713,10.64478
71734,10.76911
71755,10.77614
71776,10.75034
71797,10.72454
71818,10.64947
71839,10.58849
71860,10.62836
71881,10.65886
71902,10.69874
71923,10.61194
71944,10.69404
71965,10.64478
71986,10.59083
72007,10.6354
72028,10.78318
72049,10.75972
72070,10.68232
72091,10.82775
72112,10.65182
72133,10.64478
72154,10.40317
72175,10.32576
72196,10.2507
72217,10.2765
72238,10.14984
72259,10.10058
72280,9.976252
72301,10.01848
72322,10.07477
72343,9.985635
72364,9.943413
72385,9.929338
72406,9.941067
72427,9.997364
72448,10.02786
72469,9.945757
72490,10.0302
72511,10.04897
72532,10.10761
72553,10.04193
72574,9.973906
72595,10.04193
72616,10.03959
72637,10.03255
72658,10.01144
72679,10.13811
72700,10.10527
72721,10.09588
72742,10.12169
72763,10.11465
72784,10.09823
72805,10.17095
72826,10.06539
72847,10.03724
72868,10.09354
72889,10.08416
72910,9.98798
72931,9.85662
72952,9.952795
72973,9.816743
72994,9.842546
73015,9.849584
73036,9.694765
73057,9.626739
73078,9.579824
73099,9.427352
73120,9.380438
73141,9.476612
73162,9.439081
73183,9.392166
73204,9.523527
73225,9.481303
73246,9.375746
73267,9.457847
73288,9.439081
73309,9.457847
73330,9.427352
73351,9.455501
73372,9.349943
73393,9.401549
73414,9.420315
73435,9.347597
73456,9.293646
73477,9.349943
73498,9.347597
73519,9.164631
73540,9.223273
73561,9.288955
73582,9.211545
73603,9.195126
73624,9.190434
73645,9.211545
73666,9.171668
73687,9.213891
73708,9.408587
73729,9.373401
73750,9.211545
73771,9.190434
73792,9.303029
73813,9.368709
73834,9.174014
73855,9.094258
73876,8.981664
73897,8.90191
73918,8.927712
73939,8.960552
73960,8.871415
73981,9.127099
74002,9.105988
74023,8.90191
74044,8.95117
74065,9.002776
74086,8.920675
74107,8.967589
74128,8.920675
74149,8.981664
74170,8.988701
74191,8.939441
74212,8.869069
74233,8.932404
74254,8.923021
74275,8.890181
74296,8.93475
74317,9.021542
74338,8.899564
74359,8.960552
74380,9.03327
74401,9.021542
74422,8.991047
74443,9.094258
74464,9.19278
74485,9.143519
74506,9.134136
74527,9.197471
74548,9.063765
74569,9.023888
74590,9.056727
74611,9.056727
74632,8.864378
74653,8.697831
74674,8.880798
74695,8.979319
74716,8.885489
74737,8.622768
74758,8.721289
74779,8.765858
74800,8.854995
74821,8.908947
74842,8.784623
74863,8.920675
74884,9.026234
74905,9.059073
74926,9.120062
74947,9.059073
74968,9.042653
74989,9.23031
75010,9.324141
75031,9.286609
75052,9.366363
75073,9.263151
75094,9.30772
75115,9.453156
75136,9.429698
75157,9.394512
75178,9.23031
75199,9.40624
75220,9.413278
75241,9.446118
75262,9.509453
75283,9.450809
75304,9.366363
75325,9.697111
75346,9.420315
75367,9.605627
75388,9.490686
75409,9.687728
75430,9.699456
75451,9.563404
75472,9.652542
75493,9.697111
75514,9.579824
75535,9.561059
75556,9.570441
75577,9.711185
75598,9.793285
75619,9.725259
75640,9.683037
75661,9.720568
75682,9.80736
75703,9.948103
75724,9.90588
75745,10.00206
75766,9.901189
75787,9.819089
75808,9.85662
75829,10.01848
75850,9.980944
75871,9.943413
75892,9.877731
75913,10.13811
75934,10.09354
75955,10.02551
75976,9.973906
75997,10.12403
76018,10.06305
76039,10.24132
76060,10.23897
76081,10.30231
76102,10.31404
76123,10.25305
76144,10.28823
76165,10.3891
76186,10.48762
76207,10.60491
76228,10.45713
76249,10.42429
76270,10.32107
76291,10.23428
76312,10.13342
76333,10.1991
76354,10.11465
76375,10.29292
76396,10.29996
76417,10.34922
76438,10.17564
76459,10.30465
76480,10.23194
76501,10.25539
76522,10.26712
76543,10.34453
76564,10.36095
76585,10.37268
76606,10.35157
76627,10.40552
76648,10.40787
76669,10.35391
76690,10.31873
76711,10.36799
76732,10.38206
76753,10.34219
76774,10.41021
76795,10.33046
76816,10.35391
76837,10.47589
76858,10.45009
76879,10.43367
76900,10.45244
76921,10.22959
76942,10.29996
76963,10.14514
76984,10.04193
77005,9.915263
77026,9.90588
77047,9.85662
77068,9.704147
77089,9.729951
77110,9.697111
77131,9.51649
77152,9.584516
77173,9.619701
77194,9.575133
77215,9.554022
77236,9.657233
77257,9.61501
77278,9.652542
77299,9.704147
77320,9.767483
77341,9.744025
77362,9.753407
77383,9.877731
77404,9.819089
77425,9.891806
77446,9.929338
77467,9.943413
77488,9.901189
77509,9.948103
77530,10.02551
77551,9.903535
77572,9.929338
77593,9.924646
77614,9.901189
77635,9.74637
77656,9.884768
77677,9.931683
77698,9.736988
77719,9.819089
77740,9.762791
77761,9.79094
77782,9.659579
77803,9.544639
77824,9.471921
77845,9.471921
77866,9.378092
77887,9.401549
77908,9.371055
77929,9.415624
77950,9.375746
77971,9.403895
77992,9.436735
78013,9.415624
78034,9.455501
78055,9.509453
78076,9.457847
78097,9.495378
78118,9.483649
78139,9.507107
78160,9.497724
78181,9.495378
78202,9.497724
78223,9.528218
78244,9.556367
78265,9.490686
78286,9.443772
78307,9.483649
78328,9.425007
78349,9.371055
78370,9.366363
78391,9.396858
78412,9.34056
78433,9.256114
78454,9.284263
78475,9.35698
78496,9.300683
78517,9.361671
78538,9.462538
78559,9.495378
78580,9.366363
78601,9.298337
78622,9.342906
78643,9.239694
78664,9.244386
78685,9.174014
78706,9.141173
78727,9.150557
78748,9.15994
78769,9.267843
78790,9.09895
78811,8.937096
78832,8.885489
78853,8.948824
78874,8.906601
78895,8.932404
78916,9.007467
78937,8.95117
78958,8.913638
78979,8.897219
79000,8.955861
79021,8.854995
79042,8.850304
79063,8.859686
79084,8.880798
79105,8.915984
79126,8.815118
79147,8.892527
79168,8.829192
79189,8.836229
79210,8.859686
79231,8.850304
79252,9.012158
79273,8.979319
79294,8.972281
79315,9.009813
79336,9.124753
79357,9.096604
79378,8.974627
79399,9.028579
79420,9.143519
79441,9.021542
79462,8.948824
79483,8.911292
79504,8.756474
79525,8.733017
79546,8.915984
79567,8.887836
79588,8.838574
79609,8.869069
79630,8.822155
79651,8.937096
79672,9.101295
79693,9.077839
79714,9.145865
79735,9.251423
79756,9.295992
79777,9.338214
79798,9.51649
79819,9.537601
79840,9.50007
79861,9.51649
79882,9.793285
79903,9.802669
79924,9.812052
79945,9.767483
79966,9.739333
79987,9.835509
80008,9.875386
80029,9.858966
80050,9.891806
80071,9.945757
80092,9.887115
80113,9.917608
80134,9.805015
80155,9.727605
80176,9.788594
80197,9.823779
80218,10.12169
80239,9.919954
80260,9.537601
80281,9.760445
80302,9.744025
80323,9.556367
80344,9.66427
80365,9.678345
80386,9.563404
80407,9.483649
80428,9.575133
80449,9.502416
80470,9.504761
80491,9.469575
80512,9.474266
80533,9.561059
80554,9.509453
80575,9.51649
80596,9.464884
80617,9.502416
80638,9.476612
80659,9.48834
80680,9.457847
80701,9.497724
80722,9.622047
80743,9.600936
80764,9.61501
80785,9.600936
80806,9.471921
80827,9.640813
80848,9.624393
80869,9.48834
80890,9.622047
80911,9.788594
80932,9.704147
80953,9.711185
80974,9.840199
80995,9.85662
81016,9.744025
81037,9.685382
81058,9.816743
81079,9.938721
81100,9.805015
81121,9.868348
81142,9.917608
81163,9.901189
81184,9.809706
81205,9.800323
81226,9.959831
81247,9.816743
81268,9.833163
81289,9.844892
81310,9.765137
81331,9.903535
81352,9.936375
81373,9.950449
81394,9.926992
81415,10.01378
81436,10.0607
81457,10.04662
81478,10.00909
81499,9.934029
81520,9.948103
81541,10.05835
81562,10.0607
81583,10.09823
81604,10.13342
81625,10.15453
81646,10.12638
81667,10.18502
81688,10.14514
81709,10.17564
81730,10.33515
81751,10.33984
81772,10.37503
81793,10.41021
81814,10.45713
81835,10.45478
81856,10.43132
81877,10.35861
81898,10.33515
81919,10.26478
81940,10.17095
81961,10.10761
81982,10.07712
82003,10.03255
82024,10.01613
82045,9.971561
82066,10.00675
82087,10.00675
82108,10.03724
82129,9.962177
82150,10.02786
82171,10.0607
82192,10.14984
82213,10.13811
82234,10.13342
82255,10.17564
82276,10.13576
82297,10.21317
82318,10.12872
82339,10.1428
82360,10.11934
82381,10.16626
82402,10.1123
82423,10.09588
82444,10.07712
82465,10.06539
82486,10.13342
82507,10.06773
82528,10.09354
82549,10.05132
82570,10.09354
82591,10.08181
82612,10.0044
82633,9.955141
82654,9.870694
82675,9.849584
82696,9.744025
82717,9.734642
82738,9.800323
82759,9.668962
82780,9.612664
82801,9.619701
82822,9.619701
82843,9.720568
82864,9.687728
82885,9.762791
82906,9.786248
82927,9.812052
82948,9.894152
82969,9.976252
82990,9.950449
83011,9.992672
83032,10.06773
83053,10.15687
83074,10.10292
83095,10.117
83116,10.18737
83137,10.09354
83158,10.22959
83179,10.27416
83200,10.17798
83221,10.10996
83242,10.17329
83263,10.03724
83284,9.90588
83305,9.880077
83326,9.877731
83347,9.755754
83368,9.765137
83389,9.711185
83410,9.570441
83431,9.629085
83452,9.464884
83473,9.478958
83494,9.507107
83515,9.528218
83536,9.610318
83557,9.401549
83578,9.333523
83599,9.281918
83620,9.364017
83641,9.518835
83662,9.453156
83683,9.321795
83704,9.314757
83725,9.265497
83746,9.288955
83767,9.34056
83788,9.303029
83809,9.342906
83830,9.366363
83851,9.143519
83872,9.204508
83893,9.202163
83914,9.195126
83935,9.136482
83956,9.23031
83977,9.075493
83998,9.113025
84019,9.096604
84040,9.19278
84061,9.183396
84082,9.122408
84103,9.108333
84124,9.115371
84145,9.415624
84166,9.317103
84187,9.136482
84208,9.091913
84229,9.375746
84250,9.436735
84271,9.190434
84292,9.314757
84313,9.183396
84334,9.066111
84355,9.166977
84376,9.157594
84397,9.09895
84418,9.073148
84439,9.00043
84460,9.068456
84481,9.063765
84502,8.962898
84523,8.995738
84544,9.08253
84565,8.946478
84586,8.960552
84607,9.052036
84628,9.103642
84649,9.138828
84670,9.077839
84691,9.202163
84712,9.155248
84733,9.19278
84754,9.295992
84775,9.263151
84796,9.213891
84817,9.295992
84838,9.396858
84859,9.448463
84880,9.497724
84901,9.380438
84922,9.453156
84943,9.462538
84964,9.427352
84985,9.469575
85006,9.464884
85027,9.385129
85048,9.457847
85069,9.455501
85090,9.399203
85111,9.495378
85132,9.401549
85153,9.48834
85174,9.359325
85195,9.396858
85216,9.303029
85237,9.220928
85258,9.166977
85279,9.143519
85300,9.087222
85321,9.199817
85342,9.164631
85363,9.174014
85384,9.253768
85405,9.286609
85426,9.457847
85447,9.685382
85468,9.136482
85489,9.483649
85510,9.638468
85531,9.530564
85552,9.432044
85573,9.469575
85594,9.729951
85615,9.497724
85636,9.317103
85657,9.579824
85678,9.631431
85699,9.589207
85720,9.748716
85741,9.725259
85762,9.668962
85783,9.692419
85804,9.654888
85825,9.61501
85846,9.624393
85867,9.657233
85888,9.610318
85909,9.612664
85930,9.507107
85951,9.589207
85972,9.64785
85993,9.605627
86014,9.741679
86035,9.715877
86056,9.570441
86077,9.676
86098,9.699456
86119,9.809706
86140,9.744025
86161,9.739333
86182,9.800323
86203,9.882422
86224,9.973906
86245,10.01378
86266,10.0044
86287,10.02317
86308,10.11465
86329,10.10527
86350,10.11465
86371,10.18502
86392,10.14749
86413,10.14749
86434,10.10527
86455,10.15687
86476,10.12169
86497,10.22725
86518,10.14045
86539,10.12169
86560,10.12169
86581,10.15218
86602,10.15218
86623,10.25539
86644,10.2812
86665,10.13107
86686,10.07243
86707,10.19441
86728,10.09823
86749,10.24132
86770,10.2765
86791,10.25774
86812,10.26008
86833,10.15687
86854,10.10292
86875,10.19675
86896,10.14984
86917,10.08181
86938,10.15453
86959,10.06305
86980,9.910572
87001,10.04428
87022,10.03959
87043,10.03255
87064,10.12638
87085,10.18971
87106,10.15218
87127,10.17329
87148,10.14514
87169,10.21317
87190,10.23428
87211,10.32342
87232,10.21786
87253,10.28589
87274,10.24132
87295,10.26947
87316,10.26243
87337,10.29292
87358,10.22255
87379,10.37737
87400,10.34688
87421,10.32342
87442,10.24601
87463,10.36799
87484,10.35626
87505,10.33515
87526,10.30935
87547,10.33984
87568,10.2249
87589,10.18268
87610,10.04662
87631,10.05601
87652,10.02317
87673,10.07946
87694,9.978598
87715,9.919954
87736,9.971561
87757,9.976252
87778,9.98798
87799,10.10527
87820,10.14514
87841,10.15218
87862,10.17095
87883,10.20379
87904,10.27416
87925,10.25774
87946,10.31169
87967,10.34688
87988,10.42663
88009,10.49231
88030,10.497
88051,10.50639
88072,10.53923
88093,10.52281
88114,10.45713
88135,10.57441
88156,10.51342
88177,10.59083
88198,10.47824
88219,10.44774
88240,10.39848
88261,10.32342
88282,10.27885
88303,10.32342
88324,10.29996
88345,10.0607
88366,10.09354
88387,10.12638
88408,10.09354
88429,10.03255
88450,9.875386
88471,9.952795
88492,9.788594
88513,9.769828
88534,9.683037
88555,9.661925
88576,9.736988
88597,9.633776
88618,9.544639
88639,9.50007
88660,9.591553
88681,9.434389
88702,9.413278
88723,9.295992
88744,9.399203
88765,9.469575
88786,9.408587
88807,9.281918
88828,9.122408
88849,9.251423
88870,9.206854
88891,9.134136
88912,9.047344
88933,9.077839
88954,9.061419
88975,8.988701
88996,9.091913
89017,8.953515
89038,8.965244
89059,8.930058
89080,8.906601
89101,9.009813
89122,9.080185
89143,8.969935
89164,9.066111
89185,9.174014
89206,8.955861
89227,9.00043
89248,9.176359
89269,9.042653
89290,8.894873
89311,8.925366
89332,8.880798
89353,8.988701
89374,9.037962
89395,8.974627
89416,8.845612
89437,8.95117
89458,8.958207
89479,9.002776
89500,8.883143
89521,8.962898
89542,8.941787
89563,8.981664
89584,9.035616
89605,8.913638
89626,8.857341
89647,8.920675
89668,9.012158
89689,9.01685
89710,8.883143
89731,8.925366
89752,8.944133
89773,9.073148
89794,9.059073
89815,9.00043
89836,9.080185
89857,9.087222
89878,9.143519
89899,9.070802
89920,9.005121
89941,9.080185
89962,9.077839
89983,9.026234
90004,9.002776
90025,9.028579
90046,8.944133
90067,8.908947
90088,8.864378
90109,8.850304
90130,8.894873
90151,9.563404
90172,8.810426
90193,9.880077
90214,8.611039
90235,9.00043
90256,9.415624
90277,9.380438
90298,9.288955
90319,9.260805
90340,9.408587
90361,9.415624
90382,9.476612
90403,9.58217
90424,9.657233
90445,9.741679
90466,9.690074
90487,9.650196
90508,9.772174
90529,9.77452
90550,9.80736
90571,9.7581
90592,9.617355
90613,9.739333
90634,9.767483
90655,9.835509
90676,9.941067
90697,9.828471
90718,9.673654
90739,9.610318
90760,9.680691
90781,9.683037
90802,9.56575
90823,9.600936
90844,9.751062
90865,9.772174
90886,9.722914
90907,9.722914
90928,9.800323
90949,9.713531
90970,9.793285
90991,9.819089
91012,9.659579
91033,9.729951
91054,9.821435
91075,9.826125
91096,9.861312
91117,9.868348
91138,9.889461
91159,9.85662
91180,9.931683
91201,9.924646
91222,9.854274
91243,9.85662
91264,9.894152
91285,9.819089
91306,9.898843
91327,9.950449
91348,9.903535
91369,9.901189
91390,9.931683
91411,10.01613
91432,9.959831
91453,9.948103
91474,10.03959
91495,10.0607
91516,10.10996
91537,10.05601
91558,10.19675
91579,10.12638
91600,10.09588
91621,10.04662
91642,10.18737
91663,10.1686
91684,10.05601
91705,10.12872
91726,10.10527
91747,10.09823
91768,10.02551
91789,10.04897
91810,10.0865
91831,10.05835
91852,10.12169
91873,10.18502
91894,10.18971
91915,10.21552
91936,10.27416
91957,10.28823
91978,10.33515
91999,10.40317
92020,10.4712
92041,10.4712
92062,10.50639
92083,10.48293
92104,10.50404
92125,10.54861
92146,10.57676
92167,10.66824
92188,10.68935
92209,10.77145
92230,10.76911
92251,10.72688
92272,10.83244
92293,10.81133
92314,10.85355
92335,10.78553
92356,10.80899
92377,10.87701
92398,10.80899
92419,10.66824
92440,10.63071
92461,10.55799
92482,10.56972
92503,10.40787
92524,10.52046
92545,10.45244
92566,10.43601
92587,10.40083
92608,10.33046
92629,10.34219
92650,10.33749
92671,10.33984
92692,10.43367
92713,10.39145
92734,10.39848
92755,10.46182
92776,10.40787
92797,10.36564
92818,10.42898
92839,10.48762
