8816,9.732296
8837,9.530564
8858,9.460192
8879,9.455501
8900,9.202163
8921,9.143519
8942,9.265497
8963,9.174014
8984,9.136482
9005,8.93475
9026,9.077839
9047,8.93475
9068,8.908947
9089,9.035616
9110,9.052036
9131,8.944133
9152,8.815118
9173,8.883143
9194,8.90191
9215,8.838574
9236,8.871415
9257,8.838574
9278,8.836229
9299,8.749437
9320,8.747091
9341,8.69314
9362,8.681411
9383,8.709559
9404,8.615731
9425,8.568816
9446,8.615731
9467,8.535976
9488,8.615731
9509,8.453876
9530,8.41869
9551,8.505482
9572,8.392887
9593,8.416345
9614,8.413999
9635,8.40227
9656,8.256835
9677,8.315477
9698,8.357701
9719,8.296712
9740,8.273255
9761,8.292021
9782,8.233377
9803,8.212266
9824,8.247452
9845,8.153623
9866,8.078559
9887,8.12782
9908,8.141894
9929,8.151278
9950,8.106709
9971,8.036337
9992,7.867445
10013,8.031645
10034,7.98473
10055,7.904976
10076,7.937816
10097,8.022263
10118,8.231031
10139,7.994113
10160,8.094979
10181,8.163006
10202,8.146585
10223,8.055102
10244,8.404615
10265,8.639189
10286,8.765858
10307,8.946478
10328,8.913638
10349,9.01685
10370,9.335869
10391,9.471921
10412,9.586862
10433,9.802669
10454,10.07243
10475,10.30465
10496,10.25539
10517,10.42898
10538,10.73627
10559,11.02714
10580,11.18196
10601,11.38134
10622,11.48925
10643,11.61826
10664,11.74962
10685,11.90444
10706,11.85518
10727,11.84111
10748,11.80357
10769,11.58307
10790,11.77542
10811,11.90209
10832,12.09913
10853,12.06864
10874,12.25161
10895,11.92321
10916,11.81296
10937,11.57369
10958,11.35554
10979,11.39542
11000,11.46579
11021,12.09444
11042,11.71913
11063,11.74493
11084,11.66518
11105,11.80123
11126,11.77073
11147,11.77542
11168,11.78715
11189,11.86222
11210,11.81296
11231,11.75197
11252,11.83876
11273,11.74962
11294,11.71209
11315,11.67221
11336,11.41653
11357,11.27813
11378,11.20307
11399,11.09282
11420,10.97788
11441,10.92627
11462,10.95207
11483,10.86997
11504,10.67528
11526,10.62133
11547,10.57207
11568,10.47589
11589,10.52984
11610,10.49231
11631,10.43836
11652,10.36564
11673,10.40083
11694,10.39848
11715,10.37033
11736,10.41959
11757,10.32342
11778,10.38441
11799,10.31169
11820,10.15453
11841,10.09823
11862,10.07946
11883,9.863657
11904,9.821435
11925,9.657233
11946,9.589207
11967,9.450809
11988,9.467229
12009,9.403895
12030,9.199817
12051,9.084876
12072,8.979319
12093,8.894873
12114,9.059073
12135,8.798697
12156,8.596965
12177,8.594619
12198,8.510174
12219,8.221649
12240,8.214611
12261,8.026954
12282,7.954236
12303,7.761887
12324,7.703244
12345,7.600031
12366,7.532005
12387,7.398299
12408,7.414719
12429,7.297433
12450,7.100392
12471,7.116812
12492,7.053477
12513,7.027674
12534,6.884585
12555,7.008908
12576,6.769645
12597,6.856436
12618,7.180147
12639,7.309161
12660,7.285704
12681,7.339655
12702,7.421756
12723,7.750158
12744,7.930779
12765,7.98473
12786,7.881518
12807,8.064485
12828,8.575853
12849,8.604002
12870,8.519556
12891,8.357701
12912,8.550051
12933,8.470296
12954,8.428073
12975,8.543014
12996,8.8245
13017,8.8245
13038,8.578199
13059,8.657954
13080,8.817463
13101,9.056727
13122,8.920675
13143,8.873761
13164,8.843266
13185,9.901189
13206,9.087222
13227,9.413278
13248,9.216236
13269,9.521181
13290,9.481303
13311,9.521181
13332,9.692419
13353,9.225619
13374,9.77452
13395,9.736988
13416,9.80736
13437,9.607973
13458,9.800323
13479,10.41959
13500,9.729951
13521,9.980944
13542,9.779211
13563,9.915263
13584,10.05132
13605,10.0607
13626,10.08181
13647,10.3891
13668,10.41256
13689,10.75269
13710,10.65886
13731,10.71281
13752,10.86997
13773,10.58145
13794,10.4454
13815,10.29762
13836,10.16156
13857,9.938721
13878,10.05366
13899,10.02551
13920,10.15218
13941,10.20848
13962,10.18971
13983,10.22255
14004,10.4149
14025,10.45478
14046,10.5838
14067,10.72688
14088,10.68701
14109,10.58145
14130,10.62836
14151,10.55096
14172,10.55799
14193,10.59083
14215,10.61898
14236,10.65886
14257,10.87936
14278,10.99664
14299,11.11158
14320,11.21245
14341,11.21949
14362,11.2148
14383,11.20541
14404,10.85824
14425,10.84417
14446,10.37268
14467,10.20144
14488,9.934029
14509,9.809706
14530,9.676
14551,9.631431
14572,9.378092
14593,9.2913
14614,9.190434
14635,9.197471
14656,9.171668
14677,9.063765
14698,9.115371
14719,9.2092
14740,9.012158
14761,8.883143
14782,8.955861
14803,8.958207
14824,8.664991
14845,8.582891
14866,8.535976
14887,8.479678
14908,8.48437
14929,8.348318
14950,8.20992
14971,8.242761
14992,8.252144
15013,8.439801
15034,8.214611
15055,8.109054
15076,8.012879
15097,8.238069
15118,8.315477
15139,8.40227
15160,8.374122
15181,8.526593
15202,8.648571
15223,8.695485
15244,8.69314
15265,8.599311
15286,8.46795
15307,8.409307
15328,8.331898
15349,7.991767
15370,7.914359
15391,7.743121
15412,7.543734
15433,7.541389
15454,7.306816
15475,7.273975
15496,7.205949
15517,7.250518
15538,7.306816
15559,7.346693
15580,7.311507
15601,7.438176
15622,7.475708
15643,7.414719
15664,7.342001
15685,7.388916
15706,7.323236
15727,7.278666
15748,7.236444
15769,7.14496
15790,7.06286
15811,7.156689
15832,7.154344
15853,7.126195
15874,7.121503
15895,7.201258
15916,7.283359
15937,7.381879
15958,7.503857
15979,7.527314
16000,7.311507
16021,7.395953
16042,7.208295
16063,7.327927
16084,7.456942
16105,7.11212
16126,7.041749
16147,7.339655
16168,7.269284
16189,7.712626
16211,7.564846
16232,7.581266
16253,8.048065
16274,8.048065
16295,8.256835
16316,8.303749
16337,8.277946
16358,8.449184
16379,8.763512
16400,9.00043
16421,9.310066
16442,9.300683
16463,9.464884
16484,9.586862
16505,9.912917
16526,10.12638
16547,10.27181
16568,10.58614
16589,10.66121
16610,10.79256
16631,10.8817
16652,11.05294
16673,11.12331
16694,11.37196
16715,11.35788
16736,11.66752
16757,11.92555
16778,12.42754
16799,12.07333
16820,12.0616
16841,12.69964
16862,12.53075
16883,12.5589
16904,12.44865
16925,12.75594
16946,12.54717
16967,12.12728
16988,11.97481
17009,11.70036
17030,11.52912
17051,11.25467
17072,11.19368
17093,11.0506
17114,11.06467
17135,11.0506
17156,10.9122
17177,10.95911
17198,10.97553
17219,11.0459
17240,11.02245
17261,11.0201
17282,11.07405
17303,10.89812
17324,10.85355
17345,10.75972
17366,10.77145
17387,10.73627
17408,10.64478
17429,10.58614
17450,10.47589
17471,10.54861
17492,10.4454
17513,10.42429
17534,10.21786
17555,10.17798
17576,9.999709
17597,9.765137
17618,9.591553
17639,9.284263
17660,9.009813
17681,8.845612
17702,8.669683
17723,8.667336
17744,8.648571
17765,8.545359
17786,8.545359
17807,8.564125
17828,8.648571
17849,8.514865
17870,8.306095
17891,8.45153
17912,8.425727
17933,8.383504
17954,8.430418
17975,8.324861
17996,8.259181
18017,8.355355
18038,8.367084
18059,8.268563
18080,8.165352
18101,8.123129
18122,8.1935
18143,8.170043
18164,8.050411
18185,8.01757
18206,7.912013
18227,7.904976
18248,7.923741
18269,7.904976
18290,7.923741
18311,7.994113
18332,8.083251
18353,7.980039
18374,8.076214
18395,8.273255
18416,8.327207
18437,8.334244
18458,8.277946
18479,8.247452
18500,8.186462
18521,8.174734
18542,8.015225
18563,7.839296
18584,7.813492
18605,7.607069
18626,7.851024
18647,7.475708
18668,7.297433
18689,7.25521
18710,7.330273
18731,7.311507
18752,7.344347
18773,7.4804
18794,7.492128
18815,7.555463
18836,7.600031
18857,7.675095
18878,7.843987
18899,7.888556
18920,7.90263
18941,7.914359
18962,8.010533
18983,8.113746
19004,8.245107
19025,8.364738
19046,8.282638
19067,8.573507
19088,8.535976
19109,8.740054
19130,8.763512
19151,8.876106
19172,9.068456
19193,9.056727
19214,9.281918
19235,9.2913
19256,9.373401
19277,9.422661
19298,9.720568
19319,9.866002
19340,9.884768
19361,10.25774
19382,10.30935
19403,10.46885
19424,10.44305
19445,10.53923
19466,10.42663
19487,10.37972
19508,10.41725
19529,10.44071
19550,10.48058
19572,10.46182
19594,10.56738
19615,10.7996
19636,10.83244
19657,10.97788
19678,11.13035
19699,11.02948
19720,10.81133
19741,11.00368
19762,11.03417
19783,10.96849
19804,10.9638
19825,10.99664
19846,10.92158
19867,11.02479
19888,11.03417
19909,11.04825
19930,11.128
19951,11.22652
19972,11.19838
19993,11.43999
20014,11.36727
20035,11.38369
20056,11.22418
20077,10.96615
20098,10.82541
20119,10.60022
20140,10.34453
20161,10.13107
20182,10.00675
20203,9.823779
20224,9.816743
20245,9.638468
20266,9.671308
20287,9.636122
20308,9.673654
20329,9.734642
20350,9.58217
20371,9.826125
20392,9.868348
20413,9.887115
20434,9.809706
20455,9.999709
20476,9.950449
20497,9.955141
20518,9.971561
20539,9.931683
20560,9.938721
20581,9.866002
20602,9.997364
20623,9.910572
20644,10.0044
20665,9.915263
20686,9.823779
20707,9.840199
20728,9.683037
20749,9.471921
20770,9.493032
20791,9.349943
20812,9.15994
20833,9.143519
20854,8.986356
20875,8.981664
20896,9.007467
20917,8.923021
20938,8.812772
20959,8.876106
20980,8.756474
21001,8.801044
21022,8.768204
21043,8.815118
21064,8.8245
21085,8.756474
21106,8.843266
21127,8.836229
21148,8.758821
21169,8.737708
21190,8.796351
21211,8.723634
21232,8.657954
21253,8.606348
21274,8.625113
21295,8.510174
21316,8.362392
21337,8.242761
21358,8.238069
21379,8.132511
21400,7.912013
21421,7.916704
21442,7.867445
21463,7.799418
21484,7.785344
21505,7.797072
21526,7.684478
21547,7.806456
21568,7.895593
21589,7.942507
21610,7.980039
21631,8.008188
21652,8.083251
21673,8.130166
21694,8.163006
21715,8.092634
21736,7.933125
21757,7.813492
21778,7.707935
21799,7.501511
21820,7.32089
21841,7.217678
21862,7.137923
21883,7.135578
21904,7.316199
21925,7.250518
21946,7.295087
21967,7.137923
21988,7.173109
22009,7.311507
22030,7.426448
22051,7.54608
22072,7.421756
22093,7.482745
22114,7.897939
22135,7.944853
22156,7.900285
22177,7.940162
22198,8.057447
22219,8.141894
22240,8.284984
22261,8.221649
22282,8.404615
22303,8.48437
22324,8.568816
22345,8.69314
22366,8.747091
22387,8.908947
22408,8.667336
22429,8.925366
22450,9.075493
22471,9.028579
22492,9.023888
22513,9.396858
22534,9.077839
22555,9.51649
22576,9.53291
22597,9.711185
22618,9.945757
22639,9.971561
22660,10.0044
22681,9.971561
22702,10.05132
22723,9.919954
22744,10.07477
22765,9.964523
22786,9.903535
22807,9.978598
22828,10.12169
22849,10.37503
22870,10.3891
22891,10.39145
22912,10.42898
22933,10.45713
22954,10.45009
22975,10.52515
22996,10.37268
23017,10.26712
23038,10.25539
23059,10.27181
23080,10.17798
23101,10.15687
23122,10.19675
23143,10.48997
23164,10.61194
23185,10.67997
23206,10.79022
23227,10.90281
23248,11.00134
23269,11.32739
23290,11.14442
23311,11.08109
23332,10.97788
23353,10.67528
23374,10.23428
23395,10.21552
23416,10.07946
23437,9.809706
23458,9.66427
23479,9.453156
23500,9.347597
23521,9.427352
23542,9.48834
23563,9.544639
23584,9.605627
23605,9.626739
23626,9.671308
23647,9.833163
23668,9.828471
23689,9.833163
23710,9.995018
23731,9.945757
23752,9.919954
23773,9.952795
23794,9.955141
23815,9.966869
23836,9.969215
23857,9.863657
23878,10.03255
23899,10.0044
23920,9.934029
23941,9.910572
23962,9.814397
23983,9.769828
24004,9.736988
24025,9.448463
24046,9.138828
24067,9.166977
24088,9.012158
24109,8.871415
24130,8.606348
24151,8.64388
24172,8.56647
24193,8.446838
24214,8.512519
24235,8.528939
24256,8.360046
24277,8.367084
24298,8.20992
24319,8.146585
24340,8.064485
24361,8.109054
24382,8.045719
24403,8.055102
24424,8.071522
24445,7.940162
24466,7.883864
24487,7.83695
24508,7.827567
24529,7.689169
24550,7.707935
24571,7.675095
24592,7.618797
24613,7.548426
24634,7.550771
24655,7.550771
24676,7.419411
24697,7.456942
24718,7.473362
24739,7.541389
24760,7.543734
24781,7.614106
24802,7.801764
24823,7.874481
24844,8.038682
24865,8.076214
24886,8.102016
24907,8.109054
24928,8.137203
24949,8.06214
24970,7.818184
24991,7.583611
25012,7.471016
25033,7.316199
25054,7.25521
25075,7.166072
25096,7.001871
25117,7.086318
25138,7.081625
25159,7.081625
25180,7.025329
25201,7.034711
25222,7.262247
25243,7.424102
25264,7.419411
25285,7.520277
25306,7.637563
25327,7.731392
25348,7.975348
25369,8.186462
25390,8.16066
25411,8.151278
25432,8.413999
25453,8.43511
25474,8.411653
25495,8.474987
25516,8.500791
25537,8.634497
25558,8.707214
25579,8.718943
25600,8.711905
25621,8.847958
25642,8.805735
25663,8.79166
25684,8.925366
25705,8.930058
25726,8.991047
25747,9.007467
25768,9.237348
25789,9.371055
25810,9.535255
25831,9.59859
25852,9.741679
25873,9.596244
25894,9.760445
25915,9.802669
25936,9.837853
25957,9.744025
25978,9.668962
25999,9.697111
26020,9.805015
26041,9.826125
26062,10.10292
26083,10.33984
26104,10.43836
26125,10.46651
26146,10.5838
26167,10.58145
26188,10.45478
26209,10.44071
26230,10.40552
26251,10.98726
26272,10.77145
26293,10.55565
26314,10.33749
26335,10.66355
26356,10.68701
26377,11.52678
26398,11.10924
26419,11.17961
26440,11.06232
26461,11.39542
26482,11.70505
26503,11.78246
26524,11.61122
26545,11.36727
26566,11.128
26587,10.79491
26608,10.6096
26629,10.40317
26650,10.14045
26671,9.889461
26692,9.858966
26713,9.739333
26734,9.626739
26755,9.741679
26776,9.708839
26797,9.673654
26818,9.837853
26839,9.868348
26860,9.77452
26881,9.90588
26902,9.917608
26923,9.955141
26944,9.980944
26965,9.964523
26986,9.971561
27007,9.980944
27028,9.950449
27049,9.995018
27070,9.992672
27091,9.898843
27112,9.903535
27133,9.863657
27154,9.692419
27175,9.495378
27196,9.434389
27217,9.2092
27238,9.117716
27259,9.01685
27280,8.838574
27301,8.803389
27322,8.601656
27343,8.540668
27364,8.564125
27385,8.571162
27406,8.498445
27427,8.421036
27448,8.432764
27469,8.228686
27490,8.170043
27511,8.148932
27532,7.991767
27553,7.904976
27574,7.808801
27595,7.797072
27616,7.808801
27637,7.775961
27658,7.754849
27679,7.689169
27700,7.745467
27721,7.630526
27742,7.534351
27763,7.642255
27784,7.714972
27805,7.54608
27826,7.449905
27847,7.407681
27868,7.449905
27889,7.616452
27910,7.524968
27931,7.524968
27952,7.485091
27973,7.600031
27994,7.879173
28015,7.879173
28036,7.775961
28057,7.91905
28078,7.991767
28099,7.933125
28120,8.003496
28141,7.958928
28162,7.808801
28183,7.517931
28204,7.571883
28225,7.342001
28246,7.311507
28267,7.175455
28288,7.109775
28309,7.093355
28330,7.154344
28351,7.184838
28372,7.227061
28393,7.198912
28414,7.273975
28435,7.510894
28456,7.550771
28477,7.571883
28498,7.705589
28519,7.85337
28540,8.041028
28561,8.198192
28582,8.472641
28603,8.428073
28624,8.618076
28645,8.831537
28666,9.075493
28687,9.105988
28708,9.361671
28729,9.396858
28750,9.715877
28771,9.542293
28792,10.30935
28813,9.966869
28834,10.30231
28855,10.01848
28876,10.37737
28897,10.47355
28918,10.61429
28939,10.88874
28960,10.84652
28981,10.98022
29002,10.9638
29023,11.0459
29044,11.04356
29065,11.01775
29086,10.92158
29107,10.71516
29128,10.81368
29149,10.95911
29170,10.85824
29191,10.90751
29212,10.88405
29233,11.02245
29254,10.98726
29275,11.13739
29296,11.28986
29317,11.29455
29338,11.55727
29359,11.58777
29380,11.56665
29401,11.64406
29422,11.62999
29443,11.75666
29464,11.8716
29485,12.02642
29506,12.10617
29527,12.05926
29548,12.21408
29569,12.29852
29590,12.41581
29611,12.54717
29632,12.43926
29653,12.2821
29674,12.07099
29695,11.91851
29716,11.72382
29737,11.5432
29758,11.32035
29779,11.1327
29800,10.89812
29821,10.72923
29842,10.45009
29863,10.43836
29884,10.46885
29905,10.31638
29926,10.35391
29947,10.2812
29968,10.10996
29989,10.17095
30010,10.10996
30031,10.13342
30052,10.03489
30073,10.2765
30094,9.861312
30115,9.643159
30136,9.596244
30157,9.624393
30178,9.331178
30199,9.19278
30220,8.95117
30241,8.831537
30262,8.90191
30283,8.789314
30304,8.636843
30327,8.367084
30350,8.357701
30371,8.263872
30392,8.273255
30413,8.223994
30434,8.130166
30455,8.299058
30476,8.317823
30497,8.270909
30518,8.296712
30539,8.200537
30560,8.231031
30581,8.163006
30602,8.097325
30623,7.923741
30644,7.764232
30665,7.684478
30686,7.653983
30707,7.616452
30728,7.494474
30749,7.417065
30770,7.414719
30791,7.360767
30812,7.475708
30833,7.539042
30854,7.550771
30875,7.342001
30896,7.33731
30917,7.400644
30938,7.494474
30959,7.428793
30980,7.360767
31001,7.405336
31022,7.363113
31043,7.499165
31064,7.522622
31085,7.590648
31106,7.618797
31127,7.750158
31148,7.761887
31170,7.700898
31191,7.710281
31212,7.839296
31233,7.926087
31254,8.2756
31275,7.766578
31296,7.839296
31317,7.86979
31338,8.174734
31359,7.961274
31380,7.907322
31401,7.947199
31422,8.510174
31443,8.439801
31464,8.695485
31485,8.594619
31506,8.871415
31527,9.01685
31548,9.206854
31569,9.077839
31590,9.394512
31611,9.485995
31632,9.551676
31653,9.894152
31674,9.704147
31695,10.10761
31716,10.18971
31737,10.10761
31758,10.33046
31779,10.45244
31800,10.54861
31821,10.66355
31842,10.64947
31863,10.55096
31884,10.75503
31905,10.73861
31926,10.83713
31947,10.96849
31968,11.12331
31989,11.06232
32010,11.08578
32031,11.27578
32052,11.45406
32073,11.53147
32094,11.5432
32115,11.52443
32136,11.72147
32157,11.62764
32178,11.39307
32199,11.38838
32220,11.19838
32241,11.0506
32262,10.88405
32283,10.67293
32304,10.5791
32325,10.67059
32346,10.5791
32367,10.60022
32388,10.57207
32409,10.64244
32430,10.77614
32451,10.72219
32472,10.90047
32493,10.96849
32514,10.95677
32535,10.98961
32556,11.0764
32577,11.01072
32598,11.05998
32619,10.87936
32640,10.94504
32661,10.98961
32682,10.95207
32703,11.11158
32724,11.00603
32745,11.10455
32766,10.87232
32787,10.81368
32808,10.76911
32829,10.57441
32850,10.46651
32871,10.28354
32892,10.16626
32913,9.90588
32934,9.966869
32955,9.868348
32976,9.66427
32997,9.568096
33018,9.528218
33039,9.366363
33060,9.166977
33081,9.138828
33102,9.09895
33123,8.93475
33144,8.993393
33165,9.00043
33186,8.850304
33207,8.789314
33228,8.808081
33249,8.803389
33270,8.711905
33291,8.761166
33312,8.721289
33333,8.582891
33354,8.559433
33375,8.456222
33396,8.482024
33417,8.36943
33438,8.139548
33459,8.158315
33480,8.141894
33501,8.050411
33522,8.083251
33543,8.024608
33564,8.073868
33585,8.003496
33606,8.076214
33627,7.980039
33648,8.078559
33669,8.083251
33690,8.207574
33711,8.14424
33732,8.20992
33753,8.102016
33774,7.949544
33795,7.982385
33816,7.785344
33837,7.550771
33858,7.431139
33879,7.478054
33900,7.426448
33921,7.452251
33942,7.372496
33963,7.398299
33984,7.419411
34005,7.431139
34026,7.553117
34047,7.625834
34068,7.62818
34089,7.747812
34110,7.883864
34131,7.923741
34152,8.069177
34173,8.008188
34194,8.163006
34215,8.132511
34236,8.331898
34257,8.460913
34278,8.646226
34299,8.629806
34320,8.650917
34341,8.648571
34362,8.869069
34383,8.969935
34404,9.014504
34425,8.955861
34446,9.157594
34467,9.145865
34488,9.220928
34509,9.396858
34530,9.202163
34551,9.284263
34572,9.392166
34593,9.328832
34614,9.150557
34635,9.232656
34656,9.636122
34677,9.558713
34698,9.464884
34719,9.535255
34740,9.762791
34761,9.823779
34782,9.844892
34803,9.762791
34824,9.802669
34845,9.835509
34866,10.10292
34887,10.01144
34908,9.98329
34929,9.896498
34950,9.980944
34971,10.05835
34992,10.13342
35013,10.12638
35034,10.14749
35055,10.14984
35076,10.26243
35097,10.19206
35118,10.34219
35139,10.30935
35160,10.57676
35181,10.56268
35202,10.56034
35223,10.69639
35244,11.02948
35265,11.06467
35286,10.94504
35307,11.14677
35328,11.09751
35349,11.16554
35370,11.04356
35391,11.00603
35412,10.77849
35433,10.59552
35454,10.52984
35475,10.40083
35496,10.29762
35517,10.35861
35538,10.38441
35559,10.41959
35580,10.45947
35601,10.50873
35622,10.54626
35643,10.65651
35664,10.67762
35685,10.76207
35706,10.86763
35727,10.84417
35748,10.85824
35769,10.89578
35790,10.94269
35811,10.94269
35832,10.89812
35853,10.94035
35874,10.95911
35895,10.97788
35916,11.2101
35937,11.19603
35958,11.02714
35979,11.04121
36000,11.01072
36021,10.75738
36042,10.64947
36063,10.53923
36084,10.48058
36105,10.31169
36126,10.13811
36147,10.1428
36168,9.990326
36189,9.903535
36210,9.870694
36231,9.74637
36252,9.678345
36273,9.718222
36294,9.671308
36315,9.610318
36336,9.467229
36357,9.556367
36378,9.338214
36399,9.385129
36420,9.27488
36441,9.073148
36462,9.185742
36483,9.136482
36504,9.073148
36525,9.162285
36546,9.09895
36567,8.974627
36588,8.915984
36609,8.819809
36630,8.632151
36651,8.6603
36672,8.681411
36693,8.514865
36714,8.364738
36735,8.409307
36756,8.294367
36777,8.186462
36798,8.174734
36819,8.252144
36840,8.085596
36861,8.057447
36882,8.102016
36903,8.14424
36924,7.975348
36945,8.109054
36966,8.104362
36987,8.01757
37008,7.851024
37029,7.696206
37050,7.693861
37071,7.541389
37092,7.417065
37113,7.372496
37134,7.445214
37155,7.456942
37176,7.393607
37197,7.28805
37218,7.414719
37239,7.541389
37260,7.698552
37281,7.808801
37302,7.766578
37323,7.841641
37344,8.008188
37365,8.059793
37386,8.071522
37407,8.22634
37428,8.266218
37449,8.360046
37470,8.64388
37491,8.571162
37512,8.794006
37533,8.892527
37554,8.843266
37575,8.784623
37596,8.913638
37617,8.993393
37638,9.01685
37659,8.930058
37680,9.059073
37701,9.169322
37722,9.042653
37743,8.967589
37764,9.096604
37785,9.197471
37806,9.216236
37827,9.138828
37848,9.697111
37869,9.00043
37890,9.181051
37911,9.593899
37932,9.474266
37953,9.410933
37974,9.59859
37995,9.694765
38016,9.830817
38037,9.992672
38058,9.898843
38079,9.87304
38100,9.875386
38121,10.1686
38142,10.22725
38163,10.15218
38184,10.14514
38205,10.12169
38226,10.23194
38247,10.29292
38268,10.39145
38289,10.29527
38310,10.38441
38331,10.36799
38352,10.48762
38373,10.64244
38394,10.72219
38415,10.74096
38436,10.95677
38457,11.1022
38478,11.22418
38499,11.28986
38520,11.4048
38541,11.36961
38562,11.42357
38583,11.36258
38604,11.15615
38625,11.19603
38646,11.07405
38667,10.99664
38688,10.86997
38709,10.84886
38730,10.81133
38751,10.88874
38772,10.84886
38793,10.95911
38814,11.01775
38835,10.98492
38856,11.03652
38877,11.00837
38898,11.14208
38919,11.1327
38940,11.08109
38961,11.22418
38982,11.10924
39003,11.19134
39024,11.1843
39045,11.18899
39066,11.10689
39087,11.22652
39108,11.25702
39129,11.27344
39150,11.24763
39171,11.18899
39192,11.17961
39213,10.79491
39234,10.68232
39255,10.75269
39276,10.4454
39297,10.32342
39318,10.13342
39339,10.03255
39360,9.910572
39381,9.858966
39402,9.788594
39423,9.842546
39444,9.776865
39465,9.607973
39486,9.619701
39507,9.558713
39528,9.455501
39549,9.375746
39570,9.321795
39591,9.326486
39612,9.197471
39633,9.094258
39654,9.110679
39675,9.105988
39696,9.063765
39717,8.829192
39738,8.899564
39759,8.871415
39780,8.664991
39801,8.594619
39822,8.611039
39843,8.45153
39864,8.355355
39885,8.446838
39906,8.350664
39927,8.106709
39948,8.087942
39969,8.22634
39990,8.048065
40011,8.146585
40032,8.120783
40053,8.200537
40074,8.207574
40095,8.059793
40116,8.113746
40137,8.104362
40158,7.944853
40179,7.944853
40200,7.846333
40221,7.85337
40242,7.637563
40263,7.604722
40284,7.604722
40305,7.459288
40326,7.485091
40347,7.475708
40368,7.592994
40389,7.442868
40410,7.581266
40431,7.710281
40452,7.724355
40473,7.707935
40494,7.759541
40515,7.787689
40536,7.860407
40557,7.95189
40578,7.808801
40599,7.834604
40620,7.91905
40641,8.045719
40662,8.170043
40683,8.148932
40704,7.912013
40725,8.038682
40746,8.172389
40767,8.12782
40788,8.200537
40809,8.442147
40830,7.95189
40851,8.371776
40872,8.510174
40893,8.463259
40914,8.437455
40935,8.786969
40956,8.639189
40977,8.93475
40998,8.838574
41019,8.845612
41040,9.145865
41061,9.178705
41082,9.368709
41103,9.493032
41124,9.638468
41145,9.77452
41166,9.720568
41187,9.837853
41208,10.07946
41229,10.04193
41250,10.18268
41271,10.20613
41292,10.25305
41313,10.48058
41334,10.57441
41355,10.62602
41376,10.73392
41397,10.9122
41418,10.95911
41439,11.11627
41460,11.2664
41481,11.33677
41502,11.33677
41523,11.4869
41544,11.52209
41565,11.90913
41586,11.94666
41607,12.13901
41628,12.27975
41649,12.47914
41670,12.72075
41691,12.63161
41712,12.58235
41733,12.50964
41754,12.48149
41775,12.23519
41796,12.06629
41817,11.97247
41838,11.6253
41859,11.52678
41880,11.45171
41901,11.35085
41922,11.43764
41943,11.35319
41964,11.17257
41985,11.17257
42006,11.26875
42027,11.25467
42048,11.27813
42069,11.21245
42090,11.11393
42111,11.1022
42132,11.10924
42153,11.05529
42174,11.06467
42195,11.00368
42216,10.78318
42237,10.83948
42258,10.70343
42279,10.51342
42300,10.44774
42321,10.51811
42342,10.18737
42363,9.638468
42384,9.54933
42405,9.48834
42426,9.249077
42447,9.01685
42468,8.890181
42489,8.596965
42510,8.589928
42531,8.535976
42552,8.482024
42573,8.17708
42594,8.195846
42615,8.17708
42636,8.078559
42657,7.933125
42678,7.862752
42699,7.773615
42720,7.801764
42741,7.722009
42762,7.675095
42783,7.689169
42804,7.426448
42825,7.433485
42846,7.560154
42867,7.682132
42888,7.705589
42909,7.496819
42930,7.381879
42951,7.492128
42972,7.536696
42993,7.532005
43014,7.4804
43035,7.46867
43056,7.454596
43077,7.456942
43098,7.663366
43119,7.710281
43140,7.623489
43161,7.585957
43182,7.750158
43203,8.010533
43224,7.98473
43245,7.872136
43266,8.003496
43287,8.092634
43308,8.167697
43329,8.048065
43350,8.01757
43371,8.080905
43392,8.01757
43413,7.944853
43434,7.975348
43455,8.087942
43476,8.071522
43497,8.031645
43518,8.252144
43539,8.390541
43560,8.517211
43581,8.826846
43602,8.517211
43623,8.716597
43644,8.979319
43665,9.09895
43686,9.157594
43707,9.401549
43728,9.321795
43749,9.457847
43770,9.591553
43791,10.14749
43812,10.06305
43833,10.33749
43854,10.26008
43875,10.38441
43896,10.75269
43917,10.70343
43938,10.94504
43959,11.1843
43980,11.23356
44001,11.22418
44022,11.26406
44043,11.65579
44064,11.37665
44085,11.67221
44106,11.79184
44127,11.80123
44148,12.42285
44169,12.14605
44190,12.00061
44211,11.97481
44232,12.08506
44253,11.84111
44274,11.80357
44295,11.76839
44316,11.79888
44337,11.59246
44358,11.49394
44379,11.50801
44400,11.57135
44421,11.59715
44442,11.59949
44463,11.6253
44484,11.59949
44505,11.48925
44526,11.61122
44547,11.70271
44568,11.61591
44589,11.74024
44610,11.75666
44631,11.67456
44652,11.7074
44673,11.71444
44694,11.77542
44715,11.75666
44736,11.66752
44757,11.66048
44778,11.49628
44799,11.41653
44820,11.35319
44841,11.19603
44862,11.00134
44883,11.03183
44904,10.92862
44925,10.68232
44946,10.59552
44967,10.50169
44988,10.35391
45009,10.44071
45030,10.29762
45051,10.16626
45072,10.05601
45093,10.16156
45114,9.943413
45135,9.788594
45156,9.858966
45177,9.805015
45198,9.654888
45219,9.485995
45240,9.439081
45261,9.375746
45282,9.288955
45303,9.24204
45324,9.204508
45345,9.030925
45366,8.920675
45387,8.920675
45408,8.845612
45429,8.737708
45450,8.554742
45471,8.599311
45492,8.404615
45513,8.216957
45534,8.231031
45555,8.191154
45576,8.012879
45597,8.059793
45618,8.167697
45639,8.026954
45660,8.090288
45681,8.06214
45702,7.996459
45723,7.991767
45744,7.954236
45765,7.85337
45786,7.785344
45807,7.729046
45828,7.813492
45849,7.698552
45870,7.398299
45891,7.433485
45912,7.496819
45933,7.466325
45954,7.379533
45975,7.299778
45996,7.405336
46017,7.492128
46038,7.6446
46059,7.57892
46080,7.571883
46101,7.658674
46122,7.794726
46143,7.822875
46164,7.754849
46185,7.996459
46206,8.031645
46227,8.113746
46248,8.205229
46269,8.137203
46290,8.223994
46311,8.353009
46332,8.294367
46353,8.432764
46374,8.592274
46395,8.596965
46416,8.740054
46437,8.777586
46458,9.089567
46479,9.103642
46500,9.429698
46521,9.084876
46542,9.56575
46563,9.371055
46584,9.35698
46605,10.117
46626,10.00909
46647,9.826125
46668,10.39614
46689,10.39379
46710,10.66355
46731,10.57676
46752,10.71985
46773,10.83479
46794,10.86997
46815,10.938
46836,11.08343
46857,11.1327
46878,11.22652
46899,11.38838
46920,11.54085
46941,11.62999
46962,11.759
46983,11.92086
47004,11.78481
47025,11.78481
47046,11.83876
47067,11.75666
47088,11.95839
47109,12.19296
47130,12.18827
47151,12.2258
47172,12.22815
47193,12.27975
47214,12.2258
47235,12.22346
47256,12.26803
47277,12.39939
47298,12.20235
47319,12.01469
47340,11.90913
47361,11.75666
47382,11.57369
47403,11.55962
47424,11.43295
47445,11.28048
47466,11.20072
47487,11.00368
47508,10.90047
47529,10.94973
47550,10.94035
47571,10.92393
47592,10.78318
47613,10.83713
47634,10.76911
47655,10.93565
47676,11.07874
47697,10.95207
47718,10.88639
47739,10.89812
47760,10.7738
47781,10.71516
47802,10.7996
47823,10.68935
47844,10.63775
47865,10.46885
47886,10.52515
47907,10.31169
47928,10.15922
47949,10.05601
47970,9.769828
47991,9.509453
48012,9.645505
48033,9.352288
48054,9.321795
48075,9.319448
48096,9.13179
48117,8.803389
48138,8.681411
48159,8.894873
48180,8.552396
48201,8.482024
48222,8.463259
48243,8.479678
48264,8.416345
48285,8.376467
48306,8.242761
48327,8.153623
48348,8.167697
48369,8.181771
48390,8.158315
48411,8.231031
48432,8.12782
48453,8.076214
48474,8.1114
48495,8.052756
48516,8.045719
48537,8.043374
48558,8.17708
48579,8.247452
48600,8.20992
48621,8.090288
48642,8.327207
48663,8.40227
48684,8.404615
48705,8.188808
48726,8.331898
48747,8.38585
48768,8.40227
48789,8.465604
48810,8.425727
48831,8.334244
48852,8.334244
48873,8.242761
48894,8.266218
48915,8.202883
48936,8.057447
48957,8.125474
48978,8.085596
48999,8.109054
49020,7.876827
49041,7.904976
49062,7.904976
49083,7.860407
49104,7.914359
49125,7.958928
49146,7.998805
49167,7.996459
49188,8.036337
49209,8.116092
49230,8.085596
49251,8.015225
49272,8.16066
49293,8.289675
49314,8.263872
49335,8.650917
49356,8.718943
49377,8.69314
49398,8.786969
49419,9.037962
49440,9.333523
49461,9.298337
49482,9.570441
49503,9.830817
49524,10.1428
49545,10.40552
49566,10.62367
49587,10.88405
49608,11.11158
49629,11.33208
49650,11.50332
49671,11.63468
49692,11.7637
49713,11.86456
49734,11.8458
49755,12.06629
49776,11.97012
49797,12.08506
49818,12.16716
49839,12.09444
49860,12.10617
49881,12.36186
49902,12.27507
49923,12.30556
49944,12.34074
49965,12.39704
49986,12.37358
50007,12.15074
50028,12.10383
50049,12.16012
50070,12.11321
50091,12.07568
50112,12.20235
50133,12.09913
50154,12.08506
50175,11.95839
50196,12.06395
50217,12.01469
50238,11.99827
50259,12.08975
50280,11.88802
50301,11.5948
50322,11.36023
50343,11.18196
50364,10.97084
50385,10.68935
50406,10.53923
50427,10.29996
50448,10.24601
50469,10.13342
50490,10.0302
50511,9.971561
50532,9.891806
50553,9.776865
50574,9.858966
50595,9.870694
50616,9.992672
50637,9.912917
50658,9.79094
50679,9.781557
50700,9.650196
50721,9.448463
50742,9.633776
50763,9.436735
50784,9.441426
50805,9.251423
50826,9.303029
50847,9.040307
50868,9.044999
50889,9.096604
50910,8.831537
50931,8.711905
50952,8.775241
50973,8.72598
50994,8.540668
51015,8.505482
51036,8.474987
51057,8.526593
51078,8.374122
51099,8.40227
51120,8.388196
51141,8.446838
51162,8.41869
51183,8.345972
51204,8.329552
51225,8.245107
51246,8.167697
51267,8.036337
51288,7.970656
51309,7.780652
51330,7.658674
51351,7.782998
51372,7.722009
51393,7.670403
51414,7.569537
51435,7.614106
51456,7.607069
51477,7.649292
51498,7.621143
51519,7.517931
51540,7.510894
51561,7.630526
51582,7.639909
51603,7.529659
51624,7.515585
51645,7.363113
51666,7.438176
51687,7.583611
51708,7.536696
51729,7.543734
51750,7.541389
51771,7.672749
51792,7.722009
51813,7.773615
51837,7.73843
51862,7.83695
51883,7.888556
51904,8.050411
51925,8.012879
51946,8.005842
51967,8.146585
51988,8.198192
52009,8.195846
52030,8.521902
52051,8.472641
52072,8.498445
52093,8.735363
52114,8.829192
52135,8.869069
52156,8.871415
52177,8.974627
52198,9.223273
52219,9.129445
52240,9.23031
52261,9.324141
52282,9.38982
52303,9.58217
52324,9.521181
52345,9.915263
52366,9.842546
52387,9.826125
52408,9.931683
52429,9.985635
52450,10.13576
52471,10.15922
52492,10.09588
52513,10.16626
52534,10.23663
52555,10.16156
52576,10.09588
52597,10.25305
52618,10.31169
52639,10.37033
52660,10.46416
52681,10.57207
52702,10.59083
52723,10.58145
52744,10.60022
52765,10.78318
52786,10.84183
52807,10.97553
52828,10.91454
52849,10.75738
52870,10.65182
52891,10.63071
52912,10.27416
52933,10.12638
52954,10.08885
52975,10.07243
52996,9.980944
53017,9.978598
53038,10.06305
53059,10.15922
53080,10.28823
53101,10.4149
53122,10.59083
53143,10.60725
53164,10.80429
53185,10.70577
53206,10.75503
53227,10.79256
53248,10.86059
53269,11.02479
53290,11.11393
53311,11.30159
53332,11.12566
53353,11.0506
53374,11.23356
53395,11.29455
53416,11.40245
53437,11.47283
53458,11.569
53479,11.55258
53501,11.35788
53522,11.19603
53543,10.9943
53564,11.04356
53585,10.71985
53606,10.58614
53627,10.40787
53648,10.1428
53669,9.929338
53690,9.90588
53711,9.924646
53732,9.929338
53753,9.769828
53774,9.464884
53795,9.385129
53816,9.493032
53837,9.511798
53858,9.206854
53879,9.105988
53900,9.091913
53921,9.134136
53942,8.998084
53963,8.894873
53984,8.632151
54005,8.657954
54026,8.646226
54047,8.526593
54068,8.146585
54089,8.003496
54110,8.158315
54131,7.930779
54152,7.872136
54173,7.77127
54194,7.736084
54215,7.707935
54236,7.682132
54257,7.710281
54278,7.797072
54299,7.829913
54320,7.712626
54341,7.630526
54362,7.764232
54383,7.83695
54404,7.843987
54425,7.764232
54446,7.860407
54467,7.592994
54488,7.494474
54509,7.292741
54530,7.271629
54551,7.044094
54572,7.074589
54593,7.170763
54614,7.126195
54635,6.999526
54656,7.060514
54677,7.039403
54698,7.191875
54719,7.21064
54740,7.311507
54761,7.323236
54782,7.37015
54803,7.424102
54824,7.539042
54845,7.656329
54866,7.651637
54887,7.569537
54908,7.656329
54929,7.675095
54950,7.625834
54971,7.792381
54992,7.88621
55013,7.872136
55034,7.930779
55055,7.937816
55076,8.123129
55097,7.900285
55118,8.148932
55139,7.890902
55160,7.872136
55181,7.933125
55202,7.635218
55223,8.078559
55244,7.909667
55265,7.963619
55286,8.292021
55307,8.568816
55328,8.646226
55349,8.899564
55370,9.042653
55391,9.014504
55412,9.225619
55433,9.211545
55454,9.399203
55475,9.643159
55496,9.713531
55517,9.819089
55538,9.950449
55559,10.07477
55580,10.40317
55601,10.45009
55622,10.70343
55643,10.78084
55664,10.9943
55685,11.14442
55706,11.32504
55727,11.51036
55748,11.59011
55769,11.44468
55790,11.87864
55811,11.92086
55832,12.05926
55853,12.19296
55874,12.41346
55895,12.51902
55916,12.78409
55937,12.89199
55958,13.17348
55979,13.16879
56000,13.2415
56021,13.02101
56042,12.74656
56063,12.42988
56084,12.06864
56105,11.73789
56126,11.4611
56147,11.1585
56168,11.01775
56189,10.90751
56210,10.64244
56231,10.64009
56252,10.53688
56273,10.43367
56294,10.42429
56315,10.38206
56336,10.57676
56357,10.48997
56378,10.19441
56399,10.09823
56420,10.13811
56441,10.03255
56462,10.11934
56483,9.973906
56504,9.666616
56525,9.335869
56546,9.483649
56567,9.490686
56588,8.911292
56609,9.026234
56630,8.843266
56651,8.747091
56672,8.552396
56693,8.294367
56714,8.371776
56735,8.033991
56756,7.801764
56777,7.851024
56798,7.754849
56819,7.710281
56840,7.548426
56861,7.590648
56882,7.517931
56903,7.349039
56924,7.302124
56945,7.074589
56966,7.015945
56987,6.854091
57008,6.912734
57029,6.945574
57050,6.856436
57071,6.872856
57092,6.78841
57113,6.783719
57134,6.863473
57155,6.943228
57176,6.875202
57197,6.969031
57218,7.0957
57239,7.492128
57260,7.588303
57281,7.555463
57302,7.37015
57323,7.358422
57344,7.51324
57365,7.649292
57386,7.740775
57407,7.686823
57428,7.722009
57449,7.930779
57470,8.245107
57491,8.270909
57512,8.355355
57533,8.315477
57554,8.465604
57575,8.646226
57596,8.6603
57617,8.704868
57638,8.573507
57659,8.428073
57680,8.62746
57701,8.737708
57722,8.744746
57743,8.388196
57764,8.292021
57785,8.411653
57806,9.007467
57827,8.744746
57848,8.634497
57869,8.801044
57890,8.937096
57911,9.056727
57932,9.23031
57953,9.113025
57974,9.27488
57995,9.427352
58016,9.51649
58037,9.685382
58058,9.77452
58079,9.858966
58100,9.896498
58121,10.14984
58142,10.26712
58163,10.38675
58184,10.35861
58205,10.55799
58226,10.66121
58247,10.95442
58268,11.11627
58289,11.13035
58310,11.35085
58331,11.64406
58352,11.90209
58373,12.02876
58394,12.12494
58415,12.2821
58436,12.27975
58457,12.38297
58478,12.44865
58499,12.3947
58520,12.23988
58541,12.04987
58562,11.75197
58583,11.58542
58604,11.50801
58625,11.46344
58646,11.47986
58667,11.47283
58688,11.52912
58709,11.29924
58730,11.43764
58751,11.39307
58772,11.57369
58793,11.60419
58814,11.52912
58835,11.52678
58856,11.45641
58877,11.45641
58898,11.28048
58919,11.3227
58940,11.39073
58961,11.22887
58982,11.22887
59003,11.16319
59024,11.04825
59045,10.9943
59066,10.76207
59087,10.67059
59108,10.52046
59129,10.29996
59150,10.04193
59171,9.844892
59192,9.833163
59213,9.554022
59234,9.448463
59255,9.166977
59276,9.035616
59297,8.925366
59318,8.920675
59339,8.782278
59360,8.702522
59381,8.709559
59402,8.72598
59423,8.716597
59444,8.667336
59465,8.646226
59486,8.580544
59507,8.585237
59528,8.611039
59549,8.582891
59570,8.463259
59591,8.474987
59612,8.611039
59633,8.543014
59654,8.463259
59675,8.364738
59696,8.341281
59717,8.313132
59738,8.292021
59759,8.40227
59780,8.313132
59801,8.299058
59822,8.355355
59843,8.334244
59864,8.329552
59885,8.338935
59906,8.409307
59927,8.456222
59948,8.611039
59969,8.491407
59990,8.38585
60011,8.367084
60032,8.362392
60053,8.231031
60074,8.102016
60095,8.085596
60116,8.026954
60137,7.879173
60158,7.914359
60179,7.827567
60200,7.710281
60221,7.630526
60242,7.663366
60263,7.632872
60284,7.731392
60305,7.602377
60326,7.583611
60347,7.757195
60368,7.822875
60389,7.982385
60410,7.963619
60431,8.057447
60452,8.120783
60473,8.1935
60494,8.317823
60515,8.41869
60536,8.432764
60557,8.474987
60578,8.491407
60599,8.702522
60620,8.634497
60641,8.62746
60662,9.25846
60683,8.718943
60704,8.796351
60725,8.986356
60746,9.105988
60767,9.220928
60788,9.342906
60809,9.408587
60830,9.199817
60851,9.636122
60872,9.668962
60893,9.711185
60914,10.12403
60935,10.10761
60956,10.15218
60977,10.15922
60998,10.31169
61019,10.44305
61040,10.37503
61061,10.52281
61082,10.48762
61103,10.5533
61124,10.81837
61145,10.86997
61166,10.90516
61187,10.96615
61208,11.22418
61229,11.36023
61250,11.38603
61271,11.36492
61292,11.54789
61313,11.47986
61334,11.50801
61355,11.54085
61376,11.66283
61397,11.75197
61418,11.75431
61439,11.81999
61460,11.87395
61481,11.93024
61502,11.90444
61523,11.90913
61544,11.90209
61565,11.79654
61586,11.68394
61607,11.4306
61628,11.50097
61649,11.34146
61670,11.26875
61691,11.10924
61712,10.95911
61733,10.92862
61754,10.84183
61775,10.85824
61796,10.8559
61817,10.75972
61838,10.82071
61859,10.86059
61880,10.8559
61901,10.93096
61922,10.94738
61943,10.9943
61964,10.97553
61985,11.01072
62006,10.9122
62027,10.99195
62048,10.93565
62069,10.9943
62090,10.95442
62111,10.96615
62132,10.80664
62153,10.72454
62174,10.6659
62195,10.63775
62216,10.55096
62237,10.52515
62258,10.45713
62279,10.34922
62300,10.05366
62321,9.978598
62342,9.797977
62363,9.744025
62384,9.671308
62405,9.474266
62426,9.455501
62447,9.378092
62468,9.223273
62489,9.213891
62510,9.047344
62531,9.054381
62552,9.044999
62573,8.899564
62594,8.749437
62615,8.733017
62636,8.669683
62657,8.592274
62678,8.582891
62699,8.486716
62720,8.470296
62741,8.362392
62762,8.247452
62783,8.191154
62804,8.240415
62825,8.120783
62846,8.132511
62867,8.080905
62888,8.001151
62909,8.005842
62930,8.1114
62951,8.055102
62972,7.996459
62993,8.130166
63014,8.092634
63035,8.207574
63056,8.092634
63077,8.069177
63098,8.066831
63119,7.982385
63140,8.113746
63161,8.080905
63182,8.151278
63203,8.0293
63224,8.167697
63245,8.090288
63266,8.01757
63287,7.843987
63308,7.754849
63329,7.766578
63350,7.806456
63371,7.916704
63392,7.90263
63413,7.834604
63434,7.865098
63455,7.963619
63476,8.123129
63497,8.200537
63518,8.444492
63539,8.648571
63560,8.507828
63581,8.552396
63602,8.679066
63623,8.784623
63644,8.845612
63665,8.979319
63686,9.056727
63707,9.687728
63728,9.04969
63749,9.638468
63770,9.059073
63791,9.765137
63812,9.361671
63833,9.711185
63854,9.544639
63875,9.9223
63896,9.898843
63917,9.966869
63938,10.01613
63959,10.15687
63980,10.34688
64001,10.5838
64022,10.65886
64043,10.47589
64064,10.65417
64085,10.76676
64106,10.93331
64127,10.95442
64148,10.80195
64169,10.85121
64190,10.98726
64211,11.0201
64232,10.95911
64253,11.09047
64274,11.07874
64295,11.15381
64316,11.1843
64337,11.14208
64358,11.19838
64379,11.22418
64400,11.16319
64421,11.33912
64442,11.21245
64463,11.33208
64484,11.41653
64505,11.38134
64526,11.40245
64547,11.47752
64568,11.4048
64589,11.45641
64610,11.57369
64631,11.58777
64652,11.73086
64673,11.69802
64694,11.57135
64715,11.48925
64736,11.27813
64757,11.37665
64778,11.25233
64799,11.17257
64820,11.06701
64841,10.76911
64862,10.73392
64883,10.72923
64904,10.70343
64925,10.70108
64946,10.71985
64967,10.74331
64988,10.76911
65009,10.75503
65030,10.66121
65051,10.66121
65072,10.74096
65093,10.73392
65114,10.77614
65135,10.75269
65156,10.72688
65177,10.79022
65198,10.79726
65219,10.78084
65240,10.66355
65261,10.66824
65282,10.66824
65303,10.51577
65324,10.59787
65345,10.4712
65366,10.43132
65387,10.39379
65408,10.19441
65429,10.0607
65450,10.0607
65471,9.636122
65492,9.734642
65513,9.736988
65534,9.591553
65555,9.537601
65576,9.371055
65597,9.293646
65618,9.267843
65639,9.237348
65660,9.174014
65681,9.08253
65702,8.979319
65723,8.972281
65744,8.937096
65765,8.995738
65786,8.969935
65807,8.923021
65828,8.897219
65849,8.730671
65870,8.704868
65891,8.740054
65912,8.580544
65933,8.559433
65954,8.589928
65975,8.580544
65996,8.510174
66017,8.399924
66038,8.30844
66059,8.341281
66080,8.336589
66101,8.338935
66122,8.219303
66143,8.273255
66164,8.317823
66185,8.404615
66206,8.378813
66227,8.336589
66248,8.2756
66269,8.331898
66290,8.432764
66311,8.399924
66332,8.245107
66353,8.247452
66374,8.090288
66395,8.174734
66416,8.024608
66437,8.031645
66458,7.881518
66479,7.874481
66500,7.91905
66521,7.909667
66542,7.829913
66563,7.843987
66584,7.757195
66605,7.865098
66626,7.926087
66647,8.087942
66668,8.22634
66689,8.348318
66710,8.30844
66731,8.306095
66752,8.53363
66773,8.575853
66794,8.606348
66815,8.822155
66836,8.958207
66857,9.040307
66878,9.164631
66899,9.34056
66920,9.225619
66941,9.364017
66962,9.880077
66983,9.718222
67004,9.858966
67025,9.800323
67046,9.898843
67067,9.999709
67088,10.06305
67109,10.06773
67130,9.950449
67151,10.09823
67172,10.08416
67193,10.21786
67214,10.23897
67235,10.41021
67256,10.33984
67277,10.34922
67298,10.40787
67319,10.34688
67340,10.43601
67361,10.37972
67382,10.4454
67403,10.48762
67424,10.41021
67445,10.51577
67466,10.64478
67487,10.67059
67508,10.68232
67529,10.70343
67550,10.85824
67571,10.91689
67592,10.7738
67613,10.80899
67634,11.09047
67655,11.12331
67676,11.08109
67697,11.19838
67718,11.27109
67739,11.42591
67760,11.37665
67781,11.49628
67802,11.43764
67823,11.50566
67844,11.47752
67865,11.48925
67886,11.34146
67907,11.35085
67928,11.24998
67949,11.20072
67970,11.1022
67991,11.15615
68012,11.30159
68033,11.18899
68054,11.13973
68075,11.15146
68096,11.22183
68117,11.21949
68138,11.30628
68159,11.26875
68180,11.37665
68201,11.33677
68222,11.38603
68243,11.47048
68264,11.50097
68285,11.57369
68306,11.50566
68327,11.36492
68348,11.37196
68369,11.45875
68390,11.34381
68411,11.32035
68432,11.30628
68453,11.25467
68474,11.06467
68495,10.96146
68516,10.93096
68537,10.80664
68558,10.72923
68579,10.60022
68600,10.50169
68621,10.38441
68642,10.34453
68663,10.22725
68684,10.10292
68705,9.863657
68726,9.654888
68747,9.561059
68768,9.422661
68789,9.434389
68810,9.385129
68831,9.281918
68852,9.249077
68873,9.056727
68894,9.108333
68915,9.08253
68936,9.047344
68957,8.974627
68978,8.754128
68999,8.822155
69020,8.826846
69041,8.716597
69062,8.604002
69083,8.41869
69104,8.510174
69125,8.432764
69146,8.371776
69167,8.329552
69188,8.212266
69209,8.200537
69230,8.268563
69251,8.273255
69272,8.266218
69293,8.294367
69314,8.268563
69335,8.212266
69356,8.378813
69377,8.345972
69398,8.292021
69419,8.221649
69440,8.231031
69461,8.148932
69482,8.008188
69503,8.099671
69524,8.078559
69545,8.083251
69566,8.104362
69587,8.099671
69608,8.052756
69629,8.092634
69650,8.031645
69671,7.996459
69692,8.097325
69713,8.148932
69734,8.184117
69755,8.294367
69776,8.348318
69797,8.353009
69818,8.327207
69839,8.376467
69860,8.489061
69881,8.510174
69902,8.601656
69923,8.72598
69944,8.850304
69965,8.857341
69986,8.892527
70007,8.862032
70028,8.883143
70049,8.885489
70070,9.077839
70091,9.138828
70112,9.216236
70133,9.03327
70154,9.211545
70175,9.239694
70196,9.497724
70217,9.263151
70238,9.148211
70259,9.570441
70280,9.755754
70301,9.575133
70322,9.732296
70343,9.715877
70364,9.741679
70385,9.962177
70406,10.03959
70427,10.14749
70448,10.0607
70469,10.14749
70490,10.37033
70511,10.38206
70532,10.53923
70553,10.45009
70574,10.56738
70595,10.74096
70616,10.8301
70637,10.82071
70658,11.03652
70679,11.04825
70700,11.12566
70721,11.28751
70742,11.4611
70763,11.58542
70784,11.7074
70805,11.67221
70826,11.64876
70847,11.81765
70868,12.04049
70889,12.08037
70910,11.92086
70931,11.96074
70952,11.97716
70973,11.90913
70994,11.8974
71015,11.82234
71036,11.91382
71057,11.7332
71078,11.68394
71099,11.67456
71120,11.66752
71141,11.56431
71162,11.55258
71183,11.55493
71204,11.5948
71225,11.56196
71246,11.44702
71267,11.38838
71288,11.4306
71309,11.41184
71330,11.47283
71351,11.36258
71372,11.4048
71393,11.40949
71414,11.43764
71435,11.32974
71456,11.33208
71477,11.25233
71498,11.31097
71519,11.28282
71540,11.16788
71561,11.06467
71582,11.04356
71603,10.99195
71624,10.79491
71645,10.81602
71666,10.78318
71687,10.56268
71708,10.52281
71729,10.53453
71750,10.4149
71771,10.3328
71792,10.1123
71813,9.936375
71834,9.802669
71855,9.622047
71876,9.535255
71897,9.54933
71918,9.502416
71939,9.429698
71960,9.267843
71981,9.155248
72002,9.176359
72023,9.023888
72044,8.946478
72065,8.768204
72086,8.782278
72107,8.704868
72128,8.411653
72149,8.362392
72170,8.303749
72191,8.146585
72212,8.1114
72233,8.083251
72254,7.944853
72275,7.975348
72296,8.015225
72317,8.005842
72338,8.01757
72359,8.090288
72380,7.991767
72401,8.015225
72422,7.963619
72443,8.005842
72464,8.184117
72485,8.019917
72506,8.123129
72527,8.010533
72548,8.038682
72569,7.923741
72590,7.980039
72611,7.879173
72632,8.015225
72653,7.973002
72674,7.947199
72695,7.958928
72716,8.080905
72737,8.109054
72758,8.064485
72779,8.019917
72800,8.198192
72821,8.362392
72842,8.392887
72863,8.474987
72884,8.561779
72905,8.500791
72926,8.653263
72947,8.709559
72968,8.784623
72989,8.859686
73010,8.866723
73031,9.09895
73052,9.303029
73073,9.113025
73094,9.2913
73115,9.155248
73136,9.288955
73157,9.387475
73178,9.589207
73199,9.48834
73220,9.453156
73241,9.415624
73262,9.673654
73283,9.617355
73304,9.80736
73325,9.66427
73346,9.919954
73367,9.851928
73388,9.821435
73409,9.706493
73430,9.887115
73451,9.962177
73472,10.06305
73493,10.04193
73514,9.941067
73535,10.07477
73556,10.25539
73577,10.27181
73598,10.30465
73619,10.22959
73640,10.26243
73661,10.33749
73682,10.40787
73703,10.47355
73724,10.48762
73745,10.48293
73766,10.5275
73787,10.65182
73808,10.72219
73829,10.73627
73850,10.81837
73871,10.93565
73892,10.97553
73913,11.17257
73934,11.0459
73955,11.17257
73976,11.15146
73997,11.30393
74018,11.57135
74039,11.57369
74060,11.47048
74081,11.58073
74102,11.58307
74123,11.46813
74144,11.39542
74165,11.40715
74186,11.40949
74207,11.50332
74228,11.47517
74249,11.28986
74270,11.20072
74291,11.27109
74312,11.11393
74333,11.29455
74354,11.3227
74375,11.21949
74396,11.26875
74417,11.25233
74438,11.19603
74459,11.26875
74480,11.2969
74501,11.2969
74522,11.26875
74543,11.22887
74564,11.19134
74585,11.17023
74606,11.23122
74627,11.17257
74648,11.15381
74669,11.11627
74690,10.97553
74711,10.87936
74732,10.96849
74753,10.89343
74774,10.67762
74795,10.65651
74816,10.46416
74837,10.36095
74858,10.4149
74879,10.30935
74900,10.18971
74921,10.01848
74942,10.06305
74963,10.0044
74984,10.01378
75005,9.952795
75026,9.971561
75047,9.767483
75068,9.910572
75089,10.01378
75110,9.821435
75131,9.661925
75152,9.683037
75173,9.659579
75194,9.579824
75215,9.56575
75236,9.464884
75257,9.441426
75278,9.349943
75299,9.23031
75320,9.115371
75341,8.998084
75362,8.873761
75383,8.862032
75404,8.747091
75425,8.545359
75446,8.505482
75467,8.474987
75488,8.41869
75509,8.353009
75530,8.303749
75551,8.303749
75572,8.421036
75593,8.216957
75614,8.139548
75635,8.294367
75656,8.1935
75677,8.22634
75698,8.252144
75719,8.228686
75740,8.14424
75761,8.116092
75782,8.163006
75803,8.078559
75824,7.987076
75845,7.980039
75866,7.982385
75887,8.003496
75908,7.904976
75929,7.95189
75950,7.95189
75971,8.064485
75992,8.026954
76013,8.005842
76034,8.031645
76055,8.277946
76076,8.322515
76097,8.259181
76118,8.322515
76139,8.460913
76160,8.470296
76181,8.381159
76202,8.491407
76223,8.547705
76244,8.723634
76265,8.784623
76286,8.885489
76307,8.904256
76328,8.986356
76349,9.035616
76370,9.019196
76391,9.164631
76412,9.244386
76433,9.342906
76454,9.199817
76475,9.434389
76496,9.443772
76517,9.122408
76538,9.422661
76559,9.53291
76580,9.556367
76601,9.420315
76622,9.917608
76643,9.579824
76664,9.619701
76685,9.607973
76706,9.58217
76727,9.720568
76748,9.837853
76769,10.05835
76790,10.08181
76811,10.04428
76832,10.02786
76853,10.29527
76874,10.37033
76895,10.42194
76916,10.36799
76937,10.32576
76958,10.37268
76979,10.28589
77000,10.6354
77021,10.69874
77042,10.7175
77063,10.90281
77084,10.86997
77105,10.82541
77126,10.98726
77147,10.93565
77168,10.98961
77189,10.95911
77210,11.06701
77231,10.96146
77252,11.1585
77273,11.40949
77294,11.46579
77315,11.41418
77336,11.37665
77357,11.11627
77378,11.1022
77399,11.16084
77420,11.27344
77441,11.25936
77462,11.21949
77483,11.13739
77504,10.9943
77525,10.84652
77546,11.04121
77567,11.08578
77588,11.02714
77609,11.19603
77630,11.17023
77651,11.0764
77672,10.97553
77693,11.07171
77714,11.03417
77735,11.0201
77756,11.09985
77777,11.16319
77798,11.11627
77819,11.17492
77840,11.03183
77861,10.99664
77882,11.00603
77903,11.05763
77924,11.08578
77945,11.0201
77966,10.89109
77987,10.83948
78008,10.748
78029,10.58614
78050,10.54392
78071,10.5275
78092,10.35626
78113,10.28823
78134,10.14514
78155,10.117
78176,9.995018
78197,10.03724
78218,10.08416
78239,10.03489
78260,9.912917
78281,9.903535
78302,9.910572
78323,9.992672
78344,9.997364
78365,9.828471
78386,9.783903
78407,9.805015
78428,9.739333
78449,9.729951
78470,9.699456
78491,9.577478
78512,9.556367
78533,9.593899
78554,9.481303
78575,9.521181
78596,9.518835
78617,9.460192
78638,9.420315
78659,9.387475
78680,9.331178
78701,9.277225
78722,9.216236
78743,9.24204
78764,9.185742
78785,9.035616
78806,9.030925
78827,9.054381
78848,9.108333
78869,8.944133
78890,8.923021
78911,8.915984
78932,8.845612
78953,8.887836
78974,8.847958
78995,8.815118
79016,8.716597
79037,8.709559
79058,8.67672
79079,8.789314
79100,8.653263
79121,8.521902
79142,8.552396
79163,8.606348
79184,8.500791
79205,8.505482
79226,8.528939
79247,8.521902
79268,8.446838
79289,8.514865
79310,8.543014
79331,8.507828
79352,8.528939
79373,8.465604
79394,8.399924
79415,8.453876
79436,8.355355
79457,8.496099
79478,8.625113
79499,8.575853
79520,8.531285
79541,8.470296
79562,8.517211
79583,8.496099
79604,8.589928
79625,8.53363
79646,8.496099
79667,8.524248
79688,8.657954
79709,8.613385
79730,8.350664
79751,8.406961
79772,8.362392
79793,8.416345
79814,8.460913
79835,8.456222
79856,8.158315
79877,8.374122
79898,8.512519
79919,8.601656
79940,8.798697
79961,8.815118
79982,9.04969
80003,9.047344
80024,9.009813
80045,9.01685
80066,9.263151
80087,9.202163
80108,9.373401
80129,9.514144
80150,9.410933
80171,9.530564
80192,9.483649
80213,9.708839
80234,9.694765
80255,9.9223
80276,9.924646
80297,9.889461
80318,10.10761
80339,10.12638
80360,10.42898
80381,10.44071
80402,10.42429
80423,10.5791
80444,10.81133
80465,10.98022
80486,11.04825
80507,11.02245
80528,10.80195
80549,10.88639
80570,11.1843
80591,11.17257
80612,11.29455
80633,11.27813
80654,11.47283
80675,11.40715
80696,11.45875
80717,11.39776
80738,11.41418
80759,11.49394
80780,11.81999
80801,11.67456
80822,11.83407
80843,11.8716
80864,11.79654
80885,11.68394
80906,11.88567
80927,11.92321
80948,12.10383
80969,12.14839
80990,12.15543
81011,12.1742
81032,12.16716
81053,12.17654
81074,12.37124
81095,12.32198
81116,12.37124
81137,12.22815
81158,12.21173
81179,12.2258
81200,12.30556
81221,12.10617
81242,12.10852
81263,12.04987
81284,11.83172
81305,11.85283
81326,11.75666
81347,11.54085
81368,11.56196
81389,11.36258
81410,11.25467
81431,11.1327
81452,11.2148
81473,11.0459
81494,10.89812
81515,10.86294
81536,10.71516
81557,10.5838
81578,10.35391
81599,10.04897
81620,10.09354
81641,9.891806
81662,9.783903
81683,9.586862
81704,9.429698
81725,9.084876
81746,9.035616
81767,8.913638
81788,8.641534
81809,8.446838
81830,8.299058
81851,8.254489
81872,8.066831
81893,7.914359
81914,7.83695
81935,7.707935
81956,7.794726
81977,7.632872
81998,7.564846
82019,7.679786
82040,7.642255
82061,7.592994
82082,7.618797
82103,7.691514
82124,7.719663
82145,7.625834
82166,7.585957
82187,7.658674
82208,7.616452
82229,7.527314
82250,7.454596
82271,7.316199
82292,7.360767
82313,7.431139
82334,7.349039
82355,7.269284
82376,7.194221
82397,7.339655
82418,7.4804
82439,7.515585
82460,7.471016
82481,7.607069
82502,7.714972
82523,7.684478
82544,7.712626
82565,7.813492
82586,7.95189
82607,7.994113
82628,8.188808
82649,8.221649
82670,8.421036
82691,8.383504
82712,8.41869
82733,8.428073
82754,8.69314
82775,8.887836
82796,8.876106
82817,9.096604
82838,9.425007
82859,9.295992
82880,9.328832
82901,9.575133
82922,9.528218
82943,9.589207
82964,10.03255
82985,10.01144
83006,10.07008
83027,10.03724
83048,10.24836
83069,10.37268
83090,10.52984
83111,10.56503
83132,10.56034
83153,10.55096
83174,10.73392
83195,10.82541
83216,10.80664
83237,10.66824
83258,10.78553
83279,10.90985
83300,10.88874
83321,10.95911
83342,10.938
83363,11.06936
83384,11.03652
83405,11.14677
83426,11.16319
83447,11.23591
83468,11.08578
83489,11.2922
83510,11.3227
83531,11.47752
83552,11.67456
83573,11.77308
83594,11.81999
83615,11.92086
83636,12.02407
83657,11.92321
83678,11.83172
83699,11.81765
83720,12.04987
83741,11.78715
83762,11.60419
83783,11.36492
83804,11.26875
83825,11.17726
83846,11.14208
83867,11.11158
83888,11.19838
83909,11.19838
83930,10.92393
83951,10.76911
83972,10.89343
83993,11.03887
84014,11.12097
84035,11.18196
84056,11.08343
84077,11.06936
84098,10.97553
84119,11.06232
84140,10.98961
84161,10.94035
84182,10.82071
84203,10.83713
84224,10.78318
84245,10.78084
84266,10.81602
84287,10.61194
84308,10.60256
84329,10.48293
84350,10.2812
84371,10.11934
84392,10.12169
84413,9.485995
84434,9.528218
84455,9.478958
84476,9.169322
84497,9.129445
84518,9.068456
84539,9.052036
84560,9.014504
84581,9.070802
84602,8.908947
84623,8.981664
84644,8.920675
84665,8.817463
84686,8.747091
84707,8.857341
84728,8.758821
84749,8.604002
84770,8.538322
84791,8.409307
84812,8.284984
84833,8.383504
84854,8.416345
84875,8.165352
84896,8.120783
84917,7.949544
84938,8.0293
84959,8.038682
84980,7.991767
85001,7.780652
85022,7.88621
85043,7.949544
85064,7.843987
85085,7.712626
85106,7.815838
85127,8.06214
85148,7.970656
85169,7.879173
85190,7.893247
85211,8.005842
85232,8.132511
85253,8.041028
85274,8.043374
85295,7.944853
85316,7.785344
85337,7.560154
85358,7.616452
85379,7.454596
85400,7.316199
85421,7.424102
85442,7.360767
85463,7.463979
85484,7.426448
85505,7.541389
85526,7.658674
85547,7.539042
85568,7.883864
85589,7.921396
85610,8.057447
85631,7.968311
85652,7.900285
85673,8.207574
85694,8.503136
85715,8.897219
85736,8.585237
85757,9.13179
85778,8.906601
85799,9.181051
85820,9.64785
85841,9.450809
85862,9.722914
85883,10.10292
85904,10.17798
85925,10.25305
85946,10.55096
85967,10.41021
85988,10.7996
86009,10.96146
86030,10.89578
86051,11.17257
86072,11.46344
86093,11.36492
86114,11.3227
86135,11.41184
86156,11.569
86177,11.51739
86198,11.58542
86219,11.74727
86240,11.60184
86261,11.87864
86282,11.86222
86303,11.69567
86324,11.82468
86345,11.65345
86366,11.65814
86387,11.77542
86408,11.88567
86429,12.01703
86450,12.01703
86471,12.0616
86492,11.95135
86513,12.17654
86534,12.0921
86555,12.24926
86576,12.32432
86597,12.40408
86618,12.35247
86639,12.42754
86660,12.34544
86681,12.34074
86702,12.39939
86723,12.26803
86744,12.19296
86765,12.01
86786,11.90444
86807,11.85752
86828,11.6511
86849,11.46813
86870,11.39073
86891,11.22418
86912,11.01306
86933,10.97788
86954,10.92393
86975,10.76207
86996,10.71985
87017,10.6659
87038,10.4454
87059,10.45947
87080,10.50639
87101,10.36564
87122,10.32107
87143,10.34453
87164,10.33046
87185,10.10527
87206,10.13576
87227,10.00675
87248,9.828471
87269,9.861312
87290,9.64785
87311,9.474266
87332,9.396858
87353,9.347597
87374,9.366363
87395,9.15994
87416,9.155248
87437,9.066111
87458,8.90191
87479,8.845612
87500,8.838574
87521,8.709559
87542,8.782278
87563,8.758821
87584,8.575853
87605,8.45153
87626,8.378813
87647,8.409307
87668,8.280293
87689,8.268563
87710,8.259181
87731,8.165352
87752,8.134857
87773,8.097325
87794,8.1114
87815,8.125474
87836,7.98473
87857,7.994113
87878,8.052756
87899,8.078559
87920,8.085596
87941,8.012879
87962,7.968311
87983,7.98473
88004,8.123129
88025,8.198192
88046,8.078559
88067,8.045719
88088,8.055102
88109,8.041028
88130,8.076214
88151,8.163006
88172,8.270909
88193,8.202883
88214,8.256835
88235,8.223994
88256,8.28733
88277,8.360046
88298,8.141894
88319,8.092634
88340,8.202883
88361,8.22634
88382,8.050411
88403,8.14424
88424,8.425727
88445,8.214611
88466,8.341281
88487,8.20992
88508,8.268563
88529,8.629806
88550,8.601656
88571,8.512519
88592,8.796351
88613,8.674374
88634,9.199817
88655,9.202163
88676,8.852649
88697,9.227965
88718,9.392166
88739,9.563404
88760,9.802669
88781,9.891806
88802,10.08416
88823,10.14749
88844,10.29527
88865,10.60256
88886,10.68935
88907,10.81602
88928,10.86528
88949,11.04825
88970,11.31801
88991,11.55258
89012,11.7074
89033,11.6769
89054,11.62999
89075,11.73555
89096,11.85987
89117,11.85752
89138,11.97247
89159,12.08271
89180,12.21408
89201,12.30321
89222,12.39
89243,12.27037
89264,12.10852
89285,12.01234
89306,12.08271
89327,12.16482
89348,12.27741
89369,12.29148
89390,12.28679
89411,12.14839
89432,12.04049
89453,12.15309
89474,12.1437
89495,12.16716
89516,12.13197
89537,12.05457
89558,12.04987
89579,12.10148
89600,12.01
89621,11.87629
89642,11.60419
89663,11.49159
89684,11.50097
89705,11.47517
89726,11.44702
89747,11.45875
89768,11.41887
89789,11.44468
89810,11.28282
89831,11.32739
89852,11.36492
89873,11.10924
89894,11.04356
89915,10.91689
89936,10.86294
89957,10.66355
89978,10.67762
89999,10.7175
90020,10.50639
90041,10.33515
90062,10.2812
90083,10.20613
90104,9.936375
90125,9.727605
90146,9.805015
90167,9.462538
90188,9.396858
90209,9.349943
90230,9.09895
90251,9.101295
90272,9.117716
90293,8.962898
90314,8.862032
90335,8.904256
90356,8.862032
90377,8.904256
90398,8.908947
90419,8.833883
90440,8.747091
90461,8.721289
90482,8.798697
90503,8.683757
90524,8.636843
90545,8.517211
90566,8.411653
90587,8.538322
90608,8.56647
90629,8.432764
90650,8.327207
90671,8.376467
90692,8.322515
90713,8.277946
90734,8.252144
90755,8.296712
90776,8.120783
90797,8.057447
90818,8.092634
90839,8.073868
90860,8.158315
90881,7.954236
90902,7.916704
90923,7.843987
90944,7.825221
90965,7.86979
90986,7.719663
91007,7.757195
91028,7.722009
91049,7.740775
91070,7.670403
91091,7.66102
91112,7.773615
91133,7.616452
91154,7.600031
91175,7.684478
91196,7.790035
91217,7.860407
91238,7.630526
91259,7.693861
91280,8.048065
91301,8.087942
91322,8.188808
91343,8.172389
91364,8.289675
91385,8.543014
91406,8.634497
91427,8.878452
91448,8.90191
91469,9.260805
91490,9.24204
91511,9.706493
91532,9.882422
91553,9.795631
91574,9.997364
91595,10.26712
91616,10.35861
91637,10.39145
91658,10.60256
91679,10.76911
91700,10.95677
91721,10.86763
91742,10.90281
91763,11.11627
91784,11.22418
91805,11.25233
91826,11.39073
91847,11.45406
91868,11.70036
91889,11.569
91910,11.60888
91931,11.69802
91952,11.69332
91973,11.61122
91994,11.67925
92015,11.8458
92036,11.8458
92057,12.07802
92078,12.15074
92099,12.11086
92120,12.11321
92141,12.24692
92162,12.1742
92183,11.9537
92204,12.26803
92225,12.30556
92246,12.34544
92267,12.21877
92288,12.00765
92309,11.89271
92330,11.67221
92351,11.51036
92372,11.45406
92393,11.38369
92414,11.33677
92435,11.27109
92456,11.2148
92477,11.15615
92498,11.20307
92519,11.21949
92540,11.13973
92561,11.20072
92582,11.04825
92603,11.00603
92624,10.90047
92645,11.00134
92666,10.8817
92687,11.16554
92708,11.14912
92729,11.19368
92750,11.13739
92771,10.97553
92792,10.69404
92813,10.75503
