8822,8.653263
8843,8.564125
8864,8.672029
8885,8.559433
8906,8.554742
8927,8.587582
8948,8.629806
8969,8.761166
8990,8.690794
9011,8.653263
9032,8.69314
9053,8.69314
9074,8.615731
9095,8.655608
9116,8.697831
9137,8.810426
9158,8.770549
9179,8.765858
9200,8.657954
9221,8.641534
9242,8.700177
9263,8.681411
9284,8.728326
9305,8.618076
9326,8.667336
9347,8.697831
9368,8.810426
9389,8.737708
9410,8.592274
9431,8.446838
9452,8.360046
9473,8.45153
9494,8.474987
9515,8.322515
9536,8.212266
9557,8.322515
9578,8.306095
9599,8.200537
9620,8.188808
9641,8.219303
9662,8.080905
9683,8.364738
9704,8.404615
9725,8.557088
9746,8.573507
9767,8.775241
9788,8.939441
9809,8.98401
9830,9.134136
9851,9.188088
9872,9.40624
9893,9.668962
9914,9.809706
9935,9.802669
9956,9.915263
9977,9.948103
9998,9.997364
10019,10.09354
10040,9.950449
10061,10.26008
10082,10.07712
10103,10.15687
10124,10.17095
10145,10.06773
10166,10.04193
10187,10.14045
10208,9.931683
10229,9.889461
10250,10.08416
10271,10.10292
10292,10.15687
10313,10.08416
10334,10.24836
10355,10.12169
10376,10.21786
10397,10.34688
10418,10.43132
10439,10.49466
10460,10.55799
10481,10.61664
10502,10.63071
10523,10.69639
10544,10.67059
10565,10.61429
10586,10.63071
10607,10.60725
10628,10.79491
10649,10.78318
10670,10.96849
10691,10.92627
10712,10.98726
10733,10.9943
10754,11.05763
10775,11.04825
10796,11.11862
10817,11.05763
10838,11.03887
10859,11.07874
10880,11.17023
10901,11.21949
10922,11.19134
10943,11.19368
10964,11.16554
10985,11.20541
11006,11.21714
11027,11.21245
11048,11.30393
11069,11.22183
11090,11.16084
11111,11.13739
11132,11.06232
11153,10.86294
11174,10.8559
11195,10.7175
11216,10.55565
11237,10.40787
11258,10.38441
11279,10.24836
11300,10.10292
11321,10.12872
11342,10.10996
11363,9.903535
11384,9.957487
11405,9.898843
11426,9.847238
11447,9.851928
11468,9.830817
11489,9.795631
11510,9.863657
11532,9.814397
11553,9.823779
11574,9.931683
11595,9.87304
11616,9.729951
11637,9.802669
11658,9.868348
11679,9.837853
11700,9.826125
11721,9.800323
11742,9.849584
11763,9.828471
11784,9.833163
11805,9.781557
11826,9.741679
11847,9.786248
11868,9.622047
11889,9.617355
11910,9.48834
11931,9.436735
11952,9.375746
11973,9.342906
11994,9.249077
12015,9.25846
12036,9.281918
12057,9.251423
12078,9.202163
12099,9.225619
12120,9.256114
12141,9.303029
12162,9.190434
12183,9.232656
12204,9.244386
12225,9.27488
12246,9.286609
12267,9.319448
12288,9.349943
12309,9.380438
12330,9.462538
12351,9.401549
12372,9.366363
12393,9.333523
12414,9.446118
12435,9.352288
12456,9.295992
12477,9.30772
12498,9.385129
12519,9.378092
12540,9.354634
12561,9.25846
12582,9.225619
12603,9.150557
12624,9.333523
12645,9.211545
12666,9.272534
12687,9.263151
12708,9.178705
12729,9.256114
12750,9.2092
12771,9.174014
12792,9.190434
12813,9.134136
12834,9.190434
12855,9.176359
12876,9.171668
12897,9.063765
12918,9.00043
12939,9.122408
12960,9.059073
12981,9.030925
13002,9.084876
13023,9.012158
13044,8.991047
13065,9.054381
13086,9.04969
13107,9.09895
13128,9.141173
13149,9.232656
13170,9.143519
13191,9.188088
13212,9.185742
13233,9.108333
13254,9.155248
13275,9.249077
13296,9.218582
13317,9.162285
13338,9.105988
13359,9.176359
13380,9.174014
13401,9.178705
13422,9.197471
13443,9.251423
13464,9.213891
13485,9.183396
13506,9.211545
13527,9.047344
13548,9.155248
13569,9.066111
13590,9.044999
13611,8.913638
13632,8.772895
13653,8.716597
13674,8.808081
13695,8.6603
13716,8.552396
13737,8.557088
13758,8.535976
13779,8.528939
13800,8.578199
13821,8.535976
13842,8.428073
13863,8.439801
13884,8.557088
13905,8.589928
13926,8.535976
13947,8.768204
13968,8.775241
13989,8.737708
14010,8.777586
14031,8.704868
14052,8.831537
14073,9.012158
14094,8.972281
14115,9.021542
14136,9.113025
14157,9.047344
14178,9.211545
14199,9.2092
14221,9.124753
14242,9.40624
14263,9.286609
14284,9.387475
14305,9.518835
14326,9.593899
14347,9.631431
14368,9.650196
14389,9.626739
14410,9.901189
14431,10.01144
14452,9.938721
14473,9.828471
14494,9.802669
14515,9.985635
14536,10.17095
14557,10.13811
14578,9.995018
14599,9.990326
14620,9.992672
14641,10.13342
14662,10.21786
14683,10.06305
14704,10.02786
14725,10.18033
14746,9.990326
14767,10.16626
14788,10.20613
14809,10.26712
14830,10.32811
14851,10.39848
14872,10.50169
14893,10.68466
14914,10.63071
14935,10.73627
14956,10.86059
14977,10.90047
14998,10.98257
15019,11.24763
15040,11.50566
15061,11.64406
15082,11.64876
15103,11.55258
15124,11.51505
15145,11.55493
15166,11.53147
15187,11.43764
15208,11.39073
15229,11.28751
15250,11.18899
15271,11.17726
15292,11.12566
15313,11.17257
15334,11.06936
15355,11.0764
15376,11.07171
15397,10.9943
15418,11.04825
15439,10.94973
15460,10.94973
15481,10.96146
15502,10.86294
15523,10.97788
15544,10.85355
15565,10.92627
15586,10.81368
15607,10.65651
15628,10.61664
15649,10.61429
15670,10.48997
15691,10.37268
15712,10.40552
15733,10.22255
15754,10.13576
15775,9.966869
15796,9.964523
15817,9.694765
15838,9.755754
15859,9.575133
15880,9.460192
15901,9.439081
15922,9.40624
15943,9.267843
15964,9.129445
15985,9.244386
16006,9.27488
16027,9.136482
16048,9.328832
16069,9.25846
16090,9.387475
16111,9.382783
16132,9.460192
16153,9.497724
16174,9.485995
16195,9.539948
16216,9.490686
16237,9.450809
16258,9.572787
16279,9.539948
16300,9.54933
16321,9.668962
16342,9.666616
16363,9.633776
16384,9.718222
16405,9.739333
16426,9.783903
16447,9.7581
16468,9.706493
16489,9.828471
16510,9.830817
16531,9.98329
16552,9.854274
16573,9.858966
16594,9.950449
16615,9.786248
16636,9.835509
16657,9.87304
16678,9.833163
16699,9.781557
16720,9.762791
16741,9.823779
16762,9.847238
16783,9.666616
16804,9.570441
16825,9.591553
16846,9.577478
16867,9.455501
16888,9.399203
16909,9.385129
16930,9.345251
16951,9.27488
16972,9.225619
16993,9.084876
17014,9.09895
17035,8.995738
17056,8.976973
17077,8.930058
17098,8.923021
17119,8.948824
17140,8.854995
17161,8.852649
17182,8.798697
17203,8.794006
17224,8.845612
17245,8.908947
17266,8.805735
17287,8.786969
17308,8.84092
17329,8.768204
17350,8.843266
17371,8.897219
17392,8.869069
17413,8.779932
17434,8.690794
17455,8.67672
17476,8.826846
17497,8.688448
17518,8.611039
17539,8.568816
17560,8.667336
17581,8.596965
17602,8.53363
17623,8.397578
17644,8.334244
17665,8.575853
17686,8.477333
17707,8.686103
17728,8.568816
17749,8.45153
17770,8.531285
17791,8.683757
17812,8.723634
17833,8.779932
17854,8.777586
17875,8.836229
17896,9.084876
17917,9.206854
17938,9.174014
17959,9.195126
17980,9.324141
18001,9.13179
18022,9.244386
18043,9.485995
18064,9.624393
18085,9.539948
18106,9.575133
18127,9.589207
18148,9.748716
18169,9.591553
18190,9.706493
18211,9.786248
18232,9.79094
18253,9.969215
18274,9.842546
18295,9.767483
18316,9.849584
18337,9.9223
18358,9.999709
18379,9.814397
18400,9.797977
18421,9.74637
18442,9.969215
18463,10.09823
18484,10.18971
18505,9.917608
18526,10.0302
18547,10.21552
18568,10.28823
18589,10.15218
18610,10.15218
18631,10.22021
18652,10.22021
18673,10.26947
18694,10.26712
18715,10.2812
18736,10.1991
18757,10.30231
18778,10.31638
18799,10.21083
18820,10.19675
18841,10.24836
18862,10.2249
18883,10.25539
18904,10.31169
18925,10.19675
18946,10.17564
18967,10.25774
18988,10.2765
19009,10.32576
19030,10.31873
19051,10.32811
19072,10.30231
19093,10.27416
19114,10.30465
19135,10.43132
19156,10.41725
19177,10.42898
19198,10.45009
19219,10.28354
19240,10.39145
19261,10.35157
19282,10.41256
19303,10.37737
19324,10.34453
19345,10.34219
19366,10.29762
19387,10.25305
19408,10.39614
19429,10.42429
19450,10.29058
19471,10.34688
19492,10.38206
19513,10.32811
19534,10.50873
19555,10.41959
19577,10.4712
19599,10.51108
19620,10.47355
19641,10.43132
19662,10.53219
19683,10.53453
19704,10.50873
19725,10.59552
19746,10.57676
19767,10.48997
19788,10.58614
19809,10.44774
19830,10.60022
19851,10.60725
19872,10.61898
19893,10.5838
19914,10.51577
19935,10.54861
19956,10.56268
19977,10.4712
19998,10.60256
20019,10.51108
20040,10.45947
20061,10.43132
20082,10.39848
20103,10.44774
20124,10.43367
20145,10.4149
20166,10.43836
20187,10.42898
20208,10.30231
20229,10.30935
20250,10.4454
20271,10.32811
20292,10.26712
20313,10.26947
20334,10.27885
20355,10.26478
20376,10.25539
20397,10.10292
20418,10.1991
20439,10.17798
20460,10.16626
20481,10.08416
20502,10.10527
20523,10.10292
20544,10.08885
20565,10.13811
20586,10.09588
20607,10.07243
20628,10.02082
20649,10.09588
20670,9.985635
20691,10.02786
20712,9.98798
20733,10.01848
20754,10.00206
20775,10.10761
20796,10.23428
20817,10.21552
20838,10.14749
20859,10.18737
20880,10.23194
20901,10.14749
20922,10.15453
20943,10.01613
20964,10.07243
20985,10.00909
21006,10.00206
21027,9.978598
21048,9.896498
21069,9.912917
21090,9.894152
21111,9.835509
21132,9.866002
21153,9.781557
21174,9.802669
21195,9.772174
21216,9.586862
21237,9.74637
21258,9.767483
21279,9.713531
21300,9.603281
21321,9.631431
21342,9.59859
21363,9.525873
21384,9.450809
21405,9.518835
21426,9.476612
21447,9.429698
21468,9.396858
21489,9.387475
21510,9.281918
21531,9.246731
21552,9.127099
21573,9.01685
21594,9.01685
21615,8.98401
21636,8.911292
21657,8.833883
21678,8.808081
21699,8.747091
21720,8.803389
21741,8.72598
21762,8.72598
21783,8.608693
21804,8.540668
21825,8.571162
21846,8.559433
21867,8.587582
21888,8.524248
21909,8.543014
21930,8.604002
21951,8.472641
21972,8.432764
21993,8.507828
22014,8.477333
22035,8.474987
22056,8.664991
22077,8.735363
22098,8.686103
22119,8.634497
22140,8.521902
22161,8.512519
22182,8.714252
22203,8.664991
22224,8.632151
22245,8.655608
22266,8.749437
22287,8.667336
22308,8.578199
22329,8.6603
22350,8.728326
22371,8.650917
22392,8.782278
22413,8.817463
22434,9.028579
22455,8.667336
22476,8.784623
22497,8.918329
22518,8.794006
22539,8.589928
22560,8.960552
22581,8.784623
22602,8.962898
22623,8.862032
22644,8.960552
22665,9.063765
22686,9.443772
22707,9.331178
22728,9.141173
22749,9.490686
22770,9.830817
22791,9.701802
22812,9.812052
22833,9.854274
22854,9.929338
22875,10.10058
22896,10.0865
22917,10.1428
22938,10.21083
22959,10.30231
22980,10.29292
23001,10.33984
23022,10.39379
23043,10.32107
23064,10.307
23085,10.40787
23106,10.47589
23127,10.42194
23148,10.48058
23169,10.67528
23190,10.61429
23211,10.58849
23232,10.64478
23253,10.6917
23274,10.77614
23295,10.67293
23316,10.71985
23337,10.85824
23358,10.85824
23379,10.96849
23400,10.93096
23421,10.93331
23442,10.97553
23463,10.97788
23484,10.94269
23505,10.98961
23526,11.11862
23547,11.12097
23568,11.19838
23589,11.09985
23610,11.16788
23631,11.12097
23652,11.11862
23673,11.13973
23694,11.15146
23715,11.21949
23736,11.23825
23757,11.16084
23778,11.23591
23799,11.14912
23820,11.14208
23841,11.17492
23862,11.09985
23883,11.08343
23904,11.09985
23925,11.1327
23946,11.06936
23967,11.0201
23988,11.0201
24009,11.0764
24030,11.08578
24051,11.13035
24072,11.2101
24093,11.13035
24114,10.95677
24135,10.89812
24156,10.91923
24177,10.96849
24198,10.93331
24219,10.85121
24240,10.89109
24261,10.73392
24282,10.76442
24303,10.71281
24324,10.64947
24345,10.55799
24366,10.50873
24387,10.52984
24408,10.44071
24429,10.30465
24450,10.20379
24471,10.21552
24492,10.05601
24513,10.02786
24534,10.01378
24555,10.11934
24576,9.931683
24597,9.912917
24618,9.882422
24639,9.814397
24660,9.7581
24681,9.779211
24702,9.690074
24723,9.58217
24744,9.58217
24765,9.54933
24786,9.577478
24807,9.680691
24828,9.471921
24849,9.443772
24870,9.366363
24891,9.375746
24912,9.359325
24933,9.345251
24954,9.382783
24975,9.385129
24996,9.270188
25017,9.23031
25038,9.174014
25059,9.218582
25080,9.2913
25101,9.110679
25122,9.056727
25143,9.223273
25164,9.199817
25185,9.199817
25206,9.2092
25227,9.00043
25248,9.059073
25269,8.988701
25290,9.035616
25311,8.95117
25332,8.988701
25353,8.988701
25374,8.897219
25395,8.822155
25416,8.754128
25437,8.756474
25458,8.730671
25479,8.707214
25500,8.657954
25521,8.650917
25542,8.604002
25563,8.594619
25584,8.531285
25605,8.493753
25626,8.517211
25647,8.510174
25668,8.618076
25689,8.53363
25710,8.604002
25731,8.535976
25752,8.554742
25773,8.463259
25794,8.592274
25815,8.648571
25836,8.697831
25857,8.707214
25878,8.789314
25899,8.72598
25920,8.702522
25941,8.596965
25962,8.79166
25983,8.859686
26004,8.794006
26025,8.84092
26046,8.887836
26067,8.925366
26088,8.775241
26109,8.859686
26130,9.04969
26151,9.181051
26172,9.324141
26193,9.408587
26214,9.246731
26235,9.666616
26256,9.483649
26277,9.481303
26298,9.685382
26319,9.699456
26340,9.650196
26361,9.868348
26382,9.837853
26403,9.772174
26424,9.80736
26445,9.736988
26466,9.617355
26487,9.676
26508,9.666616
26529,9.624393
26550,9.530564
26571,9.619701
26592,9.546985
26613,9.338214
26634,9.425007
26655,9.713531
26676,9.854274
26697,9.762791
26718,9.535255
26739,9.51649
26760,9.570441
26781,9.748716
26802,9.760445
26823,9.753407
26844,9.767483
26865,9.816743
26886,9.877731
26907,9.891806
26928,9.866002
26949,10.02786
26970,10.09354
26991,10.19441
27012,10.27181
27033,10.23897
27054,10.34453
27075,10.39848
27096,10.51811
27117,10.55565
27138,10.69639
27159,10.65886
27180,10.7738
27201,10.95911
27222,10.9943
27243,10.98726
27264,11.01306
27285,11.09047
27306,11.12566
27327,11.17492
27348,11.2922
27369,11.14208
27390,11.33677
27411,11.35554
27432,11.44937
27453,11.51739
27474,11.54789
27495,11.53147
27516,11.52678
27537,11.5432
27558,11.60184
27579,11.59715
27600,11.56665
27621,11.50566
27642,11.53381
27663,11.50566
27684,11.45171
27705,11.60653
27726,11.47752
27747,11.45875
27768,11.42357
27789,11.29455
27810,11.30628
27831,11.29924
27852,11.2406
27873,11.09282
27894,11.05763
27915,10.99899
27936,11.06232
27957,10.93331
27978,10.90047
27999,10.8301
28020,10.6659
28041,10.56738
28062,10.63071
28083,10.5533
28104,10.44774
28125,10.41725
28146,10.45947
28167,10.2812
28188,10.2765
28209,10.1686
28230,10.18033
28251,10.07477
28272,10.01144
28293,10.05601
28314,10.09119
28335,10.02082
28356,9.959831
28377,9.718222
28398,9.645505
28419,9.640813
28440,9.546985
28461,9.497724
28482,9.455501
28503,9.481303
28524,9.455501
28545,9.373401
28566,9.298337
28587,9.256114
28608,9.2092
28629,9.211545
28650,9.244386
28671,9.312411
28692,9.202163
28713,9.227965
28734,9.181051
28755,9.089567
28776,9.122408
28797,9.054381
28818,9.00043
28839,9.087222
28860,9.056727
28881,9.054381
28902,9.13179
28923,8.969935
28944,8.998084
28965,9.023888
28986,8.927712
29007,8.962898
29028,8.941787
29049,8.969935
29070,8.885489
29091,8.8245
29112,8.831537
29133,8.850304
29154,8.786969
29175,8.709559
29196,8.664991
29217,8.702522
29238,8.723634
29259,8.667336
29280,8.599311
29301,8.653263
29322,8.620422
29343,8.557088
29364,8.482024
29385,8.582891
29406,8.646226
29427,8.613385
29448,8.428073
29469,8.514865
29490,8.514865
29511,8.404615
29532,8.444492
29553,8.512519
29574,8.503136
29595,8.711905
29616,8.615731
29637,8.531285
29658,8.64388
29679,8.571162
29700,8.632151
29721,8.718943
29742,8.803389
29763,8.69314
29784,8.84092
29805,8.843266
29826,8.913638
29847,8.894873
29868,8.777586
29889,8.761166
29910,8.911292
29931,9.122408
29952,9.145865
29973,9.129445
29994,9.026234
30015,9.2913
30036,9.303029
30057,9.40624
30078,9.197471
30099,9.08253
30120,9.155248
30141,9.127099
30162,9.232656
30183,9.249077
30204,9.403895
30225,9.420315
30246,9.317103
30267,9.769828
30288,9.809706
30309,9.861312
30331,9.941067
30354,10.13107
30375,10.0865
30396,10.16626
30417,10.23897
30438,10.37033
30459,10.51811
30480,10.62836
30501,10.69639
30522,10.80899
30543,10.91923
30564,10.82541
30585,10.8817
30606,11.04121
30627,11.14442
30648,11.0506
30669,11.12331
30690,11.09751
30711,11.08813
30732,11.10689
30753,11.23356
30774,11.16788
30795,11.18899
30816,11.16084
30837,11.19134
30858,11.1327
30879,11.06701
30900,11.18899
30921,11.1585
30942,11.23122
30963,11.1843
30984,11.10924
31005,11.15615
31026,11.13504
31047,11.23825
31068,11.128
31089,11.16788
31110,11.2406
31131,11.1327
31152,11.15615
31174,10.97319
31195,10.98961
31216,10.98492
31237,10.95442
31258,10.92627
31279,10.92393
31300,10.83479
31321,10.75738
31342,10.7175
31363,10.78787
31384,10.73392
31405,10.73392
31426,10.74096
31447,10.76207
31468,10.75269
31489,10.71046
31510,10.72454
31531,10.81368
31552,10.81837
31573,10.72688
31594,10.79726
31615,10.81602
31636,10.75738
31657,10.69874
31678,10.65886
31699,10.6917
31720,10.6096
31741,10.64713
31762,10.6096
31783,10.54626
31804,10.45713
31825,10.31169
31846,10.33046
31867,10.33749
31888,10.16156
31909,10.00675
31930,9.943413
31951,10.07243
31972,10.02551
31993,9.844892
32014,9.732296
32035,9.643159
32056,9.467229
32077,9.551676
32098,9.413278
32119,9.310066
32140,9.328832
32161,9.359325
32182,9.157594
32203,9.267843
32224,9.378092
32245,9.148211
32266,9.080185
32287,9.023888
32308,9.239694
32329,9.239694
32350,9.124753
32371,9.00043
32392,9.023888
32413,9.042653
32434,9.19278
32455,9.110679
32476,9.197471
32497,9.213891
32518,9.178705
32539,9.303029
32560,9.263151
32581,9.265497
32602,9.235003
32623,9.295992
32644,9.265497
32665,9.2092
32686,9.127099
32707,9.152903
32728,9.251423
32749,9.183396
32770,9.13179
32791,9.084876
32812,9.094258
32833,8.986356
32854,9.087222
32875,9.056727
32896,9.021542
32917,8.904256
32938,8.965244
32959,8.908947
32980,8.833883
33001,8.801044
33022,8.747091
33043,8.854995
33064,8.838574
33085,8.8245
33106,8.798697
33127,8.749437
33148,8.737708
33169,8.714252
33190,8.646226
33211,8.648571
33232,8.622768
33253,8.657954
33274,8.688448
33295,8.683757
33316,8.67672
33337,8.608693
33358,8.683757
33379,8.657954
33400,8.620422
33421,8.648571
33442,8.636843
33463,8.575853
33484,8.559433
33505,8.64388
33526,8.632151
33547,8.45153
33568,8.557088
33589,8.667336
33610,8.662645
33631,8.761166
33652,8.543014
33673,8.765858
33694,8.737708
33715,8.838574
33736,8.976973
33757,8.932404
33778,8.915984
33799,9.009813
33820,9.239694
33841,9.23031
33862,9.166977
33883,9.284263
33904,9.345251
33925,9.41797
33946,9.546985
33967,9.643159
33988,9.697111
34009,9.79094
34030,9.805015
34051,9.891806
34072,9.973906
34093,10.09588
34114,10.22959
34135,10.16156
34156,10.16156
34177,10.40552
34198,10.54157
34219,10.63306
34240,10.72923
34261,10.60491
34282,10.5791
34303,10.71046
34324,10.92862
34345,10.86528
34366,11.00368
34387,10.92627
34408,10.98022
34429,10.94269
34450,10.94738
34471,11.0506
34492,10.99664
34513,10.95677
34534,11.04356
34555,10.9943
34576,11.19134
34597,11.17257
34618,11.0506
34639,11.04356
34660,11.09751
34681,11.19134
34702,11.24763
34723,11.26171
34744,11.38838
34765,11.26171
34786,11.32974
34807,11.34146
34828,11.27344
34849,11.29924
34870,11.37431
34891,11.30862
34912,11.30393
34933,11.31332
34954,11.2969
34975,11.21245
34996,11.27578
35017,11.37431
35038,11.29924
35059,11.2406
35080,11.17257
35101,11.03887
35122,11.10689
35143,11.11862
35164,11.00603
35185,10.93096
35206,10.94738
35227,10.93096
35248,10.87467
35269,10.83479
35290,10.81602
35311,10.79726
35332,10.51811
35353,10.75503
35374,10.73158
35395,10.57441
35416,10.54861
35437,10.60491
35458,10.41021
35479,10.45244
35500,10.40317
35521,10.34922
35542,10.42663
35563,10.30231
35584,10.32342
35605,10.2765
35626,10.31169
35647,10.21317
35668,10.23194
35689,10.13342
35710,9.936375
35731,9.912917
35752,9.767483
35773,9.755754
35794,9.596244
35815,9.551676
35836,9.464884
35857,9.385129
35878,9.511798
35899,9.408587
35920,9.216236
35941,9.265497
35962,9.277225
35983,9.375746
36004,9.2092
36025,9.127099
36046,9.084876
36067,9.094258
36088,9.08253
36109,9.00043
36130,9.023888
36151,8.93475
36172,8.927712
36193,9.077839
36214,9.145865
36235,9.01685
36256,8.974627
36277,9.01685
36298,8.953515
36319,8.995738
36340,8.998084
36361,8.880798
36382,8.939441
36403,8.998084
36424,9.040307
36445,8.976973
36466,8.864378
36487,8.84092
36508,8.871415
36529,8.857341
36550,8.8245
36571,8.817463
36592,8.859686
36613,8.862032
36634,8.801044
36655,8.79166
36676,8.892527
36697,8.801044
36718,8.690794
36739,8.730671
36760,8.822155
36781,8.653263
36802,8.707214
36823,8.7424
36844,8.749437
36865,8.709559
36886,8.554742
36907,8.775241
36928,8.878452
36949,8.718943
36970,8.646226
36991,8.700177
37012,8.735363
37033,8.735363
37054,8.721289
37075,8.629806
37096,8.547705
37117,8.552396
37138,8.779932
37159,8.730671
37180,8.768204
37201,8.79166
37222,8.869069
37243,9.002776
37264,8.939441
37285,8.941787
37306,8.981664
37327,9.073148
37348,9.01685
37369,8.920675
37390,9.108333
37411,9.127099
37432,9.115371
37453,9.129445
37474,9.188088
37495,9.511798
37516,9.427352
37537,9.34056
37558,9.511798
37579,9.575133
37600,9.525873
37621,9.577478
37642,9.797977
37663,9.619701
37684,9.708839
37705,9.781557
37726,9.877731
37747,9.938721
37768,9.880077
37789,9.9223
37810,10.07008
37831,10.15687
37852,10.12169
37873,10.26947
37894,10.27416
37915,10.21552
37936,10.2507
37957,10.31638
37978,10.45947
37999,10.58614
38020,10.62367
38041,10.57207
38062,10.68232
38083,10.92627
38104,10.91923
38125,11.01072
38146,11.00134
38167,11.01072
38188,10.99899
38209,10.96849
38230,11.03417
38251,11.09517
38272,11.13035
38293,11.27344
38314,11.28048
38335,11.18665
38356,11.11158
38377,11.20072
38398,11.35085
38419,11.38134
38440,11.34146
38461,11.2148
38482,11.27344
38503,11.32974
38524,11.39307
38545,11.35554
38566,11.31566
38587,11.33208
38608,11.38603
38629,11.38603
38650,11.36023
38671,11.52443
38692,11.57369
38713,11.46813
38734,11.24998
38755,11.2406
38776,11.23356
38797,11.14442
38818,11.16319
38839,11.08578
38860,11.07874
38881,11.0459
38902,10.94269
38923,10.87701
38944,10.89812
38965,10.68935
38986,10.67059
39007,10.65886
39028,10.68232
39049,10.57207
39070,10.53688
39091,10.56034
39112,10.53688
39133,10.57207
39154,10.4712
39175,10.36799
39196,10.26712
39217,10.33046
39238,10.35157
39259,10.37737
39280,10.2765
39301,10.27181
39322,10.09354
39343,10.13576
39364,10.12403
39385,10.07008
39406,9.889461
39427,9.866002
39448,9.676
39469,9.654888
39490,9.626739
39511,9.697111
39532,9.51649
39553,9.314757
39574,9.429698
39595,9.425007
39616,9.441426
39637,9.319448
39658,9.253768
39679,9.188088
39700,9.134136
39721,9.124753
39742,9.157594
39763,9.143519
39784,9.054381
39805,9.002776
39826,8.969935
39847,8.890181
39868,8.925366
39889,8.876106
39910,8.84092
39931,8.747091
39952,8.777586
39973,8.777586
39994,8.683757
40015,8.714252
40036,8.765858
40057,8.714252
40078,8.803389
40099,8.737708
40120,8.716597
40141,8.702522
40162,8.747091
40183,8.758821
40204,8.803389
40225,8.854995
40246,8.794006
40267,8.833883
40288,8.817463
40309,8.772895
40330,8.679066
40351,8.646226
40372,8.646226
40393,8.707214
40414,8.632151
40435,8.664991
40456,8.594619
40477,8.573507
40498,8.545359
40519,8.580544
40540,8.582891
40561,8.53363
40582,8.360046
40603,8.524248
40624,8.500791
40645,8.425727
40666,8.20992
40687,8.235723
40708,8.338935
40729,8.376467
40750,8.284984
40771,8.41869
40792,8.465604
40813,8.557088
40834,8.524248
40855,8.470296
40876,8.510174
40897,8.866723
40918,8.899564
40939,8.761166
40960,8.772895
40981,9.19278
41002,9.232656
41023,9.202163
41044,9.166977
41065,9.575133
41086,9.685382
41107,9.50007
41128,9.59859
41149,10.03959
41170,10.03959
41191,9.854274
41212,9.945757
41233,10.1991
41254,10.24601
41275,10.30465
41296,10.22959
41317,10.3633
41338,10.38206
41359,10.25539
41380,10.16156
41401,10.23194
41422,10.47355
41443,10.44774
41464,10.36095
41485,10.35391
41506,10.50169
41527,10.53453
41548,10.52281
41569,10.66355
41590,10.67997
41611,10.68701
41632,10.68232
41653,10.80664
41674,10.9638
41695,10.86763
41716,11.05998
41737,11.0506
41758,11.06467
41779,11.04356
41800,10.94269
41821,10.88639
41842,10.84652
41863,10.78084
41884,10.66121
41905,10.72923
41926,10.63775
41947,10.62602
41968,10.59552
41989,10.55799
42010,10.42429
42031,10.36095
42052,10.32811
42073,10.26712
42094,10.31873
42115,10.41959
42136,10.36095
42157,10.29527
42178,10.3633
42199,10.38206
42220,10.21083
42241,10.24601
42262,10.27416
42283,10.28354
42304,10.33984
42325,10.33984
42346,10.39614
42367,10.32811
42388,10.37972
42409,10.36564
42430,10.45478
42451,10.4149
42472,10.34453
42493,10.32811
42514,10.37033
42535,10.3891
42556,10.50404
42577,10.37503
42598,10.39848
42619,10.37268
42640,10.32811
42661,10.38206
42682,10.30465
42703,10.45244
42724,10.34453
42745,10.3328
42766,10.37268
42787,10.3891
42808,10.48997
42829,10.49935
42850,10.46651
42871,10.48762
42892,10.44071
42913,10.50639
42934,10.63306
42955,10.50873
42976,10.55565
42997,10.58614
43018,10.61664
43039,10.58614
43060,10.6354
43081,10.5533
43102,10.51108
43123,10.48058
43144,10.47355
43165,10.41725
43186,10.60256
43207,10.50639
43228,10.34922
43249,10.38206
43270,10.34219
43291,10.41021
43312,10.22255
43333,10.22021
43354,10.19441
43375,10.16391
43396,10.11465
43417,10.11934
43438,10.14749
43459,10.02551
43480,10.1686
43501,10.06305
43522,9.769828
43543,9.781557
43564,9.800323
43585,9.760445
43606,9.713531
43627,9.66427
43648,9.610318
43669,9.579824
43690,9.56575
43711,9.640813
43732,9.450809
43753,9.387475
43774,9.382783
43795,9.338214
43816,9.335869
43837,9.244386
43858,9.392166
43879,9.366363
43900,9.331178
43921,9.256114
43942,9.199817
43963,9.272534
43984,9.171668
44005,9.2092
44026,9.171668
44047,9.213891
44068,9.176359
44089,9.152903
44110,9.213891
44131,9.059073
44152,9.042653
44173,9.084876
44194,9.113025
44215,9.061419
44236,9.030925
44257,9.09895
44278,9.084876
44299,9.026234
44320,8.967589
44341,8.962898
44362,8.923021
44383,9.005121
44404,9.005121
44425,9.009813
44446,9.030925
44467,8.962898
44488,8.930058
44509,8.836229
44530,8.857341
44551,8.873761
44572,8.897219
44593,8.833883
44614,8.833883
44635,8.869069
44656,8.826846
44677,8.765858
44698,8.808081
44719,8.786969
44740,8.754128
44761,8.812772
44782,8.904256
44803,8.923021
44824,8.871415
44845,8.801044
44866,8.761166
44887,8.864378
44908,9.002776
44929,8.892527
44950,8.885489
44971,9.113025
44992,9.103642
45013,9.105988
45034,9.091913
45055,9.019196
45076,9.317103
45097,9.204508
45118,9.129445
45139,9.08253
45160,9.206854
45181,9.352288
45202,9.218582
45223,9.150557
45244,9.378092
45265,9.443772
45286,9.568096
45307,9.387475
45328,9.690074
45349,9.772174
45370,9.633776
45391,9.830817
45412,9.992672
45433,9.929338
45454,9.973906
45475,10.13576
45496,10.07008
45517,10.00206
45538,10.23194
45559,10.1123
45580,10.12169
45601,10.32342
45622,10.40787
45643,10.18971
45664,10.23897
45685,10.27181
45706,10.0607
45727,10.12872
45748,10.22255
45769,10.17564
45790,10.08181
45811,9.896498
45832,9.901189
45853,9.936375
45874,9.854274
45895,9.861312
45916,9.765137
45937,9.711185
45958,9.751062
45979,9.753407
46000,9.563404
46021,9.610318
46042,9.546985
46063,9.546985
46084,9.460192
46105,9.528218
46126,9.415624
46147,9.427352
46168,9.436735
46189,9.481303
46210,9.490686
46231,9.556367
46252,9.572787
46273,9.619701
46294,9.523527
46315,9.514144
46336,9.457847
46357,9.436735
46378,9.51649
46399,9.58217
46420,9.715877
46441,9.654888
46462,9.699456
46483,9.711185
46504,9.711185
46525,9.830817
46546,9.847238
46567,9.898843
46588,9.851928
46609,9.938721
46630,10.09119
46651,10.18502
46672,10.22021
46693,10.24601
46714,10.22959
46735,10.2812
46756,10.34922
46777,10.48058
46798,10.42194
46819,10.40552
46840,10.37503
46861,10.38441
46882,10.37268
46903,10.39848
46924,10.46885
46945,10.41959
46966,10.47355
46987,10.50639
47008,10.47589
47029,10.46182
47050,10.55565
47071,10.60256
47092,10.55565
47113,10.62836
47134,10.65886
47155,10.64947
47176,10.64713
47197,10.63071
47218,10.68701
47239,10.69874
47260,10.72923
47281,10.74096
47302,10.75503
47323,10.83948
47344,10.85824
47365,10.80899
47386,10.75738
47407,10.60022
47428,10.64244
47449,10.61664
47470,10.46416
47491,10.56503
47512,10.54861
47533,10.44305
47554,10.41021
47575,10.28354
47596,10.20613
47617,10.22255
47638,10.15922
47659,10.12638
47680,10.24366
47701,10.18971
47722,10.14045
47743,10.13342
47764,10.23897
47785,10.26712
47806,10.24366
47827,10.16391
47848,10.17095
47869,10.1428
47890,10.18268
47911,10.21083
47932,10.24132
47953,10.06305
47974,10.10058
47995,10.20848
48016,10.17095
48037,10.12169
48058,10.22725
48079,10.21317
48100,9.98798
48121,10.18033
48142,10.07243
48163,9.964523
48184,10.18737
48205,10.0302
48226,9.945757
48247,9.969215
48268,10.05132
48289,10.12169
48310,10.07008
48331,10.0044
48352,9.938721
48373,10.04662
48394,10.03959
48415,10.04897
48436,10.01613
48457,9.760445
48478,9.809706
48499,9.833163
48520,9.772174
48541,9.631431
48562,9.678345
48583,9.450809
48604,9.408587
48625,9.469575
48646,9.521181
48667,9.631431
48688,9.612664
48709,9.474266
48730,9.443772
48751,9.448463
48772,9.394512
48793,9.326486
48814,9.48834
48835,9.380438
48856,9.267843
48877,9.324141
48898,9.380438
48919,9.24204
48940,9.272534
48961,9.25846
48982,9.110679
49003,9.162285
49024,9.23031
49045,9.113025
49066,9.037962
49087,8.927712
49108,8.972281
49129,8.937096
49150,8.775241
49171,8.751783
49192,8.904256
49213,8.747091
49234,8.688448
49255,8.667336
49276,8.6603
49297,8.700177
49318,8.69314
49339,8.674374
49360,8.721289
49381,8.653263
49402,8.744746
49423,8.765858
49444,8.765858
49465,8.737708
49486,8.686103
49507,8.789314
49528,8.749437
49549,8.641534
49570,8.578199
49591,8.730671
49612,8.838574
49633,8.758821
49654,8.657954
49675,8.634497
49696,8.754128
49717,8.850304
49738,8.674374
49759,8.681411
49780,8.653263
49801,8.79166
49822,8.608693
49843,8.404615
49864,8.371776
49885,8.503136
49906,8.547705
49927,8.390541
49948,8.69314
49969,8.615731
49990,8.432764
50011,8.540668
50032,8.695485
50053,8.751783
50074,8.512519
50095,8.493753
50116,8.890181
50137,9.059073
50158,9.042653
50179,8.972281
50200,9.115371
50221,9.427352
50242,9.537601
50263,9.427352
50284,9.563404
50305,9.607973
50326,9.80736
50347,9.715877
50368,9.844892
50389,10.00909
50410,9.990326
50431,10.07477
50452,10.09588
50473,9.969215
50494,10.34688
50515,10.50169
50536,10.48997
50557,10.61194
50578,10.66121
50599,10.55799
50620,10.54392
50641,10.63775
50662,10.6659
50683,10.69639
50704,10.72454
50725,10.73627
50746,10.63306
50767,10.62836
50788,10.65886
50809,10.46182
50830,10.47589
50851,10.30935
50872,10.29527
50893,10.40787
50914,10.46416
50935,10.40083
50956,10.35391
50977,10.42429
50998,10.37972
51019,10.43367
51040,10.32342
51061,10.39145
51082,10.40083
51103,10.51577
51124,10.69874
51145,10.72923
51166,10.71516
51187,10.83713
51208,10.89343
51229,10.87467
51250,10.90751
51271,11.03887
51292,11.0764
51313,10.97319
51334,10.99664
51355,10.97319
51376,10.97319
51397,11.03183
51418,10.95677
51439,10.9638
51460,10.95911
51481,11.01072
51502,10.88639
51523,10.95207
51544,11.0201
51565,10.94035
51586,10.84652
51607,10.91689
51628,11.04121
51649,10.97553
51670,10.938
51691,10.98961
51712,10.91923
51733,10.91689
51754,10.86528
51775,10.6917
51796,10.72923
51817,10.90047
51841,10.91454
51867,10.79022
51888,10.75034
51909,10.70343
51930,10.54626
51951,10.45947
51972,10.26478
51993,10.24366
52014,10.10527
52035,9.990326
52056,10.00206
52077,9.973906
52098,9.90588
52119,9.896498
52140,9.809706
52161,9.720568
52182,9.788594
52203,9.891806
52224,9.898843
52245,9.765137
52266,9.826125
52287,9.950449
52308,9.969215
52329,9.999709
52350,10.04193
52371,9.955141
52392,9.995018
52413,9.868348
52434,10.12169
52455,10.00909
52476,9.713531
52497,9.880077
52518,9.919954
52539,9.772174
52560,9.732296
52581,9.896498
52602,9.793285
52623,9.603281
52644,9.617355
52665,9.666616
52686,9.607973
52707,9.586862
52728,9.673654
52749,9.50007
52770,9.368709
52791,9.293646
52812,9.368709
52833,9.401549
52854,9.300683
52875,9.15994
52896,9.162285
52917,9.218582
52938,9.117716
52959,9.141173
52980,9.068456
53001,9.155248
53022,9.054381
53043,9.087222
53064,9.009813
53085,8.958207
53106,9.080185
53127,9.089567
53148,8.98401
53169,9.002776
53190,9.040307
53211,9.070802
53232,9.028579
53253,9.026234
53274,8.995738
53295,9.084876
53316,8.988701
53337,9.094258
53358,9.054381
53379,9.044999
53400,9.028579
53421,9.023888
53442,8.880798
53463,8.93475
53484,9.037962
53506,9.08253
53527,8.920675
53548,8.913638
53569,8.894873
53590,8.932404
53611,9.005121
53632,8.854995
53653,8.838574
53674,8.8245
53695,8.993393
53716,8.948824
53737,8.993393
53758,8.953515
53779,8.899564
53800,8.786969
53821,8.796351
53842,8.894873
53863,8.847958
53884,8.885489
53905,9.047344
53926,9.070802
53947,9.056727
53968,8.812772
53989,8.714252
54010,8.838574
54031,8.794006
54052,8.782278
54073,9.087222
54094,9.143519
54115,8.890181
54136,9.04969
54157,9.178705
54179,9.040307
54200,8.969935
54221,9.2092
54242,9.305374
54263,9.108333
54284,9.218582
54305,9.171668
54326,9.312411
54347,9.394512
54368,9.910572
54389,9.375746
54410,9.152903
54431,9.478958
54452,9.713531
54473,9.645505
54494,9.645505
54515,9.668962
54536,9.636122
54557,9.708839
54578,9.739333
54599,9.755754
54620,9.654888
54641,9.861312
54662,9.9223
54683,9.781557
54704,9.868348
54725,10.15453
54746,10.10996
54767,10.17798
54788,10.26947
54809,10.29527
54830,10.30935
54851,10.34453
54872,10.42194
54893,10.32576
54914,10.44774
54935,10.45244
54956,10.50639
54977,10.54392
54998,10.56972
55019,10.63775
55040,10.48528
55061,10.54626
55082,10.6354
55103,10.5791
55124,10.65886
55145,10.58614
55166,10.57207
55187,10.47824
55208,10.45478
55229,10.52046
55250,10.74096
55271,10.83948
55292,10.87467
55313,10.76442
55334,10.80664
55355,10.87467
55376,10.80664
55397,10.9122
55418,10.91454
55439,10.94269
55460,10.93331
55481,11.02714
55502,11.0201
55523,11.05998
55544,11.0459
55565,11.05763
55586,11.01306
55607,11.00603
55628,10.98022
55649,10.99899
55670,11.07405
55691,11.01541
55712,11.06936
55733,11.06936
55754,10.97553
55775,10.9122
55796,10.87701
55817,10.91689
55838,10.85824
55859,10.84652
55880,10.89343
55901,10.8301
55922,10.72688
55943,10.68701
55964,10.83713
55985,10.78553
56006,10.67293
56027,10.66121
56048,10.6659
56069,10.56503
56090,10.56738
56111,10.57676
56132,10.35626
56153,10.45713
56174,10.31638
56195,10.26478
56216,10.33046
56237,10.15453
56258,10.07712
56279,10.13576
56300,10.19675
56321,10.1123
56342,9.995018
56363,10.0865
56384,9.971561
56405,9.797977
56426,9.908226
56447,9.938721
56468,9.912917
56489,9.844892
56510,9.793285
56531,9.80736
56552,9.715877
56573,9.715877
56594,9.603281
56615,9.54933
56636,9.518835
56657,9.612664
56678,9.521181
56699,9.455501
56720,9.429698
56741,9.66427
56762,9.56575
56783,9.577478
56804,9.535255
56825,9.525873
56846,9.589207
56867,9.572787
56888,9.507107
56909,9.671308
56930,9.568096
56951,9.633776
56972,9.610318
56993,9.54933
57014,9.450809
57035,9.429698
57056,9.392166
57077,9.434389
57098,9.432044
57119,9.30772
57140,9.286609
57161,9.310066
57182,9.349943
57203,9.256114
57224,9.232656
57245,9.267843
57266,9.232656
57287,9.202163
57308,9.195126
57329,9.122408
57350,9.185742
57371,9.037962
57392,9.019196
57413,9.052036
57434,9.075493
57455,8.976973
57476,8.967589
57497,8.955861
57518,8.965244
57539,8.95117
57560,8.974627
57581,8.974627
57602,8.908947
57623,8.948824
57644,8.946478
57665,8.995738
57686,8.986356
57707,8.904256
57728,8.937096
57749,8.979319
57770,8.995738
57791,8.98401
57812,8.939441
57833,8.843266
57854,9.019196
57875,8.941787
57896,9.026234
57917,8.908947
57938,8.796351
57959,8.843266
57980,8.967589
58001,9.03327
58022,8.960552
58043,8.883143
58064,8.808081
58085,8.908947
58106,8.923021
58127,8.798697
58148,8.887836
58169,8.826846
58190,8.993393
58211,9.009813
58232,8.986356
58253,9.13179
58274,9.08253
58295,9.127099
58316,9.249077
58337,9.263151
58358,9.267843
58379,9.190434
58400,9.331178
58421,9.511798
58442,9.434389
58463,9.338214
58484,9.474266
58505,9.619701
58526,9.600936
58547,9.450809
58568,9.654888
58589,9.692419
58610,9.584516
58631,9.497724
58652,9.685382
58673,9.80736
58694,9.687728
58715,9.626739
58736,9.739333
58757,9.603281
58778,9.624393
58799,9.659579
58820,9.711185
58841,9.849584
58862,9.79094
58883,9.685382
58904,9.650196
58925,9.915263
58946,10.04428
58967,10.0044
58988,9.997364
59009,9.955141
59030,10.08181
59051,10.24601
59072,10.2507
59093,10.18502
59114,10.23194
59135,10.25539
59156,10.38206
59177,10.40787
59198,10.50169
59219,10.39379
59240,10.29058
59261,10.32576
59282,10.37033
59303,10.42898
59324,10.52515
59345,10.68232
59366,10.59787
59387,10.50404
59408,10.54392
59429,10.53453
59450,10.46651
59471,10.52281
59492,10.79256
59513,10.82071
59534,10.68935
59555,10.78787
59576,10.73392
59597,10.77849
59618,10.83948
59639,10.86294
59660,10.94269
59681,10.79022
59702,11.08109
59723,10.96146
59744,10.99664
59765,10.95207
59786,10.97084
59807,10.93331
59828,10.98961
59849,10.94973
59870,10.9638
59891,10.88874
59912,10.88405
59933,10.80429
59954,10.8301
59975,10.81368
59996,10.77849
60017,10.72219
60038,10.68935
60059,10.66355
60080,10.66121
60101,10.68466
60122,10.65182
60143,10.62836
60164,10.57207
60185,10.45009
60206,10.5275
60227,10.42429
60248,10.45009
60269,10.41256
60290,10.2812
60311,10.25774
60332,10.31404
60353,10.23428
60374,10.23428
60395,10.0865
60416,10.03489
60437,10.07712
60458,9.945757
60479,10.01144
60500,9.964523
60521,9.931683
60542,9.995018
60563,10.06305
60584,10.0865
60605,10.01378
60626,10.09823
60647,10.08885
60668,10.12403
60689,10.10292
60710,10.12872
60731,10.14984
60752,10.307
60773,10.36095
60794,10.43836
60815,10.43836
60836,10.45009
60857,10.5791
60878,10.53923
60899,10.57207
60920,10.58849
60941,10.67762
60962,10.57676
60983,10.46182
61004,10.45244
61025,10.43132
61046,10.17095
61067,10.12638
61088,10.14749
61109,9.959831
61130,9.931683
61151,10.03255
61172,9.769828
61193,9.755754
61214,9.77452
61235,9.59859
61256,9.485995
61277,9.54933
61298,9.41797
61319,9.326486
61340,9.328832
61361,9.232656
61382,9.127099
61403,9.101295
61424,9.171668
61445,9.044999
61466,8.939441
61487,8.90191
61508,8.894873
61529,8.859686
61550,8.932404
61571,8.838574
61592,8.723634
61613,8.664991
61634,8.578199
61655,8.580544
61676,8.622768
61697,8.596965
61718,8.554742
61739,8.568816
61760,8.521902
61781,8.519556
61802,8.479678
61823,8.547705
61844,8.564125
61865,8.486716
61886,8.592274
61907,8.552396
61928,8.531285
61949,8.493753
61970,8.547705
61991,8.413999
62012,8.40227
62033,8.486716
62054,8.62746
62075,8.709559
62096,8.561779
62117,8.423381
62138,8.608693
62159,8.62746
62180,8.510174
62201,8.392887
62222,8.503136
62243,8.592274
62264,8.486716
62285,8.629806
62306,8.594619
62327,8.56647
62348,8.538322
62369,8.599311
62390,8.857341
62411,8.775241
62432,8.709559
62453,8.664991
62474,8.789314
62495,8.871415
62516,8.758821
62537,8.831537
62558,9.199817
62579,9.277225
62600,9.007467
62621,9.068456
62642,9.249077
62663,9.485995
62684,9.385129
62705,9.293646
62726,9.507107
62747,9.661925
62768,9.572787
62789,9.434389
62810,9.521181
62831,9.795631
62852,9.851928
62873,10.02082
62894,10.13811
62915,10.27181
62936,10.26008
62957,10.27885
62978,10.38206
62999,10.35157
63020,10.44071
63041,10.61194
63062,10.77145
63083,10.76207
63104,10.70343
63125,10.82541
63146,10.94504
63167,10.82071
63188,10.83479
63209,11.00603
63230,10.92393
63251,10.97553
63272,10.87467
63293,11.01541
63314,10.92158
63335,10.99899
63356,11.24763
63377,11.09282
63398,11.128
63419,10.91923
63440,11.08109
63461,11.26171
63482,11.22652
63503,11.13504
63524,11.28048
63545,11.15146
63566,11.10689
63587,11.15615
63608,11.27813
63629,11.3227
63650,11.28048
63671,11.27344
63692,11.23122
63713,11.23356
63734,11.13035
63755,11.2101
63776,11.21714
63797,11.19603
63818,11.13035
63839,10.99664
63860,11.06232
63881,11.04121
63902,11.06936
63923,10.99899
63944,10.92393
63965,10.89343
63986,10.91454
64007,11.01072
64028,10.93565
64049,10.88639
64070,10.85824
64091,10.7175
64112,10.61664
64133,10.5791
64154,10.64478
64175,10.56738
64196,10.40083
64217,10.47355
64238,10.26478
64259,10.20144
64280,9.995018
64301,10.07477
64322,10.10292
64343,9.957487
64364,9.837853
64385,9.948103
64406,9.795631
64427,9.938721
64448,9.863657
64469,9.706493
64490,9.80736
64511,9.814397
64532,9.866002
64553,9.781557
64574,9.722914
64595,9.659579
64616,9.708839
64637,9.77452
64658,9.596244
64679,9.624393
64700,9.563404
64721,9.727605
64742,9.718222
64763,9.732296
64784,9.713531
64805,9.626739
64826,9.61501
64847,9.561059
64868,9.41797
64889,9.413278
64910,9.342906
64931,9.364017
64952,9.279572
64973,9.227965
64994,9.220928
65015,9.249077
65036,9.171668
65057,9.030925
65078,9.089567
65099,9.148211
65120,8.981664
65141,8.979319
65162,9.063765
65183,8.981664
65204,8.955861
65225,8.960552
65246,8.831537
65267,8.906601
65288,8.880798
65309,8.876106
65330,8.812772
65351,8.883143
65372,8.918329
65393,8.911292
65414,8.890181
65435,8.876106
65456,8.801044
65477,8.894873
65498,8.897219
65519,8.915984
65540,8.955861
65561,8.93475
65582,8.831537
65603,8.915984
65624,8.878452
65645,8.927712
65666,8.927712
65687,8.998084
65708,8.805735
65729,8.885489
65750,8.969935
65771,8.920675
65792,8.887836
65813,8.782278
65834,8.918329
65855,8.833883
65876,8.890181
65897,8.915984
65918,8.761166
65939,8.758821
65960,8.878452
65981,8.7424
66002,8.754128
66023,8.815118
66044,8.740054
66065,8.709559
66086,8.761166
66107,8.836229
66128,8.782278
66149,8.829192
66170,8.775241
66191,8.899564
66212,9.037962
66233,9.021542
66254,9.23031
66275,9.174014
66296,9.063765
66317,9.227965
66338,9.324141
66359,9.265497
66380,9.199817
66401,9.199817
66422,9.267843
66443,9.166977
66464,9.227965
66485,9.066111
66506,9.342906
66527,9.464884
66548,9.511798
66569,9.636122
66590,9.629085
66611,9.701802
66632,9.74637
66653,9.704147
66674,9.603281
66695,9.79094
66716,9.861312
66737,9.98329
66758,9.931683
66779,9.868348
66800,9.805015
66821,9.941067
66842,9.945757
66863,10.10292
66884,10.16626
66905,10.06539
66926,10.10527
66947,10.31873
66968,10.36799
66989,10.28823
67010,10.37737
67031,10.37268
67052,10.33515
67073,10.37737
67094,10.59318
67115,10.74331
67136,10.83713
67157,10.74331
67178,10.83713
67199,10.78318
67220,10.97319
67241,11.00368
67262,11.06936
67283,11.14677
67304,11.24529
67325,11.34616
67346,11.33677
67367,11.35319
67388,11.42591
67409,11.50097
67430,11.5432
67451,11.63937
67472,11.55023
67493,11.59011
67514,11.59949
67535,11.65579
67556,11.67221
67577,11.59715
67598,11.66283
67619,11.51739
67640,11.50566
67661,11.61357
67682,11.50801
67703,11.47517
67724,11.30628
67745,11.31566
67766,11.19134
67787,11.15381
67808,11.09985
67829,10.96146
67850,10.86763
67871,10.87467
67892,10.76676
67913,10.81133
67934,10.70343
67955,10.59083
67976,10.58849
67997,10.48762
68018,10.39614
68039,10.33515
68060,10.20379
68081,10.2507
68102,10.23428
68123,10.21786
68144,10.17095
68165,10.15218
68186,10.01378
68207,9.969215
68228,10.07477
68249,10.17095
68270,9.908226
68291,9.908226
68312,9.901189
68333,9.802669
68354,9.793285
68375,9.718222
68396,9.502416
68417,9.551676
68438,9.556367
68459,9.441426
68480,9.521181
68501,9.40624
68522,9.303029
68543,9.312411
68564,9.361671
68585,9.394512
68606,9.373401
68627,9.27488
68648,9.253768
68669,9.260805
68690,9.303029
68711,9.368709
68732,9.284263
68753,9.277225
68774,9.364017
68795,9.345251
68816,9.263151
68837,9.249077
68858,9.227965
68879,9.251423
68900,9.342906
68921,9.345251
68942,9.199817
68963,9.23031
68984,9.298337
69005,9.239694
69026,9.181051
69047,9.256114
69068,9.206854
69089,9.178705
69110,9.213891
69131,9.204508
69152,9.2913
69173,9.103642
69194,9.141173
69215,9.270188
69236,9.19278
69257,9.181051
69278,9.197471
69299,9.2092
69320,9.152903
69341,9.124753
69362,9.178705
69383,9.120062
69404,9.122408
69425,9.087222
69446,9.148211
69467,9.155248
69488,9.052036
69509,9.002776
69530,9.052036
69551,9.108333
69572,9.094258
69593,9.124753
69614,9.073148
69635,9.021542
69656,9.094258
69677,9.026234
69698,9.080185
69719,9.075493
69740,9.075493
69761,9.070802
69782,9.103642
69803,9.206854
69824,9.115371
69845,9.014504
69866,8.925366
69887,9.005121
69908,9.080185
69929,9.101295
69950,8.967589
69971,9.021542
69992,9.113025
70013,9.08253
70034,8.965244
70055,8.897219
70076,8.920675
70097,9.026234
70118,8.90191
70139,8.939441
70160,8.962898
70181,8.941787
70202,8.981664
70223,8.948824
70244,9.023888
70265,9.061419
70286,9.145865
70307,9.138828
70328,9.108333
70349,9.185742
70370,9.298337
70391,9.396858
70412,9.40624
70433,9.413278
70454,9.617355
70475,9.633776
70496,9.638468
70517,9.530564
70538,9.619701
70559,9.706493
70580,9.751062
70601,9.633776
70622,9.683037
70643,9.870694
70664,9.854274
70685,9.699456
70706,9.74637
70727,9.706493
70748,9.676
70769,9.671308
70790,9.706493
70811,9.760445
70832,9.80736
70853,9.781557
70874,9.678345
70895,9.74637
70916,9.884768
70937,9.955141
70958,9.962177
70979,9.959831
71000,9.962177
71021,10.07712
71042,10.05132
71063,10.16391
71084,10.14045
71105,10.27885
71126,10.28354
71147,10.30231
71168,10.28589
71189,10.31169
71210,10.4712
71231,10.52046
71252,10.6917
71273,10.68466
71294,10.73627
71315,10.748
71336,10.748
71357,10.76676
71378,10.86763
71399,10.91454
71420,10.98726
71441,11.1843
71462,11.11393
71483,11.08343
71504,11.20307
71525,11.23122
71546,11.28986
71567,11.30159
71588,11.36023
71609,11.28517
71630,11.31566
71651,11.31801
71672,11.43295
71693,11.38134
71714,11.34381
71735,11.30862
71756,11.32504
71777,11.36023
71798,11.28048
71819,11.37196
71840,11.2148
71861,11.09985
71882,11.1327
71903,11.14677
71924,11.13739
71945,11.1022
71966,10.95677
71987,10.91689
72008,10.87467
72029,10.83713
72050,10.90047
72071,10.76207
72092,10.81837
72113,10.73861
72134,10.70577
72155,10.60256
72176,10.67293
72197,10.6354
72218,10.47589
72239,10.57207
72260,10.33984
72281,10.31404
72302,10.36564
72323,10.37503
72344,10.27181
72365,10.18737
72386,10.26478
72407,10.25305
72428,10.15687
72449,10.24132
72470,10.15687
72491,10.01378
72512,9.971561
72533,9.999709
72554,9.919954
72575,9.59859
72596,9.685382
72617,9.678345
72638,9.575133
72659,9.53291
72680,9.603281
72701,9.58217
72722,9.570441
72743,9.481303
72764,9.579824
72785,9.676
72806,9.661925
72827,9.504761
72848,9.593899
72869,9.654888
72890,9.483649
72911,9.51649
72932,9.474266
72953,9.490686
72974,9.385129
72995,9.366363
73016,9.155248
73037,9.166977
73058,9.211545
73079,9.145865
73100,8.993393
73121,8.95117
73142,8.883143
73163,8.777586
73184,8.786969
73205,8.833883
73226,8.756474
73247,8.730671
73268,8.686103
73289,8.733017
73310,8.810426
73331,8.754128
73352,8.667336
73373,8.564125
73394,8.662645
73415,8.711905
73436,8.608693
73457,8.639189
73478,8.521902
73499,8.69314
73520,8.728326
73541,8.662645
73562,8.599311
73583,8.53363
73604,8.507828
73625,8.664991
73646,8.674374
73667,8.650917
73688,8.503136
73709,8.604002
73730,8.594619
73751,8.723634
73772,8.613385
73793,8.538322
73814,8.589928
73835,8.6603
73856,8.686103
73877,8.803389
73898,8.829192
73919,8.833883
73940,8.946478
73961,8.918329
73982,8.899564
74003,8.920675
74024,8.8245
74045,8.845612
74066,8.885489
74087,9.037962
74108,9.080185
74129,8.962898
74150,8.991047
74171,9.103642
74192,9.181051
74213,9.195126
74234,9.127099
74255,9.232656
74276,9.239694
74297,9.446118
74318,9.448463
74339,9.333523
74360,9.244386
74381,9.462538
74402,9.443772
74423,9.610318
74444,9.64785
74465,9.600936
74486,9.622047
74507,9.697111
74528,9.762791
74549,9.725259
74570,9.823779
74591,9.919954
74612,10.05835
74633,10.10058
74654,10.21552
74675,10.23663
74696,10.10292
74717,10.35861
74738,10.32811
74759,10.37033
74780,10.45009
74801,10.3328
74822,10.58614
74843,10.60491
74864,10.63775
74885,10.64244
74906,10.79491
74927,10.91689
74948,10.85355
74969,10.97084
74990,11.0506
75011,11.19134
75032,11.2969
75053,11.18899
75074,11.21245
75095,11.27578
75116,11.26406
75137,11.41653
75158,11.30628
75179,11.30159
75200,11.2969
75221,11.33443
75242,11.36727
75263,11.33208
75284,11.30862
75305,11.34616
75326,11.29455
75347,11.36727
75368,11.40245
75389,11.32035
75410,11.19368
75431,11.2664
75452,11.28986
75473,11.22183
75494,11.35319
75515,11.27813
75536,11.2664
75557,11.20307
75578,11.13973
75599,11.09751
75620,11.01072
75641,10.99195
75662,10.97084
75683,10.79256
75704,10.80664
75725,10.68232
75746,10.64009
75767,10.64244
75788,10.43601
75809,10.28589
75830,10.39379
75851,10.19206
75872,10.02317
75893,10.12403
75914,10.10058
75935,9.945757
75956,9.962177
75977,9.980944
75998,9.786248
76019,9.722914
76040,9.849584
76061,9.741679
76082,9.751062
76103,9.842546
76124,9.823779
76145,9.85662
76166,9.821435
76187,9.9223
76208,9.966869
76229,10.0044
76250,10.09354
76271,10.08181
76292,9.889461
76313,9.884768
76334,9.90588
76355,9.851928
76376,9.805015
76397,9.823779
76418,9.779211
76439,9.725259
76460,9.708839
76481,9.762791
76502,9.593899
76523,9.685382
76544,9.769828
76565,9.687728
76586,9.638468
76607,9.659579
76628,9.577478
76649,9.596244
76670,9.59859
76691,9.659579
76712,9.629085
76733,9.56575
76754,9.51649
76775,9.382783
76796,9.385129
76817,9.328832
76838,9.27488
76859,9.171668
76880,9.23031
76901,9.152903
76922,9.143519
76943,9.218582
76964,9.084876
76985,9.042653
77006,9.014504
77027,9.091913
77048,8.967589
77069,9.070802
77090,8.976973
77111,9.026234
77132,9.009813
77153,9.009813
77174,8.967589
77195,8.969935
77216,8.967589
77237,8.967589
77258,8.892527
77279,8.887836
77300,8.808081
77321,8.845612
77342,8.765858
77363,8.794006
77384,8.662645
77405,8.620422
77426,8.585237
77447,8.700177
77468,8.756474
77489,8.636843
77510,8.53363
77531,8.531285
77552,8.540668
77573,8.608693
77594,8.543014
77615,8.425727
77636,8.519556
77657,8.618076
77678,8.754128
77699,8.573507
77720,8.489061
77741,8.540668
77762,8.56647
77783,8.613385
77804,8.599311
77825,8.72598
77846,8.744746
77867,8.662645
77888,8.573507
77909,8.679066
77930,8.733017
77951,8.890181
77972,8.859686
77993,8.920675
78014,9.040307
78035,8.822155
78056,8.754128
78077,8.84092
78098,9.007467
78119,9.077839
78140,9.124753
78161,9.2092
78182,9.087222
78203,9.19278
78224,9.295992
78245,9.225619
78266,9.462538
78287,9.795631
78308,9.760445
78329,9.812052
78350,9.80736
78371,9.950449
78392,10.07712
78413,10.04428
78434,10.14045
78455,10.2249
78476,10.23428
78497,10.31873
78518,10.307
78539,10.29527
78560,10.50873
78581,10.61194
78602,10.59787
78623,10.6096
78644,10.61898
78665,10.8817
78686,10.89109
78707,10.99899
78728,11.14208
78749,11.22887
78770,11.22887
78791,11.31332
78812,11.24295
78833,11.44233
78854,11.54554
78875,11.51036
78896,11.56196
78917,11.61122
78938,11.58777
78959,11.58307
78980,11.37665
79001,11.36961
79022,11.30862
79043,11.2406
79064,11.27813
79085,11.27344
79106,11.25467
79127,11.16554
79148,11.18196
79169,11.12566
79190,11.06701
79211,11.04356
79232,11.13739
79253,11.08343
79274,11.08578
79295,11.02714
79316,10.95207
79337,10.98726
79358,10.90047
79379,10.94973
79400,10.76207
79421,10.84886
79442,10.74096
79463,10.75738
79484,10.56268
79505,10.56034
79526,10.48058
79547,10.45713
79568,10.35626
79589,10.34922
79610,10.21786
79631,10.14984
79652,10.0865
79673,10.08885
79694,10.01613
79715,10.01848
79736,9.910572
79757,9.861312
79778,9.962177
79799,9.999709
79820,9.964523
79841,9.877731
79862,9.854274
79883,9.849584
79904,9.90588
79925,9.980944
79946,9.980944
79967,9.992672
79988,9.98798
80009,10.01613
80030,9.919954
80051,9.812052
80072,9.98329
80093,9.919954
80114,9.739333
80135,9.919954
80156,9.877731
80177,9.654888
80198,9.612664
80219,9.617355
80240,9.570441
80261,9.50007
80282,9.51649
80303,9.619701
80324,9.704147
80345,9.654888
80366,9.713531
80387,9.744025
80408,9.699456
80429,9.661925
80450,9.741679
80471,9.802669
80492,9.809706
80513,9.847238
80534,9.910572
80555,9.929338
80576,9.929338
80597,9.936375
80618,9.861312
80639,9.863657
80660,9.896498
80681,9.896498
80702,9.849584
80723,9.851928
80744,9.643159
80765,9.586862
80786,9.50007
80807,9.443772
80828,9.385129
80849,9.333523
80870,9.185742
80891,9.113025
80912,9.08253
80933,9.063765
80954,8.873761
80975,8.754128
80996,8.716597
81017,8.561779
81038,8.545359
81059,8.500791
81080,8.564125
81101,8.519556
81122,8.554742
81143,8.56647
81164,8.472641
81185,8.472641
81206,8.547705
81227,8.498445
81248,8.550051
81269,8.517211
81290,8.446838
81311,8.367084
81332,8.233377
81353,8.17708
81374,8.155969
81395,8.289675
81416,8.364738
81437,8.263872
81458,7.940162
81479,8.223994
81500,8.284984
81521,8.099671
81542,8.16066
81563,8.1935
81584,8.207574
81605,8.155969
81626,8.390541
81647,8.40227
81668,8.449184
81689,8.46795
81710,8.53363
81731,8.618076
81752,8.733017
81773,8.862032
81794,8.918329
81815,8.988701
81836,9.056727
81857,9.127099
81878,9.359325
81899,9.429698
81920,9.310066
81941,9.256114
81962,9.436735
81983,9.563404
82004,9.50007
82025,9.495378
82046,9.612664
82067,9.523527
82088,9.399203
82109,9.596244
82130,9.556367
82151,9.504761
82172,9.507107
82193,9.638468
82214,9.844892
82235,10.07243
82256,10.09119
82277,9.976252
82298,10.19441
82319,10.3633
82340,10.45713
82361,10.40083
82382,10.48528
82403,10.63306
82424,10.56503
82445,10.60491
82466,10.71985
82487,10.95207
82508,10.9122
82529,10.90751
82550,11.02714
82571,11.11158
82592,11.15615
82613,11.28048
82634,11.1585
82655,11.11862
82676,11.19838
82697,11.06936
82718,11.11862
82739,11.26406
82760,11.17023
82781,11.43764
82802,11.23356
82823,11.16319
82844,11.13973
82865,11.128
82886,11.19368
82907,11.07405
82928,11.0459
82949,10.77614
82970,10.77614
82991,10.78084
83012,10.72219
83033,10.77145
83054,10.67059
83075,10.59552
83096,10.57441
83117,10.52046
83138,10.54861
83159,10.46182
83180,10.54392
83201,10.49231
83222,10.41725
83243,10.50873
83264,10.47824
83285,10.54392
83306,10.56738
83327,10.58614
83348,10.52984
83369,10.52046
83390,10.57207
83411,10.6096
83432,10.59318
83453,10.53453
83474,10.60725
83495,10.63071
83516,10.57441
83537,10.53923
83558,10.54626
83579,10.45478
83600,10.58145
83621,10.41725
83642,10.45009
83663,10.3633
83684,10.31873
83705,10.29762
83726,10.22021
83747,10.22959
83768,10.38675
83789,10.39614
83810,10.24132
83831,10.34922
83852,10.48293
83873,10.32811
83894,10.35626
83915,10.38441
83936,10.30231
83957,10.34453
83978,10.44774
83999,10.37268
84020,10.19206
84041,10.29058
84062,10.34922
84083,10.18971
84104,10.01848
84125,10.01613
84146,9.917608
84167,9.800323
84188,9.861312
84209,9.814397
84230,9.544639
84251,9.61501
84272,9.589207
84293,9.502416
84314,9.338214
84335,9.493032
84356,9.457847
84377,9.354634
84398,9.387475
84419,9.410933
84440,9.378092
84461,9.410933
84482,9.371055
84503,9.305374
84524,9.253768
84545,9.35698
84566,9.335869
84587,9.295992
84608,9.174014
84629,9.077839
84650,8.998084
84671,8.948824
84692,8.866723
84713,8.683757
84734,8.794006
84755,8.587582
84776,8.589928
84797,8.655608
84818,8.604002
84839,8.613385
84860,8.618076
84881,8.474987
84902,8.568816
84923,8.496099
84944,8.580544
84965,8.528939
84986,8.589928
85007,8.585237
85028,8.521902
85049,8.482024
85070,8.550051
85091,8.531285
85112,8.552396
85133,8.526593
85154,8.575853
85175,8.575853
85196,8.474987
85217,8.543014
85238,8.526593
85259,8.526593
85280,8.514865
85301,8.514865
85322,8.62746
85343,8.545359
85364,8.639189
85385,8.639189
85406,8.543014
85427,8.491407
85448,8.568816
85469,8.730671
85490,8.918329
85511,8.854995
85532,8.899564
85553,8.972281
85574,8.84092
85595,8.735363
85616,8.932404
85637,9.321795
85658,9.396858
85679,9.19278
85700,9.392166
85721,9.762791
85742,9.596244
85763,9.626739
85784,9.706493
85805,9.877731
85826,9.966869
85847,9.915263
85868,10.00909
85889,9.842546
85910,9.826125
85931,9.797977
85952,9.910572
85973,10.0302
85994,9.950449
86015,9.805015
86036,9.80736
86057,10.02786
86078,9.936375
86099,9.934029
86120,9.990326
86141,9.997364
86162,9.910572
86183,10.05132
86204,9.976252
86225,9.924646
86246,10.10058
86267,10.23897
86288,10.23194
86309,10.30465
86330,10.31404
86351,10.2507
86372,10.34688
86393,10.43132
86414,10.52281
86435,10.52281
86456,10.48058
86477,10.56268
86498,10.53219
86519,10.65182
86540,10.59318
86561,10.75034
86582,10.77145
86603,10.64009
86624,10.60491
86645,10.70577
86666,10.83244
86687,10.80899
86708,10.80429
86729,10.71516
86750,10.7738
86771,10.77614
86792,10.80664
86813,10.83948
86834,10.82306
86855,10.99899
86876,11.0459
86897,10.94738
86918,10.92158
86939,10.95442
86960,10.87701
86981,10.98492
87002,10.97788
87023,10.92862
87044,10.91923
87065,10.84417
87086,10.74096
87107,10.80664
87128,10.89109
87149,10.73392
87170,10.66355
87191,10.61664
87212,10.6096
87233,10.65886
87254,10.6096
87275,10.66355
87296,10.63071
87317,10.59318
87338,10.55799
87359,10.54392
87380,10.58849
87401,10.60725
87422,10.60022
87443,10.53688
87464,10.53688
87485,10.51108
87506,10.67293
87527,10.48293
87548,10.39379
87569,10.49231
87590,10.47355
87611,10.31873
87632,10.39614
87653,10.17798
87674,10.26712
87695,10.12638
87716,10.09354
87737,10.17095
87758,10.1123
87779,10.19441
87800,9.978598
87821,9.962177
87842,10.00206
87863,10.05601
87884,10.06305
87905,9.976252
87926,10.21083
87947,10.27885
87968,10.20144
87989,10.09588
88010,10.16391
88031,10.21083
88052,10.0302
88073,9.995018
88094,9.934029
88115,9.819089
88136,9.800323
88157,9.861312
88178,9.687728
88199,9.605627
88220,9.589207
88241,9.542293
88262,9.579824
88283,9.490686
88304,9.361671
88325,9.378092
88346,9.378092
88367,9.295992
88388,9.30772
88409,9.349943
88430,9.256114
88451,9.277225
88472,9.331178
88493,9.305374
88514,9.293646
88535,9.352288
88556,9.249077
88577,9.235003
88598,9.272534
88619,9.197471
88640,9.347597
88661,9.279572
88682,9.178705
88703,9.145865
88724,9.084876
88745,9.073148
88766,9.117716
88787,8.995738
88808,9.04969
88829,9.019196
88850,8.960552
88871,8.981664
88892,8.850304
88913,8.826846
88934,8.8245
88955,8.775241
88976,8.770549
88997,8.702522
89018,8.794006
89039,8.79166
89060,8.681411
89081,8.657954
89102,8.625113
89123,8.711905
89144,8.690794
89165,8.690794
89186,8.664991
89207,8.575853
89228,8.56647
89249,8.721289
89270,8.740054
89291,8.535976
89312,8.674374
89333,8.662645
89354,8.505482
89375,8.399924
89396,8.503136
89417,8.510174
89438,8.53363
89459,8.535976
89480,8.470296
89501,8.496099
89522,8.474987
89543,8.528939
89564,8.510174
89585,8.535976
89606,8.648571
89627,8.704868
89648,8.822155
89669,8.700177
89690,8.681411
89711,8.794006
89732,9.021542
89753,8.857341
89774,8.862032
89795,8.995738
89816,9.260805
89837,9.227965
89858,9.422661
89879,9.197471
89900,9.277225
89921,9.244386
89942,9.441426
89963,9.535255
89984,9.460192
90005,9.572787
90026,9.732296
90047,9.570441
90068,9.507107
90089,9.797977
90110,10.07008
90131,9.985635
90152,10.14045
90173,10.33749
90194,10.28589
90215,10.25305
90236,10.37503
90257,10.5275
90278,10.70577
90299,10.80195
90320,10.73392
90341,10.75034
90362,10.87701
90383,10.89812
90404,10.93096
90425,10.95442
90446,11.03652
90467,10.96849
90488,10.95207
90509,10.94973
90530,10.85824
90551,10.6659
90572,10.68232
90593,10.75972
90614,10.77614
90635,10.62133
90656,10.54157
90677,10.45478
90698,10.49466
90719,10.47824
90740,10.45947
90761,10.45713
90782,10.41959
90803,10.43836
90824,10.45244
90845,10.33046
90866,10.4149
90887,10.39145
90908,10.43367
90929,10.39848
90950,10.37972
90971,10.3633
90992,10.25539
91013,10.29996
91034,10.21786
91055,10.13576
91076,10.0607
91097,9.98798
91118,10.0044
91139,10.10996
91160,10.13342
91181,10.10527
91202,10.17329
91223,10.17095
91244,10.21552
91265,10.2507
91286,10.35391
91307,10.34688
91328,10.4454
91349,10.42194
91370,10.47355
91391,10.66824
91412,10.68232
91433,10.69639
91454,10.79256
91475,10.76442
91496,10.81837
91517,10.90516
91538,10.81602
91559,10.84417
91580,10.83244
91601,10.84183
91622,10.9122
91643,11.01541
91664,10.8817
91685,10.83713
91706,10.75269
91727,10.69404
91748,10.73861
91769,10.67997
91790,10.64009
91811,10.50169
91832,10.39379
91853,10.43836
91874,10.40083
91895,10.25539
91916,10.17564
91937,10.23663
91958,10.32107
91979,10.24836
92000,10.07477
92021,10.14749
92042,10.19206
92063,10.10527
92084,10.05132
92105,10.00909
92126,9.755754
92147,9.645505
92168,9.626739
92189,9.544639
92210,9.378092
92231,9.359325
92252,9.24204
92273,9.197471
92294,9.08253
92315,9.124753
92336,9.023888
92357,9.040307
92378,9.01685
92399,9.01685
92420,8.95117
92441,8.723634
92462,8.899564
92483,8.857341
92504,8.965244
92525,8.878452
92546,8.892527
92567,8.908947
92588,8.794006
92609,9.026234
92630,8.908947
92651,8.967589
92672,8.890181
92693,8.944133
92714,8.843266
92735,8.801044
92756,8.735363
92777,8.79166
92798,8.679066
92819,8.702522
