8824,9.80736
8845,9.727605
8866,9.837853
8887,9.814397
8908,9.7581
8929,9.87304
8950,9.830817
8971,9.772174
8992,9.589207
9013,9.593899
9034,9.753407
9055,9.654888
9076,9.511798
9097,9.474266
9118,9.600936
9139,9.359325
9160,9.392166
9181,9.509453
9202,9.446118
9223,9.272534
9244,9.317103
9265,9.364017
9286,9.169322
9307,9.317103
9328,9.455501
9349,9.35698
9370,9.305374
9391,9.2913
9412,9.361671
9433,9.326486
9454,9.439081
9475,9.425007
9496,9.338214
9517,9.40624
9538,9.455501
9559,9.408587
9580,9.314757
9601,9.310066
9622,9.27488
9643,9.256114
9664,9.2092
9685,9.178705
9706,9.174014
9727,9.216236
9748,9.197471
9769,9.244386
9790,9.056727
9811,9.169322
9832,9.2092
9853,9.197471
9874,9.272534
9895,9.225619
9916,9.150557
9937,9.157594
9958,9.235003
9979,9.225619
10000,9.225619
10021,9.293646
10042,9.164631
10063,9.199817
10084,9.19278
10105,9.190434
10126,9.183396
10147,9.09895
10168,9.185742
10189,9.117716
10210,9.195126
10231,9.178705
10252,9.35698
10273,9.2913
10294,9.195126
10315,9.113025
10336,9.129445
10357,9.115371
10378,9.110679
10399,9.101295
10420,9.197471
10441,9.256114
10462,9.288955
10483,9.225619
10504,9.166977
10525,9.136482
10546,9.188088
10567,9.216236
10588,9.368709
10609,9.335869
10630,9.361671
10651,9.063765
10672,9.199817
10693,9.073148
10714,9.213891
10735,9.101295
10756,9.021542
10777,9.084876
10798,9.040307
10819,9.124753
10840,8.95117
10861,8.923021
10882,8.897219
10903,8.962898
10924,8.918329
10945,8.894873
10966,9.166977
10987,9.138828
11008,9.115371
11029,9.251423
11050,9.371055
11071,9.436735
11092,9.53291
11113,9.51649
11134,9.640813
11155,9.563404
11176,9.687728
11197,9.753407
11218,9.704147
11239,9.589207
11260,9.776865
11281,9.795631
11302,9.842546
11323,9.90588
11344,9.919954
11365,9.814397
11386,9.866002
11407,9.999709
11428,9.992672
11449,9.950449
11470,10.1428
11491,10.09588
11512,9.962177
11534,10.01613
11555,10.09588
11576,10.02551
11597,10.07477
11618,10.16626
11639,10.10058
11660,10.10292
11681,10.17095
11702,10.25774
11723,10.22255
11744,10.30231
11765,10.12403
11786,10.15922
11807,10.20848
11828,10.21786
11849,10.18268
11870,10.19675
11891,10.22725
11912,10.20379
11933,10.26478
11954,10.14045
11975,10.37972
11996,10.40552
12017,10.34922
12038,10.31169
12059,10.34453
12080,10.38206
12101,10.26947
12122,10.33749
12143,10.38441
12164,10.45009
12185,10.53688
12206,10.43836
12227,10.39379
12248,10.47355
12269,10.497
12290,10.52281
12311,10.64244
12332,10.58849
12353,10.65886
12374,10.59552
12395,10.62836
12416,10.64244
12437,10.748
12458,10.67059
12479,10.59552
12500,10.67997
12521,10.59787
12542,10.64713
12563,10.61194
12584,10.5838
12605,10.54157
12626,10.61898
12647,10.52046
12668,10.49231
12689,10.52281
12710,10.5533
12731,10.48762
12752,10.49935
12773,10.5275
12794,10.43367
12815,10.52046
12836,10.45244
12857,10.47589
12878,10.497
12899,10.40787
12920,10.50404
12941,10.34688
12962,10.39145
12983,10.43367
13004,10.42194
13025,10.37268
13046,10.19675
13067,10.27181
13088,10.30465
13109,10.30231
13130,10.21786
13151,10.17329
13172,10.14045
13193,10.09119
13214,10.00206
13235,9.985635
13256,10.10058
13277,9.969215
13298,10.00909
13319,9.854274
13340,9.934029
13361,9.910572
13382,9.870694
13403,9.837853
13424,9.973906
13445,9.924646
13466,9.952795
13487,9.936375
13508,9.915263
13529,10.0044
13550,9.969215
13571,9.957487
13592,9.966869
13613,10.07946
13634,10.06773
13655,10.04662
13676,10.05132
13697,10.00675
13718,10.13576
13739,10.02551
13760,9.992672
13781,10.01144
13802,10.04428
13823,9.943413
13844,9.751062
13865,9.889461
13886,9.734642
13907,9.692419
13928,9.607973
13949,9.638468
13970,9.58217
13991,9.453156
14012,9.654888
14033,9.645505
14054,9.589207
14075,9.572787
14096,9.673654
14117,9.638468
14138,9.687728
14159,9.48834
14180,9.666616
14201,9.638468
14223,9.460192
14244,9.460192
14265,9.617355
14286,9.619701
14307,9.495378
14328,9.558713
14349,9.556367
14370,9.666616
14391,9.633776
14412,9.722914
14433,9.683037
14454,9.56575
14475,9.690074
14496,9.64785
14517,9.554022
14538,9.652542
14559,9.64785
14580,9.544639
14601,9.610318
14622,9.633776
14643,9.572787
14664,9.485995
14685,9.478958
14706,9.600936
14727,9.546985
14748,9.455501
14769,9.502416
14790,9.514144
14811,9.542293
14832,9.490686
14853,9.56575
14874,9.556367
14895,9.568096
14916,9.551676
14937,9.570441
14958,9.600936
14979,9.432044
15000,9.464884
15021,9.537601
15042,9.514144
15063,9.490686
15084,9.403895
15105,9.514144
15126,9.385129
15147,9.399203
15168,9.366363
15189,9.371055
15210,9.279572
15231,9.396858
15252,9.387475
15273,9.345251
15294,9.30772
15315,9.303029
15336,9.24204
15357,9.286609
15378,9.321795
15399,9.272534
15420,9.265497
15441,9.30772
15462,9.35698
15483,9.305374
15504,9.303029
15525,9.380438
15546,9.41797
15567,9.312411
15588,9.380438
15609,9.314757
15630,9.368709
15651,9.335869
15672,9.420315
15693,9.38982
15714,9.432044
15735,9.324141
15756,9.378092
15777,9.394512
15798,9.338214
15819,9.345251
15840,9.375746
15861,9.34056
15882,9.403895
15903,9.338214
15924,9.317103
15945,9.347597
15966,9.394512
15987,9.35698
16008,9.359325
16029,9.415624
16050,9.485995
16071,9.591553
16092,9.58217
16113,9.561059
16134,9.61501
16155,9.596244
16176,9.59859
16197,9.579824
16218,9.633776
16239,9.518835
16260,9.563404
16281,9.640813
16302,9.640813
16323,9.589207
16344,9.509453
16365,9.485995
16386,9.460192
16407,9.455501
16428,9.352288
16449,9.249077
16470,9.117716
16491,9.124753
16512,9.138828
16533,9.166977
16554,9.237348
16575,9.263151
16596,9.251423
16617,9.211545
16638,9.30772
16659,9.422661
16680,9.415624
16701,9.394512
16722,9.474266
16743,9.561059
16764,9.312411
16785,9.396858
16806,9.722914
16827,9.624393
16848,9.631431
16869,9.851928
16890,9.805015
16911,9.661925
16932,9.720568
16953,9.980944
16974,9.840199
16995,9.955141
17016,10.02551
17037,9.959831
17058,9.90588
17079,9.966869
17100,9.849584
17121,9.842546
17142,9.903535
17163,9.910572
17184,9.936375
17205,9.917608
17226,9.87304
17247,9.800323
17268,9.828471
17289,9.77452
17310,9.734642
17331,9.863657
17352,9.755754
17373,9.800323
17394,9.80736
17415,9.919954
17436,9.910572
17457,10.00206
17478,10.09588
17499,9.969215
17520,10.05835
17541,10.17095
17562,10.31873
17583,10.27181
17604,10.34688
17625,10.32811
17646,10.36564
17667,10.43367
17688,10.50404
17709,10.53219
17730,10.52281
17751,10.56268
17772,10.56034
17793,10.65417
17814,10.48762
17835,10.52281
17856,10.56034
17877,10.57441
17898,10.64713
17919,10.54626
17940,10.54392
17961,10.60022
17982,10.61664
18003,10.59552
18024,10.71516
18045,10.67997
18066,10.62836
18087,10.62602
18108,10.64713
18129,10.64244
18150,10.64244
18171,10.67059
18192,10.63775
18213,10.64009
18234,10.57676
18255,10.63775
18276,10.67997
18297,10.5533
18318,10.57676
18339,10.59787
18360,10.52281
18381,10.44071
18402,10.50404
18423,10.50873
18444,10.40787
18465,10.37972
18486,10.45478
18507,10.45244
18528,10.39145
18549,10.44071
18570,10.42663
18591,10.42663
18612,10.46885
18633,10.41959
18654,10.35626
18675,10.36095
18696,10.29762
18717,10.35157
18738,10.28823
18759,10.37972
18780,10.3328
18801,10.28354
18822,10.21786
18843,10.27885
18864,10.22959
18885,10.26008
18906,10.38441
18927,10.24132
18948,10.23428
18969,10.307
18990,10.23428
19011,10.34453
19032,10.34688
19053,10.26712
19074,10.29527
19095,10.37268
19116,10.35157
19137,10.23194
19158,10.22255
19179,10.17564
19200,10.14984
19221,10.20613
19242,10.20848
19263,10.1686
19284,10.09823
19305,10.12872
19326,10.09354
19347,10.13811
19368,9.971561
19389,9.87304
19410,9.948103
19431,9.997364
19452,9.884768
19473,9.969215
19494,9.833163
19515,9.833163
19536,9.943413
19557,9.891806
19579,9.713531
19601,9.701802
19622,9.629085
19643,9.563404
19664,9.605627
19685,9.48834
19706,9.385129
19727,9.427352
19748,9.326486
19769,9.251423
19790,9.368709
19811,9.225619
19832,9.176359
19853,9.288955
19874,9.157594
19895,9.03327
19916,9.066111
19937,9.042653
19958,9.03327
19979,8.981664
20000,9.110679
20021,8.955861
20042,9.014504
20063,9.019196
20084,8.988701
20105,8.93475
20126,8.960552
20147,8.833883
20168,8.925366
20189,8.777586
20210,8.695485
20231,8.819809
20252,8.887836
20273,8.90191
20294,8.84092
20315,8.728326
20336,8.822155
20357,8.784623
20378,8.862032
20399,8.810426
20420,8.817463
20441,8.918329
20462,8.955861
20483,8.986356
20504,8.967589
20525,8.911292
20546,8.986356
20567,9.002776
20588,8.944133
20609,8.965244
20630,9.019196
20651,9.110679
20672,9.115371
20693,9.113025
20714,9.117716
20735,9.059073
20756,9.026234
20777,9.103642
20798,9.202163
20819,9.124753
20840,9.117716
20861,8.798697
20882,8.730671
20903,9.120062
20924,9.23031
20945,8.561779
20966,9.211545
20987,9.164631
21008,8.998084
21029,9.155248
21050,9.063765
21071,9.183396
21092,9.155248
21113,9.265497
21134,9.288955
21155,9.436735
21176,9.495378
21197,9.34056
21218,9.218582
21239,9.2913
21260,9.460192
21281,9.394512
21302,9.469575
21323,9.563404
21344,9.535255
21365,9.364017
21386,9.586862
21407,9.483649
21428,9.530564
21449,9.319448
21470,9.455501
21491,9.429698
21512,9.155248
21533,9.288955
21554,9.342906
21575,9.188088
21596,9.195126
21617,9.279572
21638,9.317103
21659,9.450809
21680,9.471921
21701,9.593899
21722,9.650196
21743,9.767483
21764,9.657233
21785,9.999709
21806,10.10527
21827,10.21317
21848,10.24601
21869,10.24366
21890,10.33046
21911,10.41021
21932,10.57207
21953,10.58849
21974,10.45947
21995,10.497
22016,10.76207
22037,10.56738
22058,10.51108
22079,10.68466
22100,10.82541
22121,10.67293
22142,10.57207
22163,10.57441
22184,10.48762
22205,10.55799
22226,10.55565
22247,10.62602
22268,10.7996
22289,10.86528
22310,10.87936
22331,10.83948
22352,10.85355
22373,10.78318
22394,10.80664
22415,10.89109
22436,10.87701
22457,10.94504
22478,10.92627
22499,10.93565
22520,10.79256
22541,10.72923
22562,10.77849
22583,10.83713
22604,10.83948
22625,10.7996
22646,10.74565
22667,10.74331
22688,10.74565
22709,10.75738
22730,10.79726
22751,10.74331
22772,10.81133
22793,10.73158
22814,10.83479
22835,10.78787
22856,10.75269
22877,10.80195
22898,10.73392
22919,10.69639
22940,10.65417
22961,10.61194
22982,10.56738
23003,10.6354
23024,10.54392
23045,10.54626
23066,10.51108
23087,10.45713
23108,10.34219
23129,10.30935
23150,10.17798
23171,10.06773
23192,9.997364
23213,10.03255
23234,9.962177
23255,9.842546
23276,9.959831
23297,9.915263
23318,9.870694
23339,9.842546
23360,9.870694
23381,9.739333
23402,9.802669
23423,9.847238
23444,9.833163
23465,9.863657
23486,9.891806
23507,9.833163
23528,9.931683
23549,9.877731
23570,9.943413
23591,9.891806
23612,9.896498
23633,9.765137
23654,9.842546
23675,9.779211
23696,9.720568
23717,9.722914
23738,9.654888
23759,9.586862
23780,9.626739
23801,9.593899
23822,9.64785
23843,9.48834
23864,9.535255
23885,9.558713
23906,9.469575
23927,9.425007
23948,9.640813
23969,9.586862
23990,9.474266
24011,9.542293
24032,9.554022
24053,9.460192
24074,9.525873
24095,9.490686
24116,9.453156
24137,9.502416
24158,9.572787
24179,9.380438
24200,9.469575
24221,9.497724
24242,9.317103
24263,9.288955
24284,9.382783
24305,9.338214
24326,9.380438
24347,9.38982
24368,9.310066
24389,9.270188
24410,9.310066
24431,9.246731
24452,9.24204
24473,9.265497
24494,9.342906
24515,9.331178
24536,9.382783
24557,9.279572
24578,9.190434
24599,9.171668
24620,9.211545
24641,9.155248
24662,9.096604
24683,9.143519
24704,9.115371
24725,9.225619
24746,9.166977
24767,9.047344
24788,9.124753
24809,9.096604
24830,9.19278
24851,9.08253
24872,9.052036
24893,9.044999
24914,9.012158
24935,9.030925
24956,8.930058
24977,8.927712
24998,8.969935
25019,8.899564
25040,8.873761
25061,8.911292
25082,8.812772
25103,8.857341
25124,8.852649
25145,8.913638
25166,8.939441
25187,8.988701
25208,8.876106
25229,8.904256
25250,9.021542
25271,9.152903
25292,9.042653
25313,9.105988
25334,9.232656
25355,9.199817
25376,9.295992
25397,9.148211
25418,9.24204
25439,9.333523
25460,9.392166
25481,9.380438
25502,9.474266
25523,9.448463
25544,9.502416
25565,9.561059
25586,9.53291
25607,9.521181
25628,9.380438
25649,9.460192
25670,9.561059
25691,9.558713
25712,9.53291
25733,9.467229
25754,9.537601
25775,9.661925
25796,9.504761
25817,9.589207
25838,9.823779
25859,9.765137
25880,9.460192
25901,9.64785
25922,9.765137
25943,9.77452
25964,9.765137
25985,9.744025
26006,9.840199
26027,9.894152
26048,9.943413
26069,9.903535
26090,9.795631
26111,9.957487
26132,9.985635
26153,9.908226
26174,9.837853
26195,9.957487
26216,9.802669
26237,9.877731
26258,9.934029
26279,9.828471
26300,9.624393
26321,9.732296
26342,9.767483
26363,9.715877
26384,9.727605
26405,9.617355
26426,9.61501
26447,9.610318
26468,9.483649
26489,9.478958
26510,9.448463
26531,9.429698
26552,9.272534
26573,9.413278
26594,9.483649
26615,9.460192
26636,9.51649
26657,9.643159
26678,9.603281
26699,9.610318
26720,9.704147
26741,9.713531
26762,9.654888
26783,9.718222
26804,9.842546
26825,9.858966
26846,9.842546
26867,9.941067
26888,9.959831
26909,10.01848
26930,10.09354
26951,10.18268
26972,10.16156
26993,10.22021
27014,10.19675
27035,10.21083
27056,10.23663
27077,10.23194
27098,10.32576
27119,10.3633
27140,10.37503
27161,10.32811
27182,10.46182
27203,10.57441
27224,10.51108
27245,10.63775
27266,10.54626
27287,10.53219
27308,10.54157
27329,10.58145
27350,10.60256
27371,10.56034
27392,10.60022
27413,10.45947
27434,10.42663
27455,10.45947
27476,10.39848
27497,10.40083
27518,10.39379
27539,10.46182
27560,10.35157
27581,10.34688
27602,10.39145
27623,10.36564
27644,10.31638
27665,10.33046
27686,10.40083
27707,10.36799
27728,10.43836
27749,10.49231
27770,10.49231
27791,10.51108
27812,10.36799
27833,10.46651
27854,10.39848
27875,10.45244
27896,10.48762
27917,10.51342
27938,10.45713
27959,10.45713
27980,10.39614
28001,10.40787
28022,10.40317
28043,10.27885
28064,10.29996
28085,10.24132
28106,10.17798
28127,10.10996
28148,10.04428
28169,10.01848
28190,9.995018
28211,10.09823
28232,10.02786
28253,10.04193
28274,10.0607
28295,9.959831
28316,10.13576
28337,9.971561
28358,10.07243
28379,10.07946
28400,10.02317
28421,9.964523
28442,10.1428
28463,10.21317
28484,10.20144
28505,10.26008
28526,10.27181
28547,10.37268
28568,10.31873
28589,10.42194
28610,10.40552
28631,10.39848
28652,10.35861
28673,10.49466
28694,10.53688
28715,10.55096
28736,10.50404
28757,10.43601
28778,10.51108
28799,10.42663
28820,10.60022
28841,10.44305
28862,10.36799
28883,10.47589
28904,10.22255
28925,10.21786
28946,10.28354
28967,10.21552
28988,9.957487
29009,9.90588
29030,9.999709
29051,9.809706
29072,9.652542
29093,9.680691
29114,9.715877
29135,9.420315
29156,9.279572
29177,9.443772
29198,9.464884
29219,9.279572
29240,9.204508
29261,9.326486
29282,9.232656
29303,9.15994
29324,9.174014
29345,9.110679
29366,9.08253
29387,9.019196
29408,8.946478
29429,8.98401
29450,8.794006
29471,8.869069
29492,8.885489
29513,8.709559
29534,8.831537
29555,8.873761
29576,8.770549
29597,8.723634
29618,8.772895
29639,8.744746
29660,8.826846
29681,8.810426
29702,8.667336
29723,8.765858
29744,8.810426
29765,8.890181
29786,8.756474
29807,8.646226
29828,8.669683
29849,8.735363
29870,8.784623
29891,8.7424
29912,8.777586
29933,8.758821
29954,8.646226
29975,8.796351
29996,8.883143
30017,8.838574
30038,8.798697
30059,8.796351
30080,8.852649
30101,8.937096
30122,8.925366
30143,8.925366
30164,9.077839
30185,9.070802
30206,9.084876
30227,9.190434
30248,9.225619
30269,9.263151
30290,9.25846
30311,9.246731
30333,9.181051
30356,9.270188
30377,9.354634
30398,9.2913
30419,9.235003
30440,9.300683
30461,9.223273
30482,9.134136
30503,8.986356
30524,9.012158
30545,8.847958
30566,8.695485
30587,8.887836
30608,8.976973
30629,8.944133
30650,8.925366
30671,8.939441
30692,8.965244
30713,8.958207
30734,9.059073
30755,8.974627
30776,8.988701
30797,9.08253
30818,9.190434
30839,9.181051
30860,9.199817
30881,9.246731
30902,9.197471
30923,9.223273
30944,9.448463
30965,9.410933
30986,9.403895
31007,9.408587
31028,9.483649
31049,9.631431
31070,9.504761
31091,9.539948
31112,9.537601
31133,9.502416
31154,9.490686
31176,9.673654
31197,9.725259
31218,9.610318
31239,9.612664
31260,9.685382
31281,9.657233
31302,9.685382
31323,9.805015
31344,9.882422
31365,9.708839
31386,9.854274
31407,9.952795
31428,9.915263
31449,9.943413
31470,9.976252
31491,9.809706
31512,9.894152
31533,10.02551
31554,10.10761
31575,10.03489
31596,10.09588
31617,10.12872
31638,10.26712
31659,10.36799
31680,10.29527
31701,10.32107
31722,10.35626
31743,10.28823
31764,10.38206
31785,10.31873
31806,10.46651
31827,10.47589
31848,10.48997
31869,10.45947
31890,10.50873
31911,10.59318
31932,10.72454
31953,10.65182
31974,10.61664
31995,10.70108
32016,10.64478
32037,10.6354
32058,10.56268
32079,10.60725
32100,10.59318
32121,10.45713
32142,10.3633
32163,10.38675
32184,10.44071
32205,10.33749
32226,10.30465
32247,10.34453
32268,10.21552
32289,10.33515
32310,10.31169
32331,10.31873
32352,10.3891
32373,10.37737
32394,10.36799
32415,10.37033
32436,10.39614
32457,10.42898
32478,10.48058
32499,10.45009
32520,10.42663
32541,10.51342
32562,10.5275
32583,10.497
32604,10.61194
32625,10.46885
32646,10.41725
32667,10.47824
32688,10.50169
32709,10.47824
32730,10.46651
32751,10.31404
32772,10.29996
32793,10.07243
32814,10.05366
32835,10.04897
32856,10.03724
32877,10.01378
32898,9.976252
32919,9.894152
32940,9.877731
32961,9.901189
32982,9.87304
33003,9.80736
33024,9.919954
33045,9.98798
33066,10.00909
33087,9.917608
33108,10.0044
33129,9.98329
33150,10.0044
33171,10.15687
33192,10.21317
33213,10.16156
33234,10.10058
33255,10.20848
33276,10.16626
33297,10.07008
33318,10.16626
33339,10.18971
33360,10.03255
33381,10.04897
33402,10.12403
33423,10.06539
33444,9.861312
33465,9.814397
33486,9.694765
33507,9.610318
33528,9.640813
33549,9.610318
33570,9.523527
33591,9.284263
33612,9.434389
33633,9.455501
33654,9.373401
33675,9.342906
33696,9.300683
33717,9.314757
33738,9.425007
33759,9.457847
33780,9.455501
33801,9.279572
33822,9.385129
33843,9.434389
33864,9.493032
33885,9.422661
33906,9.303029
33927,9.35698
33948,9.443772
33969,9.474266
33990,9.396858
34011,9.286609
34032,9.425007
34053,9.462538
34074,9.277225
34095,9.152903
34116,9.38982
34137,9.260805
34158,9.178705
34179,9.206854
34200,9.328832
34221,9.190434
34242,9.171668
34263,9.218582
34284,9.2913
34305,9.136482
34326,9.23031
34347,9.235003
34368,9.368709
34389,9.2913
34410,9.256114
34431,9.27488
34452,9.326486
34473,9.413278
34494,9.171668
34515,9.279572
34536,9.091913
34557,9.206854
34578,9.070802
34599,9.134136
34620,9.13179
34641,9.110679
34662,9.052036
34683,9.047344
34704,8.976973
34725,9.028579
34746,9.089567
34767,9.155248
34788,9.185742
34809,9.014504
34830,9.059073
34851,9.148211
34872,9.171668
34893,9.019196
34914,8.98401
34935,9.028579
34956,9.059073
34977,9.138828
34998,9.164631
35019,9.298337
35040,9.235003
35061,9.176359
35082,9.284263
35103,9.129445
35124,9.223273
35145,9.319448
35166,9.38982
35187,9.232656
35208,9.227965
35229,9.197471
35250,9.13179
35271,9.091913
35292,9.023888
35313,8.932404
35334,8.93475
35355,9.040307
35376,8.955861
35397,8.904256
35418,8.826846
35439,8.960552
35460,9.052036
35481,8.915984
35502,8.866723
35523,9.096604
35544,9.265497
35565,9.19278
35586,9.256114
35607,9.335869
35628,9.253768
35649,9.368709
35670,9.528218
35691,9.605627
35712,9.596244
35733,9.563404
35754,9.570441
35775,9.563404
35796,9.61501
35817,9.603281
35838,9.617355
35859,9.645505
35880,9.744025
35901,9.694765
35922,9.575133
35943,9.504761
35964,9.610318
35985,9.744025
36006,9.715877
36027,9.668962
36048,9.575133
36069,9.542293
36090,9.579824
36111,9.678345
36132,9.687728
36153,9.544639
36174,9.539948
36195,9.464884
36216,9.697111
36237,9.697111
36258,9.56575
36279,9.591553
36300,9.680691
36321,9.755754
36342,9.687728
36363,9.776865
36384,9.739333
36405,9.870694
36426,9.875386
36447,9.708839
36468,9.610318
36489,9.80736
36510,9.844892
36531,9.858966
36552,9.812052
36573,9.732296
36594,9.753407
36615,9.833163
36636,10.06305
36657,9.861312
36678,9.945757
36699,10.05132
36720,10.10527
36741,10.16391
36762,10.28354
36783,10.2507
36804,10.26712
36825,10.2812
36846,10.30465
36867,10.30231
36888,10.31404
36909,10.37033
36930,10.32107
36951,10.32342
36972,10.26947
36993,10.20144
37014,10.24836
37035,10.13342
37056,10.18737
37077,10.26947
37098,10.2765
37119,10.15218
37140,10.19675
37161,10.15922
37182,10.26243
37203,10.26008
37224,10.33984
37245,10.31638
37266,10.31169
37287,10.20379
37308,10.19675
37329,10.23194
37350,10.37503
37371,10.46416
37392,10.35157
37413,10.36564
37434,10.34219
37455,10.50404
37476,10.4149
37497,10.54157
37518,10.54157
37539,10.51811
37560,10.55565
37581,10.51108
37602,10.43367
37623,10.44774
37644,10.44305
37665,10.41959
37686,10.31404
37707,10.16626
37728,10.13342
37749,10.09119
37770,10.10761
37791,10.0607
37812,10.15687
37833,10.07712
37854,10.11465
37875,10.14749
37896,10.05366
37917,10.16391
37938,10.09823
37959,10.14984
37980,10.15218
38001,10.18502
38022,10.05835
38043,10.14984
38064,10.07712
38085,10.09823
38106,10.21786
38127,10.19206
38148,10.07477
38169,10.11934
38190,10.06773
38211,10.13811
38232,10.25774
38253,10.2765
38274,10.13342
38295,10.08885
38316,9.919954
38337,10.10996
38358,9.992672
38379,10.13811
38400,10.02551
38421,10.06773
38442,9.964523
38463,9.957487
38484,9.875386
38505,10.04428
38526,9.941067
38547,9.990326
38568,9.915263
38589,9.934029
38610,9.884768
38631,9.948103
38652,9.931683
38673,9.877731
38694,9.912917
38715,9.992672
38736,9.941067
38757,9.957487
38778,9.898843
38799,9.992672
38820,10.08181
38841,10.0302
38862,9.98329
38883,9.917608
38904,9.779211
38925,9.694765
38946,9.797977
38967,9.814397
38988,9.640813
39009,9.61501
39030,9.725259
39051,9.568096
39072,9.434389
39093,9.521181
39114,9.659579
39135,9.619701
39156,9.420315
39177,9.514144
39198,9.668962
39219,9.525873
39240,9.359325
39261,9.671308
39282,9.652542
39303,9.605627
39324,9.558713
39345,9.579824
39366,9.596244
39387,9.467229
39408,9.478958
39429,9.495378
39450,9.333523
39471,9.279572
39492,9.375746
39513,9.364017
39534,9.263151
39555,9.197471
39576,9.199817
39597,9.171668
39618,9.047344
39639,9.073148
39660,9.178705
39681,9.007467
39702,9.021542
39723,8.948824
39744,9.040307
39765,9.066111
39786,8.918329
39807,8.90191
39828,8.897219
39849,8.976973
39870,9.066111
39891,8.998084
39912,8.972281
39933,8.890181
39954,8.941787
39975,9.066111
39996,9.089567
40017,8.932404
40038,9.012158
40059,9.054381
40080,9.059073
40101,8.988701
40122,8.777586
40143,8.801044
40164,8.826846
40185,8.817463
40206,8.897219
40227,8.6603
40248,8.596965
40269,8.721289
40290,8.704868
40311,8.765858
40332,8.7424
40353,8.812772
40374,8.897219
40395,8.988701
40416,9.01685
40437,9.054381
40458,8.953515
40479,9.007467
40500,9.054381
40521,9.080185
40542,9.202163
40563,9.101295
40584,9.124753
40605,9.199817
40626,9.152903
40647,9.202163
40668,9.281918
40689,9.225619
40710,9.265497
40731,9.251423
40752,9.239694
40773,9.279572
40794,9.059073
40815,8.920675
40836,8.925366
40857,9.014504
40878,8.998084
40899,9.002776
40920,8.946478
40941,9.108333
40962,9.021542
40983,8.876106
41004,9.030925
41025,9.138828
41046,9.223273
41067,9.225619
41088,9.23031
41109,9.138828
41130,9.145865
41151,9.338214
41172,9.30772
41193,9.392166
41214,9.610318
41235,9.51649
41256,9.622047
41277,9.711185
41298,9.58217
41319,9.53291
41340,9.734642
41361,9.776865
41382,9.779211
41403,9.802669
41424,9.863657
41445,9.736988
41466,9.866002
41487,9.903535
41508,9.7581
41529,9.725259
41550,9.797977
41571,9.976252
41592,9.943413
41613,10.10996
41634,10.16156
41655,10.04662
41676,10.17564
41697,10.29996
41718,10.24366
41739,10.33749
41760,10.27885
41781,10.31169
41802,10.35861
41823,10.307
41844,10.40787
41865,10.3891
41886,10.4712
41907,10.50873
41928,10.497
41949,10.4454
41970,10.46651
41991,10.5275
42012,10.5533
42033,10.61664
42054,10.80899
42075,10.81602
42096,10.91454
42117,10.75269
42138,10.86763
42159,10.89109
42180,10.91923
42201,10.91923
42222,10.94269
42243,10.92627
42264,10.87936
42285,11.03183
42306,10.98022
42327,11.01072
42348,11.09985
42369,11.01306
42390,10.99664
42411,11.04356
42432,11.01072
42453,10.92627
42474,10.88639
42495,10.67059
42516,10.56034
42537,10.57207
42558,10.50639
42579,10.44774
42600,10.36095
42621,10.2812
42642,10.20613
42663,10.10292
42684,10.08416
42705,10.14984
42726,10.15453
42747,10.1123
42768,10.01613
42789,10.03489
42810,9.999709
42831,10.01144
42852,10.05132
42873,10.01378
42894,10.01378
42915,10.01378
42936,9.941067
42957,9.962177
42978,9.915263
42999,9.926992
43020,9.936375
43041,9.889461
43062,9.776865
43083,9.727605
43104,9.788594
43125,9.816743
43146,9.683037
43167,9.624393
43188,9.692419
43209,9.579824
43230,9.619701
43251,9.568096
43272,9.511798
43293,9.490686
43314,9.556367
43335,9.507107
43356,9.464884
43377,9.490686
43398,9.436735
43419,9.518835
43440,9.572787
43461,9.589207
43482,9.507107
43503,9.493032
43524,9.497724
43545,9.558713
43566,9.485995
43587,9.50007
43608,9.518835
43629,9.530564
43650,9.570441
43671,9.659579
43692,9.617355
43713,9.554022
43734,9.607973
43755,9.666616
43776,9.640813
43797,9.697111
43818,9.676
43839,9.542293
43860,9.558713
43881,9.59859
43902,9.668962
43923,9.556367
43944,9.676
43965,9.720568
43986,9.607973
44007,9.596244
44028,9.718222
44049,9.673654
44070,9.732296
44091,9.687728
44112,9.671308
44133,9.729951
44154,9.753407
44175,9.708839
44196,9.694765
44217,9.671308
44238,9.812052
44259,9.732296
44280,9.650196
44301,9.657233
44322,9.685382
44343,9.596244
44364,9.528218
44385,9.638468
44406,9.518835
44427,9.41797
44448,9.490686
44469,9.514144
44490,9.345251
44511,9.371055
44532,9.422661
44553,9.413278
44574,9.305374
44595,9.35698
44616,9.295992
44637,9.326486
44658,9.30772
44679,9.223273
44700,9.251423
44721,9.267843
44742,9.220928
44763,9.124753
44784,9.152903
44805,9.223273
44826,9.124753
44847,9.331178
44868,9.181051
44889,9.162285
44910,8.948824
44931,9.037962
44952,8.831537
44973,8.920675
44994,8.782278
45015,8.679066
45036,8.723634
45057,8.798697
45078,8.707214
45099,8.667336
45120,8.528939
45141,8.575853
45162,8.716597
45183,8.751783
45204,8.704868
45225,8.779932
45246,8.794006
45267,8.801044
45288,8.993393
45309,8.878452
45330,9.061419
45351,8.899564
45372,9.035616
45393,9.115371
45414,9.237348
45435,9.223273
45456,9.190434
45477,9.13179
45498,9.197471
45519,9.267843
45540,9.392166
45561,9.366363
45582,9.401549
45603,9.185742
45624,9.206854
45645,9.143519
45666,9.220928
45687,9.145865
45708,9.162285
45729,9.211545
45750,9.089567
45771,9.185742
45792,9.239694
45813,9.129445
45834,9.195126
45855,9.277225
45876,9.368709
45897,9.213891
45918,9.345251
45939,9.460192
45960,9.483649
45981,9.333523
46002,9.345251
46023,9.293646
46044,9.371055
46065,9.413278
46086,9.425007
46107,9.385129
46128,9.359325
46149,9.352288
46170,9.439081
46191,9.373401
46212,9.319448
46233,9.375746
46254,9.385129
46275,9.368709
46296,9.476612
46317,9.575133
46338,9.523527
46359,9.554022
46380,9.629085
46401,9.645505
46422,9.544639
46443,9.788594
46464,9.910572
46485,9.882422
46506,9.833163
46527,9.868348
46548,9.995018
46569,10.02786
46590,10.02317
46611,10.15687
46632,10.23428
46653,10.18502
46674,10.37033
46695,10.42898
46716,10.32107
46737,10.48997
46758,10.41021
46779,10.32811
46800,10.54157
46821,10.3891
46842,10.29292
46863,10.53453
46884,10.60725
46905,10.59083
46926,10.44071
46947,10.51577
46968,10.5791
46989,10.43601
47010,10.52046
47031,10.70343
47052,10.67059
47073,10.74096
47094,10.64478
47115,10.70343
47136,10.66355
47157,10.64947
47178,10.66121
47199,10.72923
47220,10.63071
47241,10.59318
47262,10.46651
47283,10.47355
47304,10.46885
47325,10.34922
47346,10.30935
47367,10.24836
47388,10.11934
47409,10.1123
47430,10.07008
47451,9.948103
47472,9.952795
47493,9.861312
47514,9.847238
47535,9.985635
47556,10.06539
47577,10.0865
47598,10.15922
47619,10.21083
47640,10.15218
47661,10.18971
47682,10.26243
47703,10.26243
47724,10.24836
47745,10.307
47766,10.35626
47787,10.38206
47808,10.36799
47829,10.35391
47850,10.47589
47871,10.45947
47892,10.43367
47913,10.39379
47934,10.45947
47955,10.40083
47976,10.2507
47997,10.29058
48018,10.32107
48039,10.13811
48060,10.29292
48081,10.25774
48102,10.04193
48123,10.20379
48144,10.17564
48165,10.20848
48186,10.05132
48207,10.0607
48228,10.14749
48249,10.09119
48270,10.05366
48291,10.17329
48312,10.19441
48333,10.0302
48354,10.15453
48375,10.22255
48396,10.19675
48417,10.12638
48438,10.25305
48459,10.16156
48480,10.17564
48501,10.25305
48522,10.15453
48543,10.09354
48564,10.17329
48585,10.06539
48606,9.980944
48627,9.816743
48648,9.903535
48669,9.692419
48690,9.622047
48711,9.600936
48732,9.523527
48753,9.514144
48774,9.305374
48795,9.220928
48816,9.317103
48837,9.171668
48858,9.394512
48879,9.399203
48900,9.352288
48921,9.115371
48942,9.204508
48963,9.345251
48984,9.317103
49005,9.246731
49026,9.211545
49047,9.253768
49068,9.054381
49089,9.08253
49110,9.25846
49131,9.263151
49152,9.084876
49173,9.166977
49194,9.267843
49215,9.225619
49236,9.117716
49257,9.195126
49278,9.24204
49299,9.117716
49320,9.120062
49341,9.152903
49362,9.103642
49383,9.070802
49404,9.094258
49425,8.95117
49446,9.059073
49467,9.13179
49488,9.052036
49509,9.03327
49530,8.960552
49551,9.047344
49572,9.122408
49593,9.129445
49614,9.105988
49635,9.225619
49656,9.09895
49677,9.056727
49698,9.155248
49719,9.037962
49740,8.93475
49761,8.869069
49782,8.906601
49803,8.864378
49824,8.90191
49845,8.826846
49866,8.728326
49887,8.819809
49908,8.892527
49929,8.904256
49950,8.704868
49971,8.655608
49992,8.702522
50013,8.866723
50034,8.854995
50055,8.913638
50076,8.850304
50097,8.808081
50118,8.991047
50139,9.04969
50160,8.962898
50181,8.988701
50202,8.850304
50223,8.892527
50244,9.084876
50265,9.213891
50286,9.239694
50307,9.042653
50328,9.01685
50349,9.13179
50370,9.152903
50391,9.288955
50412,9.15994
50433,9.197471
50454,9.281918
50475,9.359325
50496,9.300683
50517,9.310066
50538,9.265497
50559,9.403895
50580,9.375746
50601,9.401549
50622,9.448463
50643,9.413278
50664,9.443772
50685,9.478958
50706,9.523527
50727,9.668962
50748,9.711185
50769,9.53291
50790,9.483649
50811,9.736988
50832,9.753407
50853,9.722914
50874,9.558713
50895,9.629085
50916,9.802669
50937,9.950449
50958,9.821435
50979,9.624393
51000,9.814397
51021,9.842546
51042,9.969215
51063,10.07946
51084,9.990326
51105,9.847238
51126,9.79094
51147,9.924646
51168,10.01378
51189,9.849584
51210,9.814397
51231,9.955141
51252,9.938721
51273,9.805015
51294,9.692419
51315,9.926992
51336,9.894152
51357,9.875386
51378,10.00675
51399,9.98798
51420,9.875386
51441,9.903535
51462,9.929338
51483,9.821435
51504,9.995018
51525,9.973906
51546,9.910572
51567,9.950449
51588,9.919954
51609,9.936375
51630,9.901189
51651,9.9223
51672,9.948103
51693,10.04193
51714,10.24601
51735,10.17564
51756,10.08181
51777,10.14514
51798,9.995018
51819,9.985635
51843,10.08181
51868,10.23428
51889,10.29762
51910,10.19206
51931,10.34688
51952,10.29527
51973,10.44774
51994,10.40317
52015,10.4149
52036,10.37737
52057,10.40317
52078,10.5791
52099,10.77614
52120,10.7175
52141,10.68466
52162,10.54157
52183,10.3633
52204,10.36095
52225,10.41959
52246,10.45947
52267,10.54392
52288,10.52515
52309,10.44305
52330,10.36799
52351,10.23663
52372,10.2249
52393,10.28589
52414,10.40552
52435,10.53923
52456,10.63306
52477,10.47824
52498,10.43367
52519,10.3891
52540,10.497
52561,10.54157
52582,10.58145
52603,10.57207
52624,10.57676
52645,10.45478
52666,10.56034
52687,10.58145
52708,10.61898
52729,10.56972
52750,10.48762
52771,10.42429
52792,10.47824
52813,10.43367
52834,10.40787
52855,10.37503
52876,10.29762
52897,10.14514
52918,10.17798
52939,10.1428
52960,10.12403
52981,10.08885
53002,10.04193
53023,9.936375
53044,9.884768
53065,9.87304
53086,9.891806
53107,9.926992
53128,9.959831
53149,9.765137
53170,9.762791
53191,9.816743
53212,9.950449
53233,9.957487
53254,9.926992
53275,9.973906
53296,9.957487
53317,9.929338
53338,10.07243
53359,9.990326
53380,9.889461
53401,9.924646
53422,9.830817
53443,9.610318
53464,9.823779
53485,9.826125
53507,9.586862
53528,9.622047
53549,9.680691
53570,9.554022
53591,9.436735
53612,9.652542
53633,9.558713
53654,9.490686
53675,9.622047
53696,9.544639
53717,9.399203
53738,9.511798
53759,9.509453
53780,9.333523
53801,9.413278
53822,9.584516
53843,9.446118
53864,9.40624
53885,9.525873
53906,9.558713
53927,9.429698
53948,9.446118
53969,9.408587
53990,9.467229
54011,9.317103
54032,9.312411
54053,9.260805
54074,9.145865
54095,9.185742
54116,9.122408
54137,9.023888
54158,8.972281
54179,9.068456
54200,9.040307
54221,8.925366
54242,8.887836
54263,8.960552
54284,8.932404
54305,8.885489
54326,8.939441
54347,8.960552
54368,8.962898
54389,8.852649
54410,9.073148
54431,8.998084
54452,8.93475
54473,8.98401
54494,9.002776
54515,9.077839
54536,8.972281
54557,8.920675
54578,8.878452
54599,8.944133
54620,8.847958
54641,8.897219
54662,8.892527
54683,8.772895
54704,8.737708
54725,8.747091
54746,8.777586
54767,8.812772
54788,8.812772
54809,8.801044
54830,8.829192
54851,8.786969
54872,8.915984
54893,9.028579
54914,8.925366
54935,8.904256
54956,8.998084
54977,9.162285
54998,9.117716
55019,9.176359
55040,9.162285
55061,9.2092
55082,9.23031
55103,9.378092
55124,9.385129
55145,9.38982
55166,9.345251
55187,9.349943
55208,9.48834
55229,9.455501
55250,9.331178
55271,9.366363
55292,9.439081
55313,9.314757
55334,9.295992
55355,9.24204
55376,9.272534
55397,9.080185
55418,9.070802
55439,9.141173
55460,9.176359
55481,9.127099
55502,9.256114
55523,9.134136
55544,9.24204
55565,9.34056
55586,9.439081
55607,9.373401
55628,9.626739
55649,9.668962
55670,9.638468
55691,9.666616
55712,9.729951
55733,9.673654
55754,9.732296
55775,9.819089
55796,9.713531
55817,9.772174
55838,9.978598
55859,9.9223
55880,9.955141
55901,9.98329
55922,9.964523
55943,10.02082
55964,10.12403
55985,10.19206
56006,10.07008
56027,10.04428
56048,10.03489
56069,10.02082
56090,9.934029
56111,9.957487
56132,9.973906
56153,9.955141
56174,9.90588
56195,10.13107
56216,10.05601
56237,9.917608
56258,10.11934
56279,9.919954
56300,10.03959
56321,10.0302
56342,9.971561
56363,9.955141
56384,9.926992
56405,9.90588
56426,10.14514
56447,10.18268
56468,10.02551
56489,9.969215
56510,10.10761
56531,9.917608
56552,10.04662
56573,10.0865
56594,10.00206
56615,10.02551
56636,10.06305
56657,10.10292
56678,10.15922
56699,10.06773
56720,10.1123
56741,10.11934
56762,10.03255
56783,10.05366
56804,10.11934
56825,10.12638
56846,10.2507
56867,10.1686
56888,10.20144
56909,10.18502
56930,10.14749
56951,10.16626
56972,10.17798
56993,10.26947
57014,10.20848
57035,10.18502
57056,10.30465
57077,10.1991
57098,10.23897
57119,10.25539
57140,10.23194
57161,10.25774
57182,10.21083
57203,10.21317
57224,10.20379
57245,10.15687
57266,10.09588
57287,10.25539
57308,10.25539
57329,10.22725
57350,10.307
57371,10.39614
57392,10.35626
57413,10.36799
57434,10.39145
57455,10.40552
57476,10.45947
57497,10.43367
57518,10.46416
57539,10.49231
57560,10.44774
57581,10.52046
57602,10.59787
57623,10.49935
57644,10.4712
57665,10.54626
57686,10.49231
57707,10.41256
57728,10.51108
57749,10.3891
57770,10.3328
57791,10.25305
57812,10.25305
57833,10.24601
57854,10.1991
57875,10.17564
57896,10.04428
57917,10.02082
57938,10.0607
57959,9.945757
57980,9.997364
58001,9.884768
58022,9.997364
58043,10.01144
58064,10.01378
58085,10.00909
58106,10.09823
58127,10.15218
58148,10.14514
58169,10.19441
58190,10.24366
58211,10.16156
58232,10.21083
58253,10.1686
58274,10.24132
58295,10.27181
58316,10.30231
58337,10.23897
58358,10.12638
58379,10.16156
58400,10.10996
58421,10.12169
58442,10.08416
58463,10.02082
58484,10.09354
58505,10.03724
58526,10.117
58547,10.10527
58568,10.02317
58589,9.80736
58610,9.948103
58631,9.959831
58652,9.622047
58673,9.643159
58694,9.727605
58715,9.690074
58736,9.518835
58757,9.568096
58778,9.593899
58799,9.575133
58820,9.387475
58841,9.544639
58862,9.603281
58883,9.530564
58904,9.460192
58925,9.54933
58946,9.51649
58967,9.401549
58988,9.38982
59009,9.410933
59030,9.403895
59051,9.591553
59072,9.58217
59093,9.35698
59114,9.490686
59135,9.504761
59156,9.30772
59177,9.27488
59198,9.40624
59219,9.399203
59240,9.235003
59261,9.155248
59282,9.251423
59303,9.202163
59324,9.01685
59345,9.176359
59366,9.246731
59387,9.2913
59408,9.105988
59429,9.244386
59450,9.249077
59471,9.155248
59492,9.270188
59513,9.188088
59534,9.124753
59555,9.2092
59576,9.256114
59597,9.256114
59618,9.263151
59639,9.24204
59660,9.235003
59681,9.108333
59702,9.136482
59723,9.183396
59744,9.122408
59765,9.145865
59786,9.188088
59807,9.145865
59828,9.157594
59849,9.166977
59870,9.164631
59891,9.120062
59912,9.136482
59933,9.152903
59954,9.272534
59975,9.253768
59996,9.237348
60017,9.244386
60038,9.164631
60059,9.227965
60080,9.218582
60101,9.218582
60122,9.183396
60143,9.211545
60164,9.270188
60185,9.232656
60206,9.181051
60227,9.310066
60248,9.24204
60269,9.087222
60290,9.188088
60311,9.09895
60332,9.124753
60353,9.113025
60374,9.056727
60395,9.028579
60416,9.169322
60437,9.117716
60458,9.13179
60479,9.110679
60500,9.052036
60521,9.145865
60542,9.075493
60563,9.080185
60584,9.267843
60605,9.328832
60626,9.213891
60647,9.342906
60668,9.338214
60689,9.211545
60710,9.19278
60731,9.324141
60752,9.446118
60773,9.41797
60794,9.396858
60815,9.415624
60836,9.453156
60857,9.448463
60878,9.577478
60899,9.537601
60920,9.568096
60941,9.493032
60962,9.490686
60983,9.432044
61004,9.349943
61025,9.382783
61046,9.333523
61067,9.497724
61088,9.626739
61109,9.460192
61130,9.443772
61151,9.572787
61172,9.378092
61193,9.497724
61214,9.652542
61235,9.683037
61256,9.485995
61277,9.471921
61298,9.685382
61319,9.694765
61340,9.683037
61361,9.659579
61382,9.718222
61403,9.917608
61424,9.840199
61445,9.882422
61466,9.945757
61487,9.847238
61508,9.926992
61529,9.948103
61550,9.887115
61571,9.877731
61592,9.919954
61613,9.985635
61634,10.03959
61655,10.12403
61676,10.13342
61697,10.19675
61718,10.1991
61739,10.2249
61760,10.20613
61781,10.18737
61802,10.23663
61823,10.25539
61844,10.36799
61865,10.32811
61886,10.36564
61907,10.32107
61928,10.29058
61949,10.26712
61970,10.37737
61991,10.28354
62012,10.53219
62033,10.39379
62054,10.48997
62075,10.35391
62096,10.26008
62117,10.32342
62138,10.36095
62159,10.3328
62180,10.43601
62201,10.38206
62222,10.33984
62243,10.37972
62264,10.51342
62285,10.43836
62306,10.497
62327,10.38441
62348,10.48528
62369,10.33046
62390,10.37972
62411,10.34922
62432,10.52046
62453,10.58614
62474,10.51342
62495,10.48997
62516,10.50639
62537,10.40083
62558,10.55799
62579,10.53453
62600,10.56972
62621,10.55565
62642,10.56972
62663,10.46885
62684,10.38206
62705,10.33749
62726,10.28823
62747,10.22725
62768,10.21786
62789,10.18737
62810,10.19206
62831,10.12403
62852,10.14045
62873,10.16626
62894,10.13107
62915,10.13342
62936,10.24836
62957,10.19675
62978,10.28823
62999,10.23428
63020,10.40787
63041,10.31873
63062,10.40552
63083,10.46885
63104,10.40552
63125,10.47824
63146,10.46416
63167,10.43132
63188,10.48058
63209,10.58849
63230,10.63071
63251,10.58145
63272,10.53453
63293,10.34453
63314,10.23897
63335,10.32107
63356,10.28823
63377,10.21786
63398,10.13576
63419,10.12638
63440,10.07477
63461,10.02317
63482,9.969215
63503,10.01378
63524,9.950449
63545,9.957487
63566,9.889461
63587,9.915263
63608,9.950449
63629,9.915263
63650,9.762791
63671,9.80736
63692,9.699456
63713,9.607973
63734,9.586862
63755,9.624393
63776,9.596244
63797,9.53291
63818,9.518835
63839,9.687728
63860,9.493032
63881,9.476612
63902,9.497724
63923,9.50007
63944,9.396858
63965,9.38982
63986,9.364017
64007,9.443772
64028,9.326486
64049,9.223273
64070,9.286609
64091,9.253768
64112,9.094258
64133,9.24204
64154,9.35698
64175,9.211545
64196,9.063765
64217,9.25846
64238,9.152903
64259,9.136482
64280,9.007467
64301,9.162285
64322,9.204508
64343,9.047344
64364,8.988701
64385,9.007467
64406,8.974627
64427,8.946478
64448,8.826846
64469,8.904256
64490,8.937096
64511,9.026234
64532,9.044999
64553,8.878452
64574,8.845612
64595,8.843266
64616,8.878452
64637,8.962898
64658,8.962898
64679,8.897219
64700,8.981664
64721,8.876106
64742,8.925366
64763,8.941787
64784,8.953515
64805,8.955861
64826,8.941787
64847,9.012158
64868,9.087222
64889,9.178705
64910,9.08253
64931,8.998084
64952,9.030925
64973,9.091913
64994,9.155248
65015,9.199817
65036,9.129445
65057,8.991047
65078,9.073148
65099,9.084876
65120,9.061419
65141,8.854995
65162,8.819809
65183,8.897219
65204,8.953515
65225,8.899564
65246,8.923021
65267,8.904256
65288,8.847958
65309,8.864378
65330,8.976973
65351,9.014504
65372,8.976973
65393,9.063765
65414,9.136482
65435,9.185742
65456,9.235003
65477,9.227965
65498,9.267843
65519,9.317103
65540,9.331178
65561,9.368709
65582,9.385129
65603,9.471921
65624,9.331178
65645,9.556367
65666,9.56575
65687,9.453156
65708,9.361671
65729,9.537601
65750,9.51649
65771,9.514144
65792,9.59859
65813,9.624393
65834,9.605627
65855,9.607973
65876,9.413278
65897,9.429698
65918,9.622047
65939,9.650196
65960,9.50007
65981,9.539948
66002,9.525873
66023,9.403895
66044,9.464884
66065,9.666616
66086,9.56575
66107,9.410933
66128,9.563404
66149,9.636122
66170,9.718222
66191,9.722914
66212,9.631431
66233,9.718222
66254,9.760445
66275,9.720568
66296,9.891806
66317,9.992672
66338,10.02082
66359,10.01378
66380,10.09354
66401,10.09354
66422,10.07243
66443,10.21317
66464,10.2249
66485,10.21083
66506,10.35391
66527,10.497
66548,10.35626
66569,10.29996
66590,10.35157
66611,10.40787
66632,10.55096
66653,10.59083
66674,10.44071
66695,10.57207
66716,10.4712
66737,10.47824
66758,10.51811
66779,10.46416
66800,10.42898
66821,10.44305
66842,10.29292
66863,10.44774
66884,10.37033
66905,10.37737
66926,10.24132
66947,10.20848
66968,10.2507
66989,10.30465
67010,10.44071
67031,10.35391
67052,10.35626
67073,10.34453
67094,10.24366
67115,10.117
67136,10.21552
67157,10.28823
67178,10.21786
67199,10.30935
67220,10.25305
67241,10.19206
67262,10.20848
67283,10.31404
67304,10.28589
67325,10.32342
67346,10.33984
67367,10.46416
67388,10.45009
67409,10.31638
67430,10.29527
67451,10.26478
67472,10.23663
67493,10.23897
67514,10.26947
67535,10.20848
67556,10.15218
67577,10.1123
67598,10.0607
67619,10.07712
67640,10.09119
67661,10.06539
67682,10.12403
67703,10.1123
67724,10.09823
67745,10.22959
67766,10.18033
67787,10.26243
67808,10.17798
67829,10.33515
67850,10.30465
67871,10.37737
67892,10.40083
67913,10.40552
67934,10.34453
67955,10.33749
67976,10.35391
67997,10.47355
68018,10.45478
68039,10.35157
68060,10.42194
68081,10.37268
68102,10.31169
68123,10.3891
68144,10.29058
68165,10.28823
68186,10.3328
68207,10.20848
68228,10.17564
68249,10.24132
68270,10.23663
68291,10.12638
68312,10.16391
68333,10.06539
68354,10.13576
68375,10.14749
68396,10.1123
68417,10.12403
68438,10.12638
68459,10.09119
68480,10.17564
68501,10.05835
68522,10.04897
68543,10.0044
68564,10.05366
68585,10.07712
68606,9.760445
68627,9.800323
68648,9.919954
68669,9.863657
68690,9.673654
68711,9.725259
68732,9.612664
68753,9.542293
68774,9.462538
68795,9.546985
68816,9.469575
68837,9.469575
68858,9.464884
68879,9.51649
68900,9.413278
68921,9.455501
68942,9.40624
68963,9.371055
68984,9.300683
69005,9.410933
69026,9.420315
69047,9.288955
69068,9.349943
69089,9.502416
69110,9.263151
69131,9.162285
69152,9.216236
69173,9.256114
69194,9.087222
69215,9.019196
69236,9.178705
69257,9.054381
69278,9.030925
69299,8.986356
69320,8.955861
69341,8.864378
69362,8.906601
69383,8.873761
69404,8.805735
69425,8.808081
69446,8.946478
69467,8.735363
69488,8.772895
69509,8.749437
69530,8.756474
69551,8.744746
69572,8.7424
69593,8.768204
69614,8.690794
69635,8.686103
69656,8.749437
69677,8.8245
69698,8.941787
69719,8.852649
69740,8.829192
69761,8.862032
69782,8.941787
69803,8.930058
69824,8.953515
69845,8.906601
69866,8.859686
69887,8.878452
69908,8.805735
69929,8.697831
69950,8.758821
69971,8.887836
69992,8.871415
70013,8.728326
70034,8.669683
70055,8.904256
70076,9.005121
70097,8.972281
70118,8.798697
70139,8.962898
70160,9.063765
70181,9.059073
70202,8.998084
70223,9.080185
70244,9.138828
70265,9.094258
70286,9.157594
70307,9.410933
70328,9.342906
70349,9.312411
70370,9.378092
70391,9.48834
70412,9.50007
70433,9.460192
70454,9.542293
70475,9.561059
70496,9.570441
70517,9.563404
70538,9.673654
70559,9.671308
70580,9.678345
70601,9.701802
70622,9.593899
70643,9.61501
70664,9.744025
70685,9.786248
70706,9.868348
70727,9.830817
70748,9.671308
70769,9.633776
70790,9.85662
70811,9.760445
70832,9.668962
70853,9.661925
70874,9.732296
70895,9.654888
70916,9.788594
70937,9.797977
70958,9.680691
70979,9.666616
71000,9.80736
71021,9.762791
71042,9.821435
71063,9.861312
71084,9.849584
71105,9.934029
71126,9.910572
71147,9.833163
71168,9.880077
71189,9.783903
71210,9.870694
71231,9.985635
71252,10.03959
71273,9.828471
71294,9.701802
71315,9.847238
71336,10.00675
71357,9.898843
71378,9.898843
71399,9.849584
71420,9.800323
71441,9.957487
71462,9.840199
71483,9.889461
71504,9.908226
71525,9.980944
71546,9.929338
71567,10.04428
71588,10.04662
71609,9.957487
71630,10.05835
71651,10.03255
71672,9.98798
71693,10.00909
71714,10.0302
71735,9.990326
71756,10.04897
71777,10.17095
71798,10.0607
71819,10.19441
71840,10.19206
71861,10.20379
71882,10.16156
71903,10.117
71924,10.17798
71945,10.16626
71966,10.27181
71987,10.33046
72008,10.34688
72029,10.2249
72050,10.20848
72071,10.3633
72092,10.37972
72113,10.50873
72134,10.4149
72155,10.37268
72176,10.41959
72197,10.50404
72218,10.42429
72239,10.56738
72260,10.60725
72281,10.56738
72302,10.57676
72323,10.51577
72344,10.53923
72365,10.37503
72386,10.34922
72407,10.32811
72428,10.31169
72449,10.26008
72470,10.28354
72491,10.17798
72512,10.19206
72533,10.09823
72554,10.15453
72575,10.13576
72596,10.14749
72617,10.17564
72638,10.15687
72659,10.10292
72680,10.18971
72701,10.21317
72722,10.27181
72743,10.20144
72764,10.24366
72785,10.19441
72806,10.29292
72827,10.34688
72848,10.2765
72869,10.31873
72890,10.1428
72911,10.10527
72932,10.07946
72953,10.0607
72974,10.07243
72995,10.117
73016,10.10058
73037,10.08885
73058,9.995018
73079,10.00909
73100,9.896498
73121,9.931683
73142,9.898843
73163,9.955141
73184,9.985635
73205,9.934029
73226,9.926992
73247,9.941067
73268,9.919954
73289,9.851928
73310,9.952795
73331,9.959831
73352,10.01613
73373,9.973906
73394,10.07477
73415,10.07946
73436,10.01613
73457,10.19206
73478,10.1428
73499,9.976252
73520,10.06305
73541,10.04662
73562,9.948103
73583,9.901189
73604,9.901189
73625,9.821435
73646,9.713531
73667,9.819089
73688,9.769828
73709,9.751062
73730,9.762791
73751,9.788594
73772,9.725259
73793,9.652542
73814,9.563404
73835,9.497724
73856,9.692419
73877,9.74637
73898,9.568096
73919,9.448463
73940,9.668962
73961,9.652542
73982,9.378092
74003,9.382783
74024,9.579824
74045,9.528218
74066,9.288955
74087,9.310066
74108,9.30772
74129,9.654888
74150,9.253768
74171,9.195126
74192,9.305374
74213,9.124753
74234,9.13179
74255,9.124753
74276,9.108333
74297,9.08253
74318,9.019196
74339,8.904256
74360,8.894873
74381,9.00043
74402,8.899564
74423,8.8245
74444,8.885489
74465,8.812772
74486,8.831537
74507,8.948824
74528,8.937096
74549,8.897219
74570,8.939441
74591,9.026234
74612,9.129445
74633,9.145865
74654,9.028579
74675,9.044999
74696,9.202163
74717,9.120062
74738,9.127099
74759,9.042653
74780,8.918329
74801,9.037962
74822,8.969935
74843,8.913638
74864,8.845612
74885,8.779932
74906,8.7424
74927,8.758821
74948,8.707214
74969,8.829192
74990,8.812772
75011,8.79166
75032,8.723634
75053,8.803389
75074,8.854995
75095,8.911292
75116,8.826846
75137,8.843266
75158,8.897219
75179,9.002776
75200,8.941787
75221,8.805735
75242,8.735363
75263,8.885489
75284,8.817463
75305,8.864378
75326,8.857341
75347,8.894873
75368,8.930058
75389,8.873761
75410,8.782278
75431,8.789314
75452,8.69314
75473,8.765858
75494,8.777586
75515,8.700177
75536,8.817463
75557,9.009813
75578,8.794006
75599,8.768204
75620,8.737708
75641,8.899564
75662,8.974627
75683,8.930058
75704,8.986356
75725,9.136482
75746,9.2092
75767,9.375746
75788,9.310066
75809,9.265497
75830,9.439081
75851,9.546985
75872,9.546985
75893,9.485995
75914,9.61501
75935,9.720568
75956,9.833163
75977,9.941067
75998,10.03255
76019,9.926992
76040,10.04897
76061,10.18502
76082,10.26947
76103,10.19675
76124,10.18268
76145,10.17798
76166,10.35157
76187,10.45713
76208,10.37737
76229,10.35626
76250,10.20848
76271,10.23897
76292,10.30231
76313,10.41725
76334,10.40317
76355,10.37503
76376,10.31169
76397,10.38441
76418,10.33046
76439,10.4149
76460,10.30935
76481,10.25539
76502,10.26478
76523,10.48058
76544,10.40552
76565,10.46416
76586,10.33515
76607,10.47824
76628,10.45713
76649,10.53219
76670,10.54861
76691,10.59083
76712,10.62836
76733,10.61664
76754,10.61898
76775,10.45244
76796,10.55096
76817,10.56738
76838,10.63306
76859,10.59083
76880,10.70812
76901,10.67762
76922,10.56972
76943,10.5275
76964,10.50404
76985,10.65651
77006,10.76676
77027,10.76207
77048,10.73392
77069,10.72923
77090,10.63306
77111,10.64244
77132,10.64478
77153,10.60256
77174,10.56503
77195,10.42194
77216,10.33984
77237,10.12872
77258,10.04193
77279,10.04428
77300,9.957487
77321,9.884768
77342,9.868348
77363,9.9223
77384,9.945757
77405,9.85662
77426,9.858966
77447,9.894152
77468,10.00206
77489,9.941067
77510,9.995018
77531,10.04193
77552,10.09823
77573,10.16626
77594,10.20144
77615,10.26478
77636,10.19675
77657,10.21786
77678,10.26712
77699,10.29292
77720,10.37033
77741,10.26008
77762,10.17564
77783,10.24601
77804,10.27181
77825,10.33984
77846,10.23194
77867,10.09119
77888,10.04428
77909,10.01613
77930,9.959831
77951,9.910572
77972,9.868348
77993,9.690074
78014,9.619701
78035,9.652542
78056,9.561059
78077,9.392166
78098,9.279572
78119,9.364017
78140,9.246731
78161,9.342906
78182,9.2092
78203,9.277225
78224,9.183396
78245,9.27488
78266,9.174014
78287,9.249077
78308,9.185742
78329,9.225619
78350,9.286609
78371,9.218582
78392,9.253768
78413,9.195126
78434,9.190434
78455,9.195126
78476,9.136482
78497,9.101295
78518,9.178705
78539,9.108333
78560,9.014504
78581,9.056727
78602,9.115371
78623,8.93475
78644,8.925366
78665,9.059073
78686,9.197471
78707,9.012158
78728,9.150557
78749,9.143519
78770,9.084876
78791,9.15994
78812,9.134136
78833,9.080185
78854,9.113025
78875,8.976973
78896,8.991047
78917,8.920675
78938,8.899564
78959,8.925366
78980,8.817463
79001,8.815118
79022,8.859686
79043,8.890181
79064,8.897219
79085,8.801044
79106,8.754128
79127,8.887836
79148,8.897219
79169,8.866723
79190,8.904256
79211,8.894873
79232,8.890181
79253,8.986356
79274,9.054381
79295,8.944133
79316,8.852649
79337,9.023888
79358,9.073148
79379,9.066111
79400,9.080185
79421,9.115371
79442,9.028579
79463,8.955861
79484,9.040307
79505,9.096604
79526,8.998084
79547,8.969935
79568,8.991047
79589,8.969935
79610,8.918329
79631,8.772895
79652,8.817463
79673,8.761166
79694,8.786969
79715,8.700177
79736,8.538322
79757,8.500791
79778,8.545359
79799,8.615731
79820,8.547705
79841,8.460913
79862,8.491407
79883,8.573507
79904,8.704868
79925,8.859686
79946,8.786969
79967,8.662645
79988,8.885489
80009,8.981664
80030,8.988701
80051,8.878452
80072,8.880798
80093,8.913638
80114,8.885489
80135,8.920675
80156,9.141173
80177,9.021542
80198,9.237348
80219,9.319448
80240,9.335869
80261,9.497724
80282,9.507107
80303,9.408587
80324,9.518835
80345,9.61501
80366,9.64785
80387,9.753407
80408,9.931683
80429,9.889461
80450,9.889461
80471,9.995018
80492,10.10527
80513,10.03489
80534,10.30465
80555,10.31404
80576,10.23663
80597,10.2507
80618,10.19675
80639,10.36095
80660,10.48293
80681,10.37972
80702,10.30935
80723,10.40317
80744,10.39848
80765,10.68232
80786,10.62133
80807,10.52281
80828,10.43601
80849,10.37268
80870,10.4149
80891,10.37268
80912,10.28589
80933,10.27885
80954,10.31404
80975,10.12872
80996,10.17798
81017,10.23897
81038,10.37033
81059,9.997364
81080,10.12638
81101,10.22959
81122,10.09119
81143,10.14749
81164,10.18971
81185,10.08181
81206,9.973906
81227,10.05132
81248,10.0044
81269,9.898843
81290,9.85662
81311,9.722914
81332,9.729951
81353,9.626739
81374,9.762791
81395,9.729951
81416,9.704147
81437,9.575133
81458,9.589207
81479,9.711185
81500,9.809706
81521,9.812052
81542,9.786248
81563,9.90588
81584,9.866002
81605,9.891806
81626,9.866002
81647,9.903535
81668,9.830817
81689,9.908226
81710,9.948103
81731,10.0607
81752,9.887115
81773,9.964523
81794,10.06305
81815,10.01613
81836,10.16156
81857,10.14984
81878,10.1991
81899,10.13342
81920,10.09588
81941,10.10058
81962,10.06539
81983,10.09823
82004,9.962177
82025,9.889461
82046,9.795631
82067,9.711185
82088,9.842546
82109,9.687728
82130,9.59859
82151,9.584516
82172,9.525873
82193,9.539948
82214,9.617355
82235,9.59859
82256,9.699456
82277,9.741679
82298,9.866002
82319,9.952795
82340,9.896498
82361,9.934029
82382,9.971561
82403,10.08885
82424,10.22255
82445,10.20379
82466,10.22959
82487,10.22725
82508,10.15218
82529,10.18268
82550,10.18033
82571,10.26243
82592,10.26008
82613,10.25305
82634,10.16391
82655,10.12169
82676,10.18737
82697,10.09354
82718,10.17095
82739,10.09823
82760,10.117
82781,9.98329
82802,9.985635
82823,9.943413
82844,9.877731
82865,9.875386
82886,9.938721
82907,9.751062
82928,9.788594
82949,9.704147
82970,9.805015
82991,9.819089
83012,9.765137
83033,9.713531
83054,9.809706
83075,9.884768
83096,9.814397
83117,9.535255
83138,9.668962
83159,9.863657
83180,9.589207
83201,9.603281
83222,9.661925
83243,9.612664
83264,9.697111
83285,9.551676
83306,9.373401
83327,9.441426
83348,9.455501
83369,9.415624
83390,9.303029
83411,9.319448
83432,9.312411
83453,9.244386
83474,9.155248
83495,9.321795
83516,9.253768
83537,9.054381
83558,9.148211
83579,9.272534
83600,9.105988
83621,9.117716
83642,9.211545
83663,9.089567
83684,9.169322
83705,8.981664
83726,9.014504
83747,8.981664
83768,9.037962
83789,8.894873
83810,8.918329
83831,8.786969
83852,8.819809
83873,8.925366
83894,8.90191
83915,8.822155
83936,8.817463
83957,8.836229
83978,8.913638
83999,8.953515
84020,8.8245
84041,8.747091
84062,8.866723
84083,8.908947
84104,8.908947
84125,8.904256
84146,8.873761
84167,8.854995
84188,8.998084
84209,8.913638
84230,9.063765
84251,8.995738
84272,9.040307
84293,8.998084
84314,9.061419
84335,9.148211
84356,9.206854
84377,9.206854
84398,9.075493
84419,9.089567
84440,9.134136
84461,8.899564
84482,8.944133
84503,8.883143
84524,8.688448
84545,8.782278
84566,8.90191
84587,8.777586
84608,8.754128
84629,8.758821
84650,8.79166
84671,8.761166
84692,8.833883
84713,9.028579
84734,9.030925
84755,9.035616
84776,9.056727
84797,9.181051
84818,9.239694
84839,9.213891
84860,9.342906
84881,9.267843
84902,9.270188
84923,9.441426
84944,9.394512
84965,9.469575
84986,9.321795
85007,9.380438
85028,9.420315
85049,9.439081
85070,9.469575
85091,9.460192
85112,9.495378
85133,9.41797
85154,9.352288
85175,9.190434
85196,9.35698
85217,9.310066
85238,9.143519
85259,9.169322
85280,9.232656
85301,9.2092
85322,9.035616
85343,9.01685
85364,9.091913
85385,9.129445
85406,9.256114
85427,9.260805
85448,9.138828
85469,9.25846
85490,9.30772
85511,9.420315
85532,9.394512
85553,9.401549
85574,9.53291
85595,9.450809
85616,9.521181
85637,9.633776
85658,9.638468
85679,9.690074
85700,9.729951
85721,9.631431
85742,9.600936
85763,9.572787
85784,9.753407
85805,9.722914
85826,9.732296
85847,9.577478
85868,9.596244
85889,9.640813
85910,9.788594
85931,9.584516
85952,9.497724
85973,9.521181
85994,9.577478
86015,9.509453
86036,9.633776
86057,9.636122
86078,9.50007
86099,9.415624
86120,9.579824
86141,9.58217
86162,9.469575
86183,9.556367
86204,9.624393
86225,9.805015
86246,9.720568
86267,9.690074
86288,9.751062
86309,9.760445
86330,9.835509
86351,9.765137
86372,9.926992
86393,9.828471
86414,10.01144
86435,9.973906
86456,10.01378
86477,10.07946
86498,10.03959
86519,10.12169
86540,10.07477
86561,10.1428
86582,10.0607
86603,10.04428
86624,10.05366
86645,10.17095
86666,10.24601
86687,10.18268
86708,10.117
86729,9.98329
86750,10.13811
86771,10.18033
86792,10.22959
86813,10.07946
86834,10.18737
86855,10.17798
86876,10.26947
86897,10.22021
86918,10.14749
86939,10.04897
86960,9.950449
86981,9.912917
87002,9.945757
87023,9.884768
87044,9.87304
87065,9.875386
87086,9.882422
87107,9.875386
87128,9.891806
87149,9.950449
87170,9.934029
87191,9.957487
87212,10.06305
87233,10.02082
87254,10.05601
87275,10.1123
87296,10.18268
87317,10.14045
87338,10.19206
87359,10.33984
87380,10.26243
87401,10.22725
87422,10.21786
87443,10.18268
87464,10.28354
87485,10.32576
87506,10.40787
87527,10.50639
87548,10.48762
87569,10.43601
87590,10.35626
87611,10.31404
87632,10.40552
87653,10.42898
87674,10.35861
87695,10.25774
87716,10.12638
87737,10.17564
87758,10.0302
87779,10.00909
87800,10.13107
87821,10.05835
87842,10.06305
87863,10.19675
87884,10.13811
87905,9.924646
87926,10.03959
87947,10.117
87968,10.1428
87989,10.18737
88010,10.33515
88031,10.29058
88052,10.2812
88073,10.25774
88094,10.30935
88115,10.34453
88136,10.51811
88157,10.53219
88178,10.39379
88199,10.42898
88220,10.52046
88241,10.33984
88262,10.33984
88283,10.27416
88304,10.21786
88325,10.21317
88346,10.32811
88367,10.23897
88388,10.01378
88409,9.957487
88430,9.898843
88451,9.760445
88472,9.650196
88493,9.629085
88514,9.633776
88535,9.422661
88556,9.399203
88577,9.493032
88598,9.385129
88619,9.267843
88640,9.331178
88661,9.321795
88682,9.185742
88703,9.152903
88724,9.270188
88745,9.288955
88766,9.105988
88787,9.195126
88808,9.328832
88829,9.176359
88850,9.152903
88871,9.183396
88892,9.281918
88913,9.178705
88934,9.012158
88955,9.141173
88976,9.195126
88997,9.127099
89018,8.993393
89039,8.988701
89060,8.955861
89081,9.005121
89102,9.103642
89123,9.077839
89144,9.096604
89165,9.213891
89186,9.166977
89207,9.195126
89228,9.185742
89249,9.216236
89270,9.169322
89291,9.25846
89312,9.23031
89333,9.279572
89354,9.124753
89375,9.23031
89396,9.117716
89417,9.178705
89438,9.084876
89459,9.091913
89480,9.08253
89501,9.070802
89522,9.091913
89543,9.127099
89564,9.169322
89585,9.120062
89606,9.19278
89627,9.213891
89648,9.244386
89669,9.225619
89690,9.185742
89711,9.178705
89732,9.202163
89753,9.23031
89774,9.218582
89795,9.204508
89816,9.185742
89837,9.113025
89858,9.169322
89879,9.288955
89900,9.237348
89921,9.235003
89942,9.232656
89963,9.164631
89984,9.263151
90005,9.239694
90026,9.270188
90047,9.070802
90068,9.145865
90089,9.056727
90110,8.993393
90131,9.084876
90152,9.091913
90173,8.899564
90194,8.8245
90215,8.829192
90236,8.876106
90257,8.880798
90278,8.850304
90299,8.873761
90320,8.79166
90341,8.8245
90362,9.005121
90383,9.129445
90404,9.019196
90425,9.002776
90446,9.188088
90467,9.023888
90488,9.190434
90509,9.441426
90530,9.359325
90551,9.51649
90572,9.751062
90593,9.680691
90614,9.577478
90635,9.650196
90656,9.781557
90677,9.603281
90698,9.666616
90719,9.797977
90740,9.779211
90761,9.762791
90782,9.619701
90803,9.568096
90824,9.678345
90845,9.636122
90866,9.54933
90887,9.50007
90908,9.561059
90929,9.51649
90950,9.471921
90971,9.446118
90992,9.425007
91013,9.382783
91034,9.485995
91055,9.507107
91076,9.450809
91097,9.446118
91118,9.640813
91139,9.713531
91160,9.739333
91181,9.708839
91202,9.680691
91223,9.729951
91244,9.79094
91265,9.823779
91286,9.950449
91307,10.09119
91328,10.07008
91349,9.912917
91370,10.04428
91391,10.24601
91412,10.05601
91433,9.971561
91454,10.12169
91475,10.09588
91496,10.03489
91517,10.02317
91538,10.0302
91559,10.03255
91580,10.03255
91601,10.01378
91622,9.999709
91643,9.992672
91664,10.07243
91685,10.07243
91706,10.02786
91727,10.09823
91748,10.05366
91769,10.00675
91790,10.08885
91811,10.01378
91832,10.06305
91853,9.969215
91874,9.934029
91895,9.915263
91916,9.964523
91937,9.941067
91958,9.952795
91979,9.964523
92000,9.887115
92021,9.945757
92042,9.959831
92063,10.03255
92084,9.973906
92105,10.02551
92126,10.10527
92147,10.13107
92168,10.10996
92189,10.09119
92210,10.10058
92231,10.09588
92252,10.19206
92273,10.21786
92294,10.14984
92315,10.19206
92336,10.13811
92357,10.10996
92378,10.21317
92399,10.36799
92420,10.40787
92441,10.40787
92462,10.35861
92483,10.30465
92504,10.26243
92525,10.27885
92546,10.32342
92567,10.28823
92588,10.26947
92609,10.27416
92630,10.26947
92651,10.25774
92672,10.27416
92693,10.21552
92714,10.27416
92735,10.25539
92756,10.23428
92777,10.32342
92798,10.24601
92819,10.37033
